# Avida Average Data
# Mon Jan 16 15:48:54 2017
#  1: Update
#  2: Merit
#  3: Gestation Time
#  4: Fitness
#  5: Repro Rate?
#  6: (deprecated) Size
#  7: Copied Size
#  8: Executed Size
#  9: (deprecated) Abundance
# 10: Proportion of organisms that gave birth in this update
# 11: Proportion of Breed True Organisms
# 12: (deprecated) Genotype Depth
# 13: Generation
# 14: Neutral Metric
# 15: Lineage Label
# 16: True Replication Rate (based on births/update, time-averaged)

0 97 389 0 0 0 100 97 0 1 1 0 0 0 0 0 
100 97 389 0 0 0 100 97 0 0 0 0 0 0 0 0 
200 97 389 0 0 0 100 97 0 0 0 0 0 0 0 0 
300 97 389 0 0 0 100 97 0 0 0 0 0 0 0 0 
400 97 389 0.249357 0 0 100 97 0 0 0 0 1 -0.0566997 0 0 
500 97 389 0.249357 0 0 100 97 0 0 0 0 1 -0.0566997 0 0.291 
600 97 389 0.249357 0 0 100 97 0 0 0 0 1 -0.0566997 0 0.097 
700 97 389 0.249357 0 0 100 97 0 0 0 0 1 -0.0566997 0 0.097 
800 97 389 0.249357 0 0 100 97 0 0 0 0 2 0.792782 0 0.210167 
900 97 389 0.249357 0 0 100 97 0 0 0 0 2 0.792782 0 0.113167 
1000 97 389 0.249357 0 0 100 97 0 0 0 0 2 0.792782 0 0.113167 
1100 97 389 0.249357 0 0 100 97 0 0 0 0 2 0.792782 0 0.113167 
1200 97 388.714 0.249541 0 0 100 97 0 0 0 0 2.85714 1.38837 0 0.212014 
1300 97 388.75 0.249518 0 0 100 97 0 0 0 0 3 1.08148 0 0.123098 
1400 97 388.75 0.249518 0 0 100 97 0 0 0 0 3 1.08148 0 0.123098 
1500 97 388.75 0.249518 0 0 100 97 0 0 0 0 3 1.08148 0 0.123098 
1600 97.2857 389.857 0.249541 0 0 100.143 97.2857 0 0 0 0 3.85714 1.31707 0 0.226846 
1700 97.25 389.625 0.249598 0 0 100.125 97.25 0 0 0 0 4 0.768007 0 0.153124 
1800 97.25 389.625 0.249598 0 0 100.125 97.25 0 0 0 0 4 0.768007 0 0.128874 
1900 96.4 388.7 0.247994 0 0 100.15 96.4 0 0.05 0 0 4.4 1.28941 0 0.160504 
2000 96.8571 389.643 0.248566 0 0 100.321 96.8571 0 0 0 0 4.92857 1.25418 0 0.24925 
2100 97.1034 389.586 0.249241 0 0 100.31 97.1034 0 0 0 0 5 0.91123 0 0.158878 
2200 97.1034 389.586 0.249241 0 0 100.31 97.1034 0 0 0 0 5 0.91123 0 0.133753 
2300 97.2973 390.054 0.249436 0 0 100.459 97.2973 0 0 0 0 5.48649 1.51676 0 0.186627 
2400 97.383 390.319 0.249482 0 0 100.511 97.383 0 0 0 0 5.89362 0.993452 0 0.219225 
2500 97.383 390.362 0.249454 0 0 100.511 97.383 0 0 0 0 5.93617 0.901313 0 0.138767 
2600 97.383 390.362 0.249454 0 0 100.511 97.383 0 0 0 0 5.93617 0.901313 0 0.12539 
2700 97.7193 391.14 0.249818 0 0 100.684 97.7193 0 0 0 0 6.45614 1.49441 0 0.180746 
2800 97.8714 391.4 0.250041 0 0 100.857 97.8714 0 0 0 0 6.9 1.41093 0 0.188812 
2900 97.8714 391.414 0.250032 0 0 100.857 97.8714 0 0 0 0 6.92857 1.29843 0 0.130177 
3000 96.493 388.437 0.247784 0 0 100.127 96.493 0 0 0 0 6.95775 1.29194 0 0.124607 
3100 96.9545 390.307 0.247889 0 0 100.67 96.9545 0 0 0 0 7.60227 1.80158 0 0.193965 
3200 97.0408 390.082 0.248301 0 0 100.643 97.0408 0 0 0 0 7.87755 1.73434 0 0.18443 
3300 97.0505 390.101 0.248318 0 0 100.646 97.0505 0 0 0 0 7.91919 1.59356 0 0.131352 
3400 97.03 389.98 0.248348 0 0 100.62 97.03 0 0 0 0 7.94 1.56258 0 0.1277 
3500 97.4701 392.991 0.247663 0 0 100.94 97.4701 0 0 0 0 8.58974 1.96766 0 0.201544 
3600 97.2481 392.158 0.247661 0 0 100.865 97.2481 0 0 0 0 8.87218 1.59435 0 0.17392 
3700 97.2481 392.158 0.247661 0 0 100.865 97.2481 0 0 0 0 8.88722 1.50216 0 0.131023 
3800 97.2044 392.124 0.247587 0 0 100.92 97.2044 0 0.00729927 0.00729927 0 9.0438 1.6449 0 0.137644 
3900 97.9013 393.77 0.248384 0 0 101.711 97.9013 0 0 0 0 9.65789 1.9893 0 0.201896 
4000 97.5939 392.939 0.248137 0 0 101.588 97.5939 0 0 0 0 9.87273 1.57094 0 0.162424 
4100 97.5939 392.915 0.248153 0 0 101.588 97.5939 0 0 0 0 9.88485 1.57205 0 0.121873 
4200 97.6235 392.859 0.248271 0 0 101.6 97.6235 0 0 0 0 10.0529 1.69814 0 0.135323 
4300 97.3542 397.422 0.245792 0 0 102.245 98.3438 0 0 0 0 10.6042 1.75149 0 0.185845 
4400 97.1618 394.779 0.246317 0 0 102.172 97.6275 0 0.00490196 0 0 10.8431 1.50235 0 0.154792 
4500 97.2108 394.843 0.246405 0 0 102.176 97.6765 0 0 0 0 10.8578 1.47788 0 0.121512 
4600 97.3839 393.142 0.247333 0 0 101.725 97.3839 0 0.00947867 0.00473934 0 11.0711 1.44457 0 0.142879 
4700 98.075 395.312 0.247742 0 0 102.267 98.075 0 0 0 0 11.6042 1.62231 0 0.196487 
4800 97.6813 394.359 0.247287 0 0 101.96 97.6813 0 0 0 0 11.8127 1.34758 0 0.164056 
4900 97.5675 394.286 0.247037 0 0 101.976 97.5675 0 0 0 0 11.8333 1.33529 0 0.132796 
5000 97.5271 394.372 0.246894 0 0 102.062 97.5271 0 0 0 0 12.0698 1.41819 0 0.154286 
5100 97.5808 395.811 0.245963 0 0 102.433 97.5808 0 0 0 0 12.6564 1.68932 0 0.196533 
5200 97.6379 396.897 0.245875 0 0 102.734 97.9236 0 0 0 0 12.8106 1.59086 0 0.150411 
5300 97.7599 397.888 0.24575 0 0 102.931 98.0428 0 0.00328947 0 0 12.8553 1.48069 0 0.123653 
5400 98.0857 398.66 0.246014 0 0 103.072 98.3679 0 0.00314465 0 0 13.1321 1.70077 0 0.148094 
5500 98.4162 399.02 0.246665 0 0 103.188 98.6763 0 0 0 0 13.604 1.76315 0 0.18111 
5600 98.3866 398.79 0.246652 0 0 103.008 98.6555 0 0 0 0 13.7983 1.66934 0 0.14154 
5700 98.1878 398.528 0.246307 0 0 102.994 98.453 0 0 0 0 13.8508 1.55345 0 0.126417 
5800 97.5718 398.394 0.24457 0 0 102.846 97.8324 0 0.00265957 0 0 14.1702 1.69895 0 0.154529 
5900 98.4195 399.402 0.246136 0 0 103.149 98.6634 0 0 0 0 14.6829 1.60328 0 0.187983 
6000 98.1885 399.632 0.245579 0 0 103.193 98.599 0 0 0 0 14.8043 1.47366 0 0.150161 
6100 98.059 399.528 0.2453 0 0 103.212 98.4646 0 0.00235849 0 0 14.8679 1.40743 0 0.132399 
6200 98.3169 400.326 0.245353 0 0 103.465 98.6494 0 0 0 0 15.2674 1.46391 0 0.167687 
6300 98.6548 401.051 0.245659 0 0 103.564 98.8732 0 0.00211416 0 0 15.7209 1.4793 0 0.188951 
6400 98.4621 401.324 0.245172 0 0 103.6 98.8672 0 0 0 0 15.8278 1.44709 0 0.143692 
6500 98.2077 400.717 0.244928 0 0 103.639 98.6066 0 0 0 0 15.9139 1.48951 0 0.136163 
6600 98.7976 401.344 0.245884 0 0 104.043 99.0058 0 0.00193424 0 0 16.3037 1.38708 0 0.174201 
6700 99.3497 402.364 0.246732 0 0 104.353 99.5519 0 0.00182149 0.00182149 0 16.6849 1.15391 0 0.18177 
6800 99.061 402.311 0.246107 0 0 104.298 99.4255 0 0 0 0 16.7882 1.06019 0 0.142749 
6900 99.1279 403.275 0.245894 0 0 104.542 99.6483 0 0.0035524 0 0 16.8828 0.967147 0 0.138984 
7000 99.0797 403.339 0.245662 0 0 104.706 99.5789 0 0 0 0 17.2852 0.811947 0 0.174489 
7100 99.6169 404.558 0.246198 0 0 104.951 100.021 0 0.00158479 0 0 17.6498 0.930701 0 0.175779 
7200 99.581 405.106 0.245884 0 0 105.081 100.052 0 0 0 0 17.7637 0.86059 0 0.141441 
7300 99.3729 404.915 0.2455 0 0 105.025 99.9088 0 0 0 0 17.8686 0.919337 0 0.136723 
7400 99.3664 404.225 0.245598 0 0 105.062 99.743 0 0.00734214 0.00146843 0 18.3231 0.787208 0 0.174141 
7500 99.9783 407.899 0.245352 0 0 105.678 100.622 0 0 0 0 18.6471 0.818899 0 0.170353 
7600 99.9167 409.372 0.244939 0 0 105.718 100.55 0 0.00275482 0 0 18.7672 0.681839 0 0.141353 
7700 99.9531 408.852 0.245309 0 0 105.557 100.514 0 0.0013587 0 0 18.894 0.813709 0 0.138865 
7800 100.206 408.731 0.245929 0 0 105.642 100.647 0 0.00519481 0.0025974 0 19.2727 0.850761 0 0.171602 
7900 100.562 409.604 0.246091 0 0 106.032 101.092 0 0 0 0 19.6137 0.8383 0 0.168047 
8000 100.958 411.48 0.24598 0 0 106.568 101.479 0 0 0 0 19.7295 0.622456 0 0.142516 
8100 100.845 410.669 0.246184 0 0 106.429 101.328 0 0 0 0 19.868 0.657021 0 0.141404 
8200 100.679 409.005 0.246474 0 0 106.111 100.93 0 0 0 0 20.2538 0.638994 0 0.170241 
8300 100.906 410.136 0.246572 0 0 106.26 101.383 0 0.00223214 0 0 20.5826 0.638102 0 0.170431 
8400 101.115 411.062 0.246578 0 0 106.585 101.613 0 0.00220751 0 0 20.7296 0.573196 0 0.143109 
8500 100.875 410.687 0.246207 0 0 106.426 101.365 0 0.00217865 0 0 20.8911 0.600711 0 0.143435 
8600 100.588 410.769 0.245687 0 0 106.337 101.24 0 0.0052687 0.00105374 0 21.2719 0.619086 0 0.169352 
8700 100.937 410.582 0.246344 0 0 106.517 101.378 0 0.0020141 0 0 21.575 0.719553 0 0.167667 
8800 101.136 411.239 0.246213 0 0 106.733 101.444 0 0.000995025 0 0 21.7005 0.69371 0 0.142088 
8900 100.892 411.121 0.246106 0 0 106.627 101.161 0 0.000981354 0.000981354 0 21.9205 0.698135 0 0.14793 
9000 101.141 411.758 0.246434 0 0 106.763 101.492 0 0.00095511 0 0 22.2569 0.656968 0 0.16906 
9100 101.373 412.036 0.246665 0 0 106.825 101.69 0 0.00184502 0 0 22.571 0.601872 0 0.16857 
9200 101.466 411.954 0.246915 0 0 106.812 101.661 0 0.000914913 0 0 22.6898 0.592734 0 0.143794 
9300 101.23 411.565 0.246585 0 0 106.781 101.443 0 0 0 0 22.8733 0.530164 0 0.148828 
9400 101.474 412.921 0.246486 0 0 107.032 101.824 0 0.00174672 0 0 23.221 0.60213 0 0.16472 
9500 101.602 414.629 0.246012 0 0 107.364 102.219 0 0 0 0 23.5347 0.631452 0 0.162623 
9600 101.629 415.582 0.245684 0 0 107.509 102.395 0 0.00083612 0 0 23.663 0.657187 0 0.13969 
9700 101.719 416.18 0.245583 0 0 107.745 102.502 0 0.000819672 0.000819672 0 23.8582 0.585673 0 0.147768 
9800 101.939 416.207 0.246078 0 0 107.701 102.707 0 0.00240192 0.00160128 0 24.1986 0.607574 0 0.162992 
9900 102.211 418.267 0.245876 0 0 108.125 103.414 0 0.000780031 0 0 24.4836 0.539149 0 0.159543 
10000 101.914 418.373 0.244963 0 0 108.166 103.108 0 0 0 0 24.6173 0.485089 0 0.142219 
10100 101.764 418.075 0.245032 0 0 108.105 102.866 0 0.00225904 0.00150602 0 24.8351 0.359398 0 0.147324 
10200 102.333 417.824 0.2466 0 0 108.07 102.755 0 0.00221076 0.00073692 0 25.1783 0.345744 0 0.163689 
10300 102.614 419.874 0.246077 0 0 108.496 103.21 0 0.00143885 0 0 25.4439 0.409403 0 0.160799 
10400 102.745 420.321 0.246036 0 0 108.637 103.313 0 0 0 0 25.6 0.35683 0 0.144939 
10500 102.385 419.756 0.245263 0 0 108.577 103.179 0 0.00278358 0.000695894 0 25.8003 0.287206 0 0.147971 
10600 102.859 421.49 0.245648 0 0 108.891 103.793 0 0 0 0 26.1284 0.188663 0 0.163651 
10700 103.11 422.688 0.245579 0 0 109.128 104.106 0 0 0 0 26.4098 0.322232 0 0.157525 
10800 103.118 423.709 0.244928 0 0 109.261 104.361 0 0.00131579 0 0 26.5776 0.248031 0 0.143905 
10900 103.12 423.47 0.244911 0 0 109.216 104.261 0 0.00322997 0.000645995 0 26.7765 0.273787 0 0.146019 
11000 103.064 422.669 0.245213 0 0 109.283 104.361 0 0.00507614 0.00126904 0 27.0964 0.222841 0 0.158761 
11100 103.752 424.217 0.245783 0 0 109.864 104.894 0 0.00124146 0 0 27.3861 0.328903 0 0.156317 
11200 103.849 424.122 0.245961 0 0 109.957 104.9 0 0.00122926 0.000614628 0 27.5476 0.291406 0 0.141776 
11300 103.959 424.14 0.246101 0 0 109.981 104.84 0 0.00241692 0 0 27.7577 0.249935 0 0.143758 
11400 104.343 425.565 0.246457 0 0 110.414 105.312 0 0.000593824 0 0 28.0576 0.279382 0 0.157314 
11500 105.073 425.414 0.248047 0 0 110.416 105.147 0 0.00174014 0 0 28.3463 0.338382 0 0.158115 
11600 105.413 427.462 0.248006 0 0 110.732 105.694 0 0.00114416 0.000572082 0 28.5561 0.294561 0 0.149223 
11700 105.4 427.653 0.247824 0 0 110.757 105.588 0 0.00112486 0.00056243 0 28.7199 0.199789 0 0.15034 
11800 105.389 426.181 0.248506 0 0 110.466 105.344 0 0.00441258 0.00110314 0 29.0132 0.247378 0 0.161494 
11900 104.707 425.152 0.247325 0 0 110.418 105.193 0 0.00162338 0.000541126 0 29.2879 0.192301 0 0.159616 
12000 105.082 426.837 0.247084 0 0 111.027 105.693 0 0.00320342 0.000533903 0 29.5141 0.19339 0 0.151732 
12100 104.841 426.077 0.247108 0 0 110.738 105.514 0 0.00315789 0 0 29.6853 0.138196 0 0.144633 
12200 104.844 425.048 0.24766 0 0 110.573 105.379 0 0.00103466 0.00103466 0 29.9803 0.122966 0 0.158924 
12300 104.8 425.305 0.247371 0 0 110.61 105.301 0 0.00305499 0.00152749 0 30.25 0.26273 0 0.157455 
12400 104.934 426.358 0.247076 0 0 110.936 105.447 0 0 0 0 30.4527 0.281007 0 0.149889 
12500 105.002 426.004 0.247612 0 0 110.871 105.13 0 0 0 0 30.6356 0.225698 0 0.144633 
12600 104.666 425.032 0.247372 0 0 110.556 104.848 0 0.00242718 0.000485437 0 30.9049 0.148446 0 0.156858 
12700 105.078 427.005 0.247526 0 0 110.979 105.453 0 0.00238777 0.000477555 0 31.1757 0.352566 0 0.158027 
12800 105.129 427.961 0.247184 0 0 111.094 105.621 0 0.00141176 0 0 31.3944 0.347478 0 0.151581 
12900 105.339 429.549 0.246618 0 0 111.451 105.934 0 0.000930665 0.000930665 0 31.5817 0.32635 0 0.149546 
13000 104.775 428.78 0.245737 0 0 111.318 105.723 0 0.00229253 0.000917011 0 31.8331 0.257405 0 0.156342 
13100 104.928 429.454 0.245712 0 0 111.395 105.933 0 0.00134953 0.000449843 0 32.1228 0.367232 0 0.159942 
13200 105.169 430.444 0.245593 0 0 111.563 106.05 0 0.00221337 0.000442674 0 32.3634 0.440348 0 0.152352 
13300 105.104 429.633 0.245594 0 0 111.434 105.782 0 0.00175131 0 0 32.5363 0.437216 0 0.147752 
13400 105.214 430.584 0.245497 0 0 111.694 106.016 0 0.000862441 0.00043122 0 32.7814 0.331088 0 0.15319 
13500 105.296 431.433 0.245296 0 0 111.889 106.264 0 0.000849979 0.000424989 0 33.0612 0.379723 0 0.156805 
13600 105.476 432.46 0.245223 0 0 112.072 106.559 0 0.000417188 0.000417188 0 33.2908 0.544135 0 0.149647 
13700 105.83 435.152 0.244849 0 0 112.529 106.867 0 0 0 0 33.4755 0.519876 0 0.145112 
13800 105.819 434.948 0.24503 0 0 112.592 106.961 0 0.00161812 0.000809061 0 33.7055 0.41295 0 0.150992 
13900 106.096 434.86 0.245655 0 0 112.716 107.014 0 0.00199283 0.0011957 0 33.9853 0.458091 0 0.155143 
14000 106.313 436.188 0.245596 0 0 112.905 107.46 0 0.000781555 0 0 34.2474 0.545843 0 0.152761 
14100 106.646 438.744 0.245078 0 0 113.492 107.826 0 0.00192753 0.000385505 0 34.4433 0.494271 0 0.147861 
14200 106.461 437.757 0.245142 0 0 113.332 107.541 0 0.00113895 0 0 34.6693 0.42319 0 0.150053 
14300 106.207 437.314 0.24473 0 0 113.193 107.116 0 0.00223881 0.000373134 0 34.9485 0.423882 0 0.156045 
14400 106.663 437.835 0.245384 0 0 113.381 107.428 0 0.00220832 0.000736106 0 35.2061 0.474276 0 0.155045 
14500 107.088 438.962 0.245612 0 0 113.753 107.897 0 0.0014498 0.00036245 0 35.4128 0.467684 0 0.149742 
14600 107.322 439.417 0.246086 0 0 113.905 108.192 0 0.00107411 0.000358038 0 35.6445 0.421399 0 0.152468 
14700 106.84 436.4 0.246387 0 0 113.356 107.421 0 0.00458554 0.0010582 0 35.8949 0.329969 0 0.156636 
14800 107.142 437.942 0.246322 0 0 113.669 107.803 0 0.00139227 0.000348068 0 36.1448 0.471997 0 0.155096 
14900 107.281 438.071 0.246528 0 0 113.675 107.865 0 0.0010281 0 0 36.3482 0.523617 0 0.148146 
15000 107.345 439.515 0.246043 0 0 113.973 108.159 0 0.00169147 0.00101488 0 36.5927 0.430114 0 0.150402 
15100 107.178 437.255 0.246887 0 0 113.536 107.504 0 0.00133914 0.000334784 0 36.8266 0.349469 0 0.152156 
15200 107.203 437.254 0.246831 0 0 113.714 107.646 0 0.001321 0.000330251 0 37.0878 0.518277 0 0.155889 
15300 107.564 439.037 0.246847 0 0 114.034 108.04 0 0.00130762 0.000326904 0 37.304 0.638881 0 0.152128 
15400 107.867 439.771 0.247188 0 0 114.257 108.354 0 0.00258816 0.00032352 0 37.551 0.62988 0 0.154777 
15500 107.432 439.489 0.246351 0 0 114.088 108.038 0 0.00192369 0.000641231 0 37.7727 0.575524 0 0.155184 
15600 107.468 439.12 0.24664 0 0 113.881 107.93 0 0.00159185 0.00063674 0 38.0277 0.549287 0 0.157996 
15700 107.556 439.28 0.246732 0 0 113.983 108.021 0 0.00126024 0.00094518 0 38.2517 0.733795 0 0.154327 
15800 107.847 440.288 0.246778 0 0 114.291 108.165 0 0.00156201 0.000937207 0 38.4848 0.685563 0 0.155084 
15900 107.93 439.302 0.247185 0 0 114.332 108.075 0 0.00154607 0.000309215 0 38.7223 0.624956 0 0.15508 
16000 107.68 437.901 0.247285 0 0 114.112 107.847 0 0.00122926 0.000307314 0 38.949 0.608416 0 0.154381 
16100 107.597 438.106 0.247035 0 0 114.127 107.855 0 0.00213545 0.000305064 0 39.1965 0.688316 0 0.155305 
16200 107.944 439.255 0.24727 0 0 114.467 108.201 0 0.000302939 0 0 39.4308 0.648034 0 0.155793 
16300 108.313 441.28 0.247262 0 0 114.915 108.727 0 0.00090036 0.00060024 0 39.6558 0.58305 0 0.154521 
16400 108.165 439.687 0.247674 0 0 114.569 108.367 0 0.00149432 0 0 39.8915 0.596357 0 0.153888 
16500 107.78 439.376 0.247063 0 0 114.493 108.248 0 0.00148943 0.00059577 0 40.1367 0.650368 0 0.157062 
16600 107.81 440.027 0.246761 0 0 114.674 108.444 0 0.00118659 0.000296648 0 40.3895 0.803046 0 0.157343 
16700 108.354 441.331 0.247273 0 0 115.087 108.949 0 0.00118099 0 0 40.6088 0.876109 0 0.154124 
16800 108.365 440.532 0.247718 0 0 114.967 108.863 0 0.000293513 0 0 40.8465 0.781249 0 0.155555 
16900 108.202 440.235 0.247651 0 0 114.81 108.761 0 0.00233987 0.00087745 0 41.0977 0.831178 0 0.15728 
17000 108.031 440.269 0.247272 0 0 114.956 108.701 0 0.0002918 0 0 41.3399 0.946309 0 0.158663 
17100 108.524 442.602 0.247059 0 0 115.616 109.361 0 0.000869313 0.000289771 0 41.5535 0.913619 0 0.155707 
17200 108.437 441.996 0.247216 0 0 115.424 109.242 0 0.000575871 0.000287936 0 41.7872 0.824452 0 0.156664 
17300 108.152 440.001 0.247376 0 0 114.949 108.761 0 0.00143843 0.000287687 0 42.0222 0.836947 0 0.156317 
17400 108.059 439.401 0.247584 0 0 114.678 108.553 0 0.00057323 0.000286615 0 42.2574 0.806719 0 0.156343 
17500 108.202 439.766 0.247591 0 0 114.95 108.731 0 0.00171086 0.000855432 0 42.5121 0.874394 0 0.157917 
17600 108.302 440.591 0.247474 0 0 115.119 108.895 0 0.00142167 0.000284333 0 42.727 0.846323 0 0.156092 
17700 108.636 440.684 0.248008 0 0 115.253 109.13 0 0.000568182 0 0 42.9602 0.900074 0 0.156263 
17800 108.372 439.651 0.248123 0 0 114.901 108.809 0 0.00141563 0.000849377 0 43.1959 0.93092 0 0.158122 
17900 108.641 439.602 0.248587 0 0 114.927 108.812 0 0.00141203 0.000564812 0 43.438 0.990495 0 0.158723 
18000 108.409 439.049 0.248183 0 0 114.97 108.645 0 0.00112581 0.000281452 0 43.667 1.00118 0 0.155523 
18100 108.114 438.402 0.248035 0 0 114.769 108.414 0 0.00056243 0.000281215 0 43.9019 0.999863 0 0.155736 
18200 107.842 437.033 0.248127 0 0 114.367 108.044 0 0.00168634 0 0 44.1464 0.957682 0 0.156946 
18300 108.008 436.847 0.248594 0 0 114.305 108.031 0 0.000841279 0.000280426 0 44.3671 1.06538 0 0.155823 
18400 108.705 438.749 0.249019 0 0 114.916 108.581 0 0.000840101 0 0 44.6007 1.02156 0 0.155922 
18500 108.47 438.314 0.24872 0 0 114.828 108.637 0 0.00223651 0.000559128 0 44.8532 1.06247 0 0.155147 
18600 108.314 438.528 0.248277 0 0 114.751 108.684 0 0.000838223 0.000279408 0 45.0766 1.01775 0 0.155928 
18700 108.059 436.886 0.248495 0 0 114.453 108.31 0 0.00111669 0 0 45.2887 0.979292 0 0.154709 
18800 108.523 438.316 0.24866 0 0 114.813 108.612 0 0.0019504 0.000278629 0 45.5216 0.951109 0 0.15462 
18900 108.462 439.19 0.248446 0 0 114.852 108.534 0 0.000556793 0.000278396 0 45.7776 0.991581 0 0.157793 
19000 108.277 440.134 0.247858 0 0 114.953 108.781 0 0.00195095 0.000557414 0 46.0164 1.04974 0 0.155474 
19100 107.871 439.02 0.247544 0 0 114.649 108.489 0 0.00111452 0.000835887 0 46.2338 1.01862 0 0.155583 
19200 108.051 439.254 0.247651 0 0 114.761 108.586 0 0.00250278 0.00111235 0 46.4583 0.954384 0 0.155408 
19300 107.992 437.569 0.248248 0 0 114.421 108.324 0 0.00166759 0 0 46.7307 0.812321 0 0.157917 
19400 108.214 437.384 0.24896 0 0 114.379 108.28 0 0.00111235 0.000556174 0 46.9619 0.814649 0 0.153775 
19500 107.915 437.579 0.248285 0 0 114.369 108.287 0 0.00166806 0.000556019 0 47.2035 0.838252 0 0.155424 
19600 107.834 437.529 0.24808 0 0 114.378 108.368 0 0.00166852 0.00083426 0 47.4177 0.790952 0 0.154605 
19700 107.982 438.091 0.248259 0 0 114.528 108.371 0 0.00278164 0.00111266 0 47.6712 0.810432 0 0.158015 
19800 108.012 437.263 0.248617 0 0 114.326 108.058 0 0.00250278 0.00083426 0 47.9052 0.749171 0 0.156097 
19900 108.305 438.044 0.248897 0 0 114.516 108.31 0 0.00166759 0.000555864 0 48.1329 0.771623 0 0.156359 
20000 108.072 438.239 0.248307 0 0 114.58 108.393 0 0.000833333 0 0 48.3592 0.662519 0 0.155333 
20100 108.036 438.374 0.248047 0 0 114.654 108.41 0 0.000833565 0.000277855 0 48.5802 0.597806 0 0.156996 
20200 108.004 437.817 0.248245 0 0 114.515 108.271 0 0.00111204 0 0 48.8382 0.664146 0 0.157342 
20300 108.313 437.773 0.248728 0 0 114.58 108.406 0 0.00138927 0.00111142 0 49.0611 0.65269 0 0.155811 
20400 107.833 435.994 0.248578 0 0 114.132 107.992 0 0.00222284 0.00111142 0 49.3031 0.65178 0 0.15509 
20500 107.449 435.309 0.247975 0 0 114.08 107.859 0 0.00111173 0.000277932 0 49.5489 0.646489 0 0.157149 
20600 107.362 435.178 0.247914 0 0 114.143 107.873 0 0.00278242 0.000278242 0 49.791 0.647067 0 0.158329 
20700 107.53 434.806 0.248264 0 0 114.202 107.91 0 0.00111266 0.000556328 0 50.0414 0.692546 0 0.156367 
20800 107.784 435.037 0.248752 0 0 114.16 107.806 0 0.00222593 0.000278242 0 50.2454 0.677487 0 0.153712 
20900 107.815 433.904 0.249492 0 0 113.798 107.427 0 0.000834028 0.000278009 0 50.4932 0.672559 0 0.154488 
21000 107.806 434.185 0.249238 0 0 114.063 107.677 0 0.00222408 0.00111204 0 50.7687 0.736255 0 0.156698 
21100 107.769 433.423 0.24951 0 0 113.961 107.586 0 0.0030564 0.00111142 0 51.0164 0.691637 0 0.157815 
21200 107.918 433.498 0.249828 0 0 113.935 107.587 0 0.000555864 0.000277932 0 51.2268 0.716087 0 0.155575 
21300 107.928 432.932 0.250181 0 0 113.765 107.369 0 0.00250069 0.00111142 0 51.4243 0.579038 0 0.155926 
21400 107.972 432.921 0.25038 0 0 113.792 107.356 0 0.00055571 0 0 51.6649 0.562088 0 0.156934 
21500 107.557 432.208 0.249714 0 0 113.68 107.196 0 0.00166667 0.000277778 0 51.9419 0.655426 0 0.158871 
21600 107.326 432.117 0.249342 0 0 113.562 107.03 0 0.000277855 0 0 52.1656 0.731409 0 0.155583 
21700 107.529 432.155 0.24979 0 0 113.629 107.06 0 0.00111173 0 0 52.3769 0.696173 0 0.154563 
21800 107.564 430.822 0.25038 0 0 113.325 106.808 0 0.000833333 0.000555556 0 52.5992 0.675377 0 0.156142 
21900 107.619 430.179 0.250754 0 0 113.086 106.574 0 0.00138927 0.00055571 0 52.853 0.748055 0 0.156778 
22000 107.258 431.397 0.249727 0 0 113.238 106.751 0 0.00166759 0.000833797 0 53.1373 0.796931 0 0.156269 
22100 107.041 430.372 0.249478 0 0 113.085 106.611 0 0.00139005 0.000278009 0 53.3369 0.69941 0 0.152425 
22200 107.057 429.713 0.249614 0 0 112.997 106.414 0 0.00194769 0.000556483 0 53.5512 0.609494 0 0.152281 
22300 107.125 429.255 0.250091 0 0 112.937 106.234 0 0.0030581 0.00166806 0 53.8034 0.755221 0 0.155978 
22400 106.89 429.459 0.249722 0 0 112.96 106.278 0 0.00111173 0 0 54.0737 0.814065 0 0.158863 
22500 106.473 428.997 0.249084 0 0 112.967 106.251 0 0.00250139 0.000555864 0 54.3149 0.676801 0 0.152819 
22600 106.658 429.263 0.249035 0 0 113.119 106.365 0 0.000555864 0.000277932 0 54.5003 0.669228 0 0.154915 
22700 106.751 430.001 0.249063 0 0 113.142 106.462 0 0.000833797 0.000277932 0 54.7582 0.678372 0 0.158615 
22800 107.217 429.935 0.250197 0 0 113.051 106.565 0 0.00139082 0.000278164 0 55.0225 0.613689 0 0.158954 
22900 107.229 429.13 0.250752 0 0 112.834 106.41 0 0.00278009 0.000834028 0 55.2686 0.543505 0 0.154209 
23000 107.128 430.306 0.249935 0 0 113.15 106.708 0 0.00139043 0 0 55.4911 0.480086 0 0.154475 
23100 107.197 430.225 0.250055 0 0 113.27 106.825 0 0.00111204 0.000556019 0 55.7412 0.450144 0 0.159066 
23200 107.098 429.437 0.250288 0 0 113.032 106.588 0 0.00166852 0.000556174 0 56.0114 0.537743 0 0.159368 
23300 106.919 428.269 0.250384 0 0 112.78 106.237 0 0.00111328 0.000556638 0 56.2352 0.553138 0 0.156676 
23400 106.932 428.472 0.250457 0 0 112.802 106.326 0 0.00166945 0.000556483 0 56.4758 0.416197 0 0.154702 
23500 106.577 429.407 0.249187 0 0 113.088 106.549 0 0.00111266 0.000556328 0 56.7243 0.470432 0 0.158615 
23600 106.335 428.748 0.248982 0 0 112.902 106.365 0 0.00139005 0 0 56.9761 0.63648 0 0.159146 
23700 106.734 428.494 0.250043 0 0 112.793 106.402 0 0.000556019 0.000556019 0 57.2166 0.61337 0 0.157859 
23800 107.306 429.602 0.250694 0 0 113.128 106.687 0 0.000834028 0 0 57.4142 0.379343 0 0.153687 
23900 111.578 430.946 0.258998 0 0 113.418 107.022 0 0.00139043 0.000556174 0 57.6588 0.319258 0 0.157257 
24000 122.861 430.749 0.282879 0 0 113.364 106.918 0 0.00139005 0.000556019 0 57.9683 0.505071 0 0.162611 
24100 108.274 429.286 0.252948 0 0 113.018 106.545 0 0.000834028 0 0 58.2185 0.496969 0 0.162936 
24200 107.95 430.671 0.251482 0 0 113.453 106.855 0 0.00139005 0.000278009 0 58.414 0.44025 0 0.159611 
24300 107.65 430.924 0.250813 0 0 113.389 106.858 0 0.00111328 0.000278319 0 58.6463 0.386561 0 0.162772 
24400 107.775 431.479 0.250879 0 0 113.476 106.945 0 0.00278319 0.000556638 0 58.9045 0.492307 0 0.163422 
24500 113.217 430.987 0.262391 0 0 113.373 106.829 0 0.00138927 0.000277855 0 59.1781 0.619629 0 0.160246 
24600 107.611 431.318 0.250649 0 0 113.403 106.909 0 0.00222531 0 0 59.3972 0.479046 0 0.156774 
24700 108.035 431.12 0.251773 0 0 113.364 106.923 0 0 0 0 59.6321 0.29843 0 0.159142 
24800 107.76 430.329 0.251226 0 0 113.162 106.575 0 0.00139121 0.000556483 0 59.8676 0.39419 0 0.15928 
24900 107.991 430.713 0.251698 0 0 113.225 106.659 0 0.00250069 0.000833565 0 60.1406 0.360135 0 0.161293 
25000 113.155 428.971 0.263267 0 0 112.786 106.243 0 0.00139082 0.000278164 0 60.3992 0.293795 0 0.156659 
25100 108.684 429.529 0.253569 0 0 112.861 106.363 0 0.00166852 0.000556174 0 60.6218 0.270183 0 0.157348 
25200 108.198 430.144 0.252239 0 0 113.045 106.618 0 0.00194607 0.000278009 0 60.8432 0.191472 0 0.156892 
25300 107.88 430.244 0.251453 0 0 113.265 106.843 0 0.00305725 0.000833797 0 61.1081 0.380433 0 0.16008 
25400 109.969 429.613 0.255854 0 0 113.218 106.746 0 0.00166713 0.00055571 0 61.3779 0.287502 0 0.157862 
25500 117.897 429.153 0.272266 0 0 112.999 106.576 0 0.00138966 0.000833797 0 61.6253 0.0948035 0 0.156522 
25600 109.644 431.201 0.254675 0 0 113.49 107.021 0 0.000833797 0 0 61.8738 0.0183083 0 0.159654 
25700 108.564 431.096 0.252545 0 0 113.629 106.957 0 0.00166806 0.000834028 0 62.1301 0.158617 0 0.1631 
25800 108.186 430.418 0.252132 0 0 113.434 106.788 0 0.00194661 0.000556174 0 62.3529 0.104498 0 0.161647 
25900 108.293 429.115 0.253137 0 0 113.088 106.542 0 0.000834028 0.000556019 0 62.5866 -0.115624 0 0.159184 
26000 116.927 430.331 0.270558 0 0 113.359 106.831 0 0.00194715 0.000556328 0 62.8089 -0.0711805 0 0.159066 
26100 114.4 431.827 0.264486 0 0 113.611 107.038 0 0.00138966 0.000277932 0 63.0953 0.132152 0 0.160455 
26200 108.188 430.146 0.252095 0 0 113.277 106.672 0 0.00139121 0.000278242 0 63.3317 0.108978 0 0.161829 
26300 107.383 428.257 0.25146 0 0 112.695 106.123 0 0.00167038 0.00111359 0 63.5192 0.0373721 0 0.157762 
26400 109.495 429.136 0.255676 0 0 112.901 106.351 0 0.000834725 0 0 63.7379 -0.070203 0 0.156691 
26500 125.222 429.944 0.287856 0 0 113.229 106.667 0 0.00166991 0.000278319 0 64.0532 0.00153636 0 0.1631 
26600 113.919 430.734 0.263688 0 0 113.307 106.782 0 0.00166713 0.000833565 0 64.384 0.143734 0 0.16524 
26700 108.313 429.057 0.252747 0 0 112.801 106.24 0 0.00250417 0.00139121 0 64.5968 0.0963496 0 0.161255 
26800 107.085 427.437 0.251004 0 0 112.441 105.899 0 0.00167038 0.000835189 0 64.7845 0.023915 0 0.15981 
26900 109.011 429.094 0.254253 0 0 112.793 106.352 0 0.00250209 0.00111204 0 65.0181 0.0194657 0 0.161854 
27000 131.3 428.962 0.300329 0 0 112.688 106.268 0 0.00305981 0.000834492 0 65.3318 0.168026 0 0.164058 
27100 114.586 429.286 0.265995 0 0 112.599 106.248 0 0.000278164 0 0 65.6362 0.255069 0 0.163601 
27200 109.43 428.413 0.255766 0 0 112.362 106.013 0 0.00139005 0.000834028 0 65.8385 0.24854 0 0.161403 
27300 106.942 427.868 0.250925 0 0 112.281 105.858 0 0.00278087 0.000278087 0 65.9819 0.202407 0 0.162759 
27400 107.933 429.348 0.252201 0 0 112.781 106.321 0 0.000833797 0.000277932 0 66.214 0.351349 0 0.16453 
27500 134.578 429.852 0.307433 0 0 112.923 106.397 0 0.00166898 0.000278164 0 66.5357 0.256364 0 0.162343 
27600 116.063 430.86 0.268934 0 0 112.846 106.441 0 0.000834028 0.000278009 0 66.8974 0.295444 0 0.160899 
27700 110.861 428.452 0.259304 0 0 112.307 105.811 0 0.00305895 0.00111235 0 67.1243 0.372997 0 0.161358 
27800 108.119 428.99 0.253189 0 0 112.442 105.921 0 0.00166945 0.000834725 0 67.3475 0.449304 0 0.163177 
27900 108.079 429.81 0.25263 0 0 112.618 106.175 0 0.00194878 0.000835189 0 67.5891 0.57141 0 0.165737 
28000 140.352 429.401 0.319139 0 0 112.611 106.106 0 0.00222346 0.000555864 0 67.8635 0.537544 0 0.164196 
28100 117.046 429.139 0.271903 0 0 112.441 105.98 0 0.00166806 0.000278009 0 68.2166 0.472583 0 0.167666 
28200 110.772 428.299 0.259225 0 0 112.247 105.775 0 0.00194661 0.000556174 0 68.4299 0.496057 0 0.168225 
28300 111.193 429.108 0.259344 0 0 112.635 106.064 0 0.00111235 0.000556174 0 68.6424 0.587813 0 0.168991 
28400 117.05 429.879 0.271376 0 0 112.787 106.227 0 0.00138966 0 0 68.8924 0.624052 0 0.165777 
28500 146.437 429.234 0.332642 0 0 112.593 105.968 0 0.000834725 0.000278242 0 69.2855 0.670895 0 0.171399 
28600 119.975 430.854 0.276801 0 0 112.632 105.99 0 0.00111328 0.000556638 0 69.6685 0.716899 0 0.170432 
28700 111.388 429.893 0.259408 0 0 112.497 105.722 0 0.00222779 0.000835422 0 69.851 0.81202 0 0.172341 
28800 112.012 430.647 0.26033 0 0 112.811 106.048 0 0.00222717 0.000835189 0 70.0557 0.717531 0 0.173597 
28900 123.429 430.655 0.284605 0 0 112.921 106.069 0 0.00250417 0.000556483 0 70.3063 0.725359 0 0.175767 
29000 153.451 430.335 0.347591 0 0 112.764 105.884 0 0.00194769 0.00111297 0 70.6789 0.785846 0 0.175225 
29100 118.348 430.328 0.273573 0 0 112.605 105.758 0 0.00139043 0.000278087 0 71.1257 0.945258 0 0.178514 
29200 112.585 429.187 0.261918 0 0 112.33 105.53 0 0.000835422 0 0 71.4149 0.980418 0 0.178994 
29300 114.886 430.091 0.267073 0 0 112.434 105.594 0 0.0011139 0 0 71.6299 0.956965 0 0.178324 
29400 148.516 430.596 0.337626 0 0 112.553 105.733 0 0.00111421 0.000278552 0 71.7903 0.919372 0 0.178938 
29500 181.583 431.159 0.406119 0 0 112.68 105.81 0 0.00250417 0.000834725 0 72.1174 0.927873 0 0.188635 
29600 128.443 430.166 0.294869 0 0 112.503 105.54 0 0.000834957 0.000556638 0 72.4993 0.87778 0 0.194735 
29700 116.566 429.472 0.270065 0 0 112.172 105.138 0 0.00111297 0.000278242 0 72.8472 1.07595 0 0.196471 
29800 112.149 429.378 0.260938 0 0 112.146 105.208 0 0.000834957 0.000278319 0 73.0788 1.0936 0 0.194185 
29900 122.025 430.379 0.279761 0 0 112.492 105.504 0 0.00139082 0.000556328 0 73.2478 1.02927 0 0.191431 
30000 152.637 431.085 0.339496 0 0 112.642 105.578 0 0.00111204 0.000278009 0 73.618 1.12741 0 0.182356 
30100 136.704 433.08 0.309605 0 0 112.812 105.735 0 0.00305981 0.000278164 0 74.1182 1.13555 0 0.17832 
30200 124.637 433.082 0.28561 0 0 112.719 105.688 0 0.00250139 0.000833797 0 74.4714 1.28197 0 0.182178 
30300 121.901 432.748 0.280075 0 0 112.659 105.636 0 0.000556483 0 0 74.6912 1.25746 0 0.184752 
30400 162.227 434.069 0.365076 0 0 112.815 105.86 0 0.000557414 0.000278707 0 75.1101 1.43003 0 0.190352 
30500 216.33 433.488 0.478667 0 0 112.449 105.42 0 0.00167177 0.000835887 0 75.6484 1.56898 0 0.203317 
30600 121.422 433.84 0.278501 0 0 112.465 105.341 0 0.00194932 0.000556948 0 76.0783 1.69924 0 0.210022 
30700 127.218 433.498 0.289715 0 0 112.28 105.115 0 0.00166945 0 0 76.3275 1.6031 0 0.211502 
30800 145.116 434.036 0.325027 0 0 112.283 105.048 0 0.00166898 0.000834492 0 76.5613 1.74654 0 0.21066 
30900 259.372 434.818 0.550534 0 0 112.265 105.1 0 0.00138966 0.000555864 0 77.047 1.95542 0 0.225542 
31000 333.329 436.718 0.685488 0 0 112.342 105.104 0 0.00194498 0.000833565 0 77.5415 2.14379 0 0.251968 
31100 152.65 438.671 0.333558 0 0 112.53 105.378 0 0.00139005 0.000556019 0 77.9539 2.34338 0 0.272213 
31200 121.943 440.564 0.274936 0 0 112.815 105.805 0 0.00222965 0.000557414 0 78.1611 2.16338 0 0.270216 
31300 142.358 440.513 0.312954 0 0 112.616 105.666 0 0.00111483 0 0 78.575 2.29205 0 0.279075 
31400 246.907 441.892 0.475076 0 0 112.819 105.772 0 0.00111483 0 0 78.9493 2.35228 0 0.266923 
31500 349.721 443.133 0.650572 0 0 112.901 105.78 0 0.000835422 0.000835422 0 79.4522 2.39176 0 0.250948 
31600 184.929 443.63 0.35702 0 0 112.813 105.777 0 0.000834725 0.000278242 0 79.7974 2.35526 0 0.240362 
31700 122.004 442.317 0.274105 0 0 112.638 105.556 0 0.000837989 0.00027933 0 79.9047 2.38095 0 0.239622 
31800 164.17 444.827 0.353214 0 0 112.944 106.133 0 0.00111297 0.000278242 0 80.2521 2.36709 0 0.240309 
31900 317.375 444.038 0.629466 0 0 112.772 105.852 0 0.00166852 0.00083426 0 80.7013 2.48723 0 0.265412 
32000 417.245 445.564 0.782459 0 0 112.821 106.019 0 0.00139082 0 0 81.22 2.68759 0 0.291528 
32100 189.189 451.42 0.38877 0 0 113.491 106.878 0 0.00166898 0.000556328 0 81.7516 2.85997 0 0.330256 
32200 129.068 449.415 0.279136 0 0 112.984 106.182 0 0.0027894 0.0013947 0 81.9439 2.93355 0 0.329997 
32300 127.265 449.243 0.280927 0 0 112.963 106.095 0 0.000558503 0 0 82.0533 2.88962 0 0.316643 
32400 238.568 447.555 0.50038 0 0 112.669 105.668 0 0.00111421 0 0 82.4123 2.9247 0 0.296237 
32500 350.768 446.722 0.708566 0 0 112.406 105.344 0 0.000556948 0.000278474 0 83.0011 2.99472 0 0.283213 
32600 176.19 445.245 0.381253 0 0 112.097 104.974 0 0.00194932 0.0011139 0 83.5831 3.0741 0 0.262805 
32700 127.716 445.385 0.280408 0 0 112.189 105.036 0 0.00167598 0.000837989 0 83.5927 2.90014 0 0.268824 
32800 222.977 447.167 0.411482 0 0 112.589 105.599 0 0.000278707 0 0 83.8841 2.93152 0 0.284069 
32900 550.674 452.317 0.709288 0 0 113.478 106.492 0 0.000278396 0 0 84.1952 3.08062 0 0.303441 
33000 947.226 460.898 0.874436 0 0 115.016 107.923 0 0.00111452 0.000557258 0 84.389 3.1067 0 0.318146 
33100 205.704 465.476 0.414809 0 0 115.856 108.745 0 0.00250627 0.000835422 0 84.694 3.18802 0 0.338976 
33200 139.861 464.494 0.285578 0 0 115.65 108.543 0 0.00111638 0.000558191 0 84.782 3.27748 0 0.332072 
33300 135.72 462.145 0.280996 0 0 115.247 108.205 0 0.000559284 0.000279642 0 84.7654 3.24002 0 0.321058 
33400 799.055 471.62 0.475919 0 0 117.028 110.097 0 0.000559128 0.000279564 0 84.9189 3.2892 0 0.292718 
33500 1157.34 473.06 0.596436 0 0 117.376 110.354 0 0.000279486 0 0 84.9894 3.26971 0 0.263112 
33600 277.905 468.471 0.431474 0 0 116.307 109.445 0 0.000558971 0 0 85.1322 3.34948 0 0.227226 
33700 164.176 463.388 0.33589 0 0 115.026 108.204 0 0.00250348 0.000556328 0 85.7007 3.55935 0 0.252113 
33800 158.233 462.747 0.321744 0 0 114.87 107.972 0 0.00167084 0.000278474 0 85.917 3.5328 0 0.261423 
33900 407.649 464.34 0.528368 0 0 115.166 108.124 0 0.000557414 0 0 86.155 3.52653 0 0.271596 
34000 763.888 467.329 0.738443 0 0 115.765 108.662 0 0.000278784 0.000278784 0 86.3791 3.49204 0 0.274702 
34100 310.325 466.151 0.527546 0 0 115.541 108.383 0 0.00167224 0.00083612 0 86.7854 3.53828 0 0.301566 
34200 159.679 468.621 0.321044 0 0 115.889 108.781 0 0.00167411 0.000837054 0 87.0117 3.50361 0 0.294681 
34300 303.288 471.375 0.333383 0 0 116.553 109.51 0 0.000279096 0 0 87.1021 3.4923 0 0.286457 
34400 422.565 471.457 0.382435 0 0 116.667 109.534 0 0.000837287 0.000279096 0 87.1462 3.47995 0 0.273653 
34500 1014.09 477.003 0.542041 0 0 118.041 110.561 0 0.000558036 0.000279018 0 87.2737 3.49564 0 0.248929 
34600 234.024 478.152 0.35309 0 0 117.772 110.393 0 0.000558347 0.000279174 0 87.392 3.4828 0 0.206877 
34700 205.765 483.527 0.334829 0 0 118.629 111.248 0 0.00111483 0.000557414 0 87.6812 3.42225 0 0.198424 
34800 196.706 480.958 0.381074 0 0 118.011 110.705 0 0.000278707 0 0 88.0479 3.57731 0 0.208803 
34900 860.953 483.549 0.712143 0 0 119.027 111.783 0 0.000278319 0 0 88.4125 3.70262 0 0.242049 
35000 1668.08 491.561 0.920412 0 0 120.749 113.388 0 0.000278552 0 0 88.6376 3.70603 0 0.287465 
35100 572.413 493.251 0.684172 0 0 121.071 113.702 0 0.00111545 0 0 88.9869 3.78365 0 0.351759 
35200 242.536 488.789 0.40321 0 0 120.084 112.795 0 0.00111701 0 0 89.3446 3.87173 0 0.369589 
35300 481.679 488.913 0.455023 0 0 119.911 112.747 0 0.000279486 0 0 89.5752 3.83909 0 0.37859 
35400 613.163 490.121 0.540268 0 0 120.251 113.017 0 0.000280269 0 0 89.588 3.79211 0 0.356592 
35500 1339.59 502.385 0.765764 0 0 122.733 115.385 0 0 0 0 89.8478 3.87405 0 0.349186 
35600 337.962 503.692 0.544534 0 0 122.924 115.495 0 0.00083682 0.00055788 0 90.1743 3.95077 0 0.31548 
35700 378.465 508.129 0.390145 0 0 123.676 116.24 0 0.000278629 0 0 90.5539 4.00664 0 0.314738 
35800 231.092 508.674 0.359331 0 0 123.87 116.341 0 0 0 0 90.7651 4.02102 0 0.303358 
35900 418.095 511.537 0.469304 0 0 124.376 116.827 0 0.000559284 0.000279642 0 90.8929 4.08989 0 0.299298 
36000 529.463 512.06 0.657283 0 0 124.518 116.855 0 0.000839396 0 0 91.1645 4.2019 0 0.284122 
36100 393.883 522.121 0.49438 0 0 126.381 118.671 0 0.000838223 0.000279408 0 91.5935 4.25649 0 0.299168 
36200 396.778 520.756 0.378127 0 0 126.154 118.445 0 0 0 0 91.7953 4.2053 0 0.288588 
36300 194.367 517.175 0.330761 0 0 125.362 117.57 0 0.00139704 0 0 91.7916 4.20337 0 0.284346 
36400 453.632 521.037 0.583526 0 0 126.206 118.338 0 0.00111607 0 0 92.0583 4.30418 0 0.289884 
36500 676.62 515.64 0.811099 0 0 125.093 117.166 0 0.000557569 0 0 92.2188 4.35212 0 0.312176 
36600 546.613 525.312 0.669061 0 0 127.109 119.025 0 0.000278474 0 0 92.555 4.30223 0 0.321142 
36700 300.69 519.463 0.399745 0 0 125.769 117.655 0 0.00111701 0.000279252 0 92.8573 4.50462 0 0.347861 
36800 219.03 515.775 0.37879 0 0 124.971 116.926 0 0.000839631 0 0 93.0624 4.58754 0 0.351168 
36900 401.116 515.933 0.643612 0 0 124.765 116.772 0 0.000279642 0.000279642 0 93.4416 4.68145 0 0.360949 
37000 640.741 516.354 0.939708 0 0 124.769 116.881 0 0.00139587 0 0 93.7725 4.68811 0 0.37641 
37100 518.897 518.917 0.725561 0 0 125.176 117.449 0 0.00139431 0.000836587 0 94.1933 4.67428 0 0.402825 
37200 271.038 519.207 0.435791 0 0 125.114 117.429 0 0.00195258 0.00027894 0 94.5855 4.80276 0 0.405084 
37300 235.922 517.832 0.372149 0 0 124.628 117.136 0 0 0 0 94.8068 4.84558 0 0.408681 
37400 465.07 513.716 0.587275 0 0 123.74 116.322 0 0.000279799 0.000279799 0 94.8489 4.87578 0 0.401566 
37500 704.211 515.016 0.837097 0 0 123.851 116.385 0 0.00139626 0.000558503 0 95.1662 5.04835 0 0.377223 
37600 357.709 512.038 0.564497 0 0 123.126 115.971 0 0.000837521 0 0 95.5034 5.2055 0 0.346055 
37700 242.416 512.065 0.392872 0 0 123.034 115.899 0 0.000836353 0.000557569 0 95.8029 5.31433 0 0.328191 
37800 254.14 511.501 0.38108 0 0 122.955 115.77 0 0.0013986 0 0 95.9508 5.32518 0 0.326214 
37900 511.35 514.547 0.619501 0 0 123.56 116.359 0 0.00027933 0 0 96.2746 5.31999 0 0.32719 
38000 740.735 518.433 0.844244 0 0 124.244 116.955 0 0.000836353 0.000557569 0 96.6758 5.29979 0 0.335245 
38100 435.09 523.293 0.548237 0 0 125.081 118.01 0 0.00139431 0.000836587 0 96.9822 5.271 0 0.327503 
38200 229.022 525.278 0.364731 0 0 125.572 118.432 0 0.00027894 0.00027894 0 97.3735 5.2926 0 0.322908 
38300 287.317 528.03 0.391471 0 0 125.84 118.912 0 0.000837755 0.000279252 0 97.5454 5.31789 0 0.321482 
38400 816.175 538.104 0.707873 0 0 127.739 120.707 0 0.00111701 0 0 97.7772 5.30144 0 0.330644 
38500 1340.02 547.724 0.978281 0 0 129.666 122.452 0 0 0 0 98.1056 5.3536 0 0.350341 
38600 709.604 550.11 0.737416 0 0 130.223 123.032 0 0.000837989 0 0 98.5034 5.37377 0 0.379156 
38700 376.03 557.765 0.46377 0 0 131.672 124.484 0 0.000558503 0.000279252 0 98.9285 5.41 0 0.409439 
38800 351.245 555.41 0.449216 0 0 131.255 124.015 0 0.000559754 0.000559754 0 98.9079 5.47246 0 0.419076 
38900 637.957 556.683 0.675894 0 0 131.39 124.135 0 0.000838223 0 0 99.1581 5.53267 0 0.419312 
39000 997.724 561.236 0.949334 0 0 132.319 124.769 0 0.000837521 0 0 99.3794 5.57539 0 0.393738 
39100 546.52 562.13 0.691395 0 0 132.488 124.883 0 0.000279096 0 0 99.6048 5.59954 0 0.383079 
39200 254.234 557.149 0.393749 0 0 131.516 123.911 0 0.000280034 0.000280034 0 99.7116 5.56124 0 0.362635 
39300 309.672 551.598 0.419121 0 0 130.528 122.975 0 0.000841987 0.000280662 0 99.8047 5.59653 0 0.35803 
39400 1742.15 570.954 0.813492 0 0 134.441 126.75 0 0 0 0 100.183 5.59509 0 0.377734 
39500 2769.09 584.483 1.09167 0 0 137.337 129.276 0 0 0 0 100.42 5.60018 0 0.390286 
39600 1548.83 592.145 0.842422 0 0 138.916 130.737 0 0 0 0 100.589 5.61889 0 0.373948 
39700 558.123 582.862 0.620628 0 0 137.05 128.818 0 0.000560538 0 0 100.535 5.60111 0 0.388809 
39800 396.512 575.753 0.565356 0 0 135.548 127.287 0 0.00111919 0.000279799 0 100.887 5.72746 0 0.418863 
39900 655.873 574.408 0.860296 0 0 135.213 126.98 0 0.000838926 0 0 101.13 5.6798 0 0.40271 
40000 892.353 572.902 1.15097 0 0 134.881 126.646 0 0.00167785 0.000838926 0 101.557 5.7552 0 0.427735 
40100 665.384 569.854 1.00043 0 0 134.254 126.004 0 0.00027933 0.00027933 0 102.054 5.77379 0 0.503459 
40200 327.008 566.937 0.506636 0 0 133.654 125.333 0 0.00139899 0 0 102.376 5.84486 0 0.538475 
40300 357.537 568.4 0.47434 0 0 133.968 125.584 0 0.000279799 0 0 102.687 5.83991 0 0.523228 
40400 1514.85 579.959 0.894073 0 0 136.301 127.645 0 0.000279799 0 0 103.04 5.855 0 0.526877 
40500 2686.02 591.905 1.21763 0 0 138.735 130.021 0 0 0 0 103.299 5.83041 0 0.515703 
40600 1739.09 596.552 1.01759 0 0 139.601 130.906 0 0 0 0 103.386 5.80619 0 0.454668 
40700 551.443 588.222 0.61207 0 0 137.905 128.844 0 0.000842223 0 0 103.439 5.81045 0 0.432797 
40800 697.493 594.023 0.593678 0 0 139.057 129.898 0 0.000280269 0 0 103.821 5.84875 0 0.441245 
40900 1213.49 601.554 0.803161 0 0 140.605 131.325 0 0 0 0 103.976 5.92704 0 0.453984 
41000 1767.05 605.255 1.04079 0 0 141.324 132.025 0 0.000280112 0 0 104.079 5.934 0 0.435656 
41100 1034.19 603.09 0.842828 0 0 140.725 131.465 0 0.000280584 0 0 104.137 5.92987 0 0.420978 
41200 394.035 599.495 0.531278 0 0 139.878 130.665 0 0.00112296 0 0 104.295 5.89139 0 0.415162 
41300 344.605 595.096 0.478556 0 0 138.943 129.844 0 0.0014041 0.00028082 0 104.428 6.00453 0 0.406194 
41400 618.251 591.355 0.739504 0 0 138.043 129.165 0 0.00056101 0 0 104.592 6.0247 0 0.386345 
41500 1024.1 592.218 1.07506 0 0 138.215 129.293 0 0.000559597 0.000279799 0 104.98 6.10484 0 0.399812 
41600 838.22 591.846 0.966383 0 0 138.205 129.217 0 0.000279642 0.000279642 0 105.327 6.20982 0 0.440766 
41700 373.789 585.192 0.554398 0 0 137.006 128.013 0 0.00168209 0.00112139 0 105.513 6.24007 0 0.461592 
41800 326.294 581.454 0.46857 0 0 136.05 127.155 0 0.000559754 0.000279877 0 105.78 6.30784 0 0.461167 
41900 721.417 587.021 0.711985 0 0 137.142 127.95 0 0.000279799 0 0 106.174 6.43241 0 0.452758 
42000 1331.81 596.099 0.996791 0 0 139.133 129.083 0 0.00056101 0 0 106.533 6.38124 0 0.447205 
42100 997.481 603.611 0.915963 0 0 140.661 130.304 0 0.000560852 0 0 106.875 6.39682 0 0.431196 
42200 513.044 599.591 0.62924 0 0 139.592 129.888 0 0 0 0 107.231 6.46657 0 0.432666 
42300 420.992 597.375 0.547567 0 0 139.051 129.629 0 0.000560224 0.000280112 0 107.565 6.4828 0 0.444048 
42400 921.739 598.034 0.849972 0 0 139.33 129.676 0 0.000560067 0.000280034 0 107.726 6.52681 0 0.464222 
42500 1945.71 607.216 1.15017 0 0 141.223 131.34 0 0.000279877 0 0 107.982 6.52837 0 0.461059 
42600 1135.26 617.385 0.989349 0 0 143.332 133.549 0 0.000838223 0.000558815 0 108.347 6.55295 0 0.470871 
42700 491.26 618.17 0.668191 0 0 142.969 133.036 0 0.00055991 0 0 108.835 6.63772 0 0.478168 
42800 473.109 616.977 0.609315 0 0 142.428 132.872 0 0.00112076 0 0 109.045 6.80448 0 0.484148 
42900 1052.96 621.721 0.947286 0 0 143.384 133.785 0 0.000279252 0 0 109.393 6.98163 0 0.50263 
43000 1591.72 624.042 1.25735 0 0 143.797 134.454 0 0.000279018 0 0 109.532 7.04151 0 0.523741 
43100 1213.88 621.919 1.15876 0 0 143.249 134.062 0 0.000279018 0 0 109.618 7.06237 0 0.520287 
43200 530.612 611.483 0.74616 0 0 141.114 131.994 0 0.000837755 0.000558503 0 109.854 7.16063 0 0.536707 
43300 421.751 606.461 0.619797 0 0 139.968 130.633 0 0.00139821 0.000279642 0 110.059 7.18949 0 0.536626 
43400 936.226 612.875 0.89283 0 0 141.126 131.721 0 0.00027972 0 0 110.306 7.24049 0 0.519193 
43500 1263.85 613.056 1.13748 0 0 141.214 131.765 0 0 0 0 110.472 7.27392 0 0.508003 
43600 876.71 611.071 0.996817 0 0 140.768 131.174 0 0.000560224 0.000280112 0 110.849 7.32282 0 0.483363 
43700 857.093 609.803 0.902387 0 0 140.559 130.492 0 0.00195914 0.000559754 0 111.196 7.45551 0 0.500366 
43800 565.942 604.226 0.725554 0 0 139.16 129.647 0 0.00196629 0.000842697 0 111.395 7.51054 0 0.522455 
43900 696.231 601.399 0.871027 0 0 138.602 129.152 0 0.000281452 0.000281452 0 111.549 7.50492 0 0.535701 
44000 939.611 594.998 1.13459 0 0 137.14 127.926 0 0.00056243 0.000281215 0 111.684 7.57918 0 0.517154 
44100 763.52 597.889 1.09209 0 0 137.687 128.288 0 0.00168445 0.000842223 0 112.162 7.65462 0 0.571648 
44200 512.231 592.477 0.815925 0 0 136.59 127.364 0 0.000561956 0.000280978 0 112.36 7.66297 0 0.539696 
44300 687.335 590.564 0.660598 0 0 136.046 126.998 0 0.000562272 0 0 112.836 7.7688 0 0.551056 
44400 1152.89 594.411 0.857437 0 0 136.751 127.833 0 0.000561798 0 0 112.982 7.79321 0 0.54222 
44500 1341.44 595.251 0.985438 0 0 136.939 128.001 0 0.000281215 0 0 113.065 7.84851 0 0.534253 
44600 582.676 589.959 0.779586 0 0 135.785 126.936 0 0.00112549 0 0 113.252 7.91204 0 0.467753 
44700 389.604 593.253 0.606103 0 0 136.295 127.426 0 0.00112613 0.000563063 0 113.566 7.90212 0 0.428151 
44800 784.645 598.593 0.594813 0 0 137.308 128.434 0 0.00056101 0.000280505 0 113.939 8.03994 0 0.397778 
44900 1084.81 600.547 0.718224 0 0 137.67 128.523 0 0 0 0 114.033 8.05704 0 0.38857 
45000 1569.17 608.442 0.91572 0 0 139.301 129.747 0 0 0 0 114.319 8.07402 0 0.386144 
45100 831.992 611.545 0.786531 0 0 139.43 129.718 0 0.000280505 0 0 114.399 8.09868 0 0.383946 
45200 488.359 616.686 0.641196 0 0 140.336 130.567 0 0.00252313 0.000280348 0 114.723 8.09494 0 0.38616 
45300 450.991 615.285 0.584353 0 0 140.018 130.415 0 0.000838457 0.000279486 0 115.148 8.20684 0 0.393863 
45400 1482.99 627.275 0.969559 0 0 142.5 132.449 0 0 0 0 115.445 8.1686 0 0.416524 
45500 2368.02 639.982 1.24114 0 0 145.217 134.721 0 0 0 0 115.734 8.16174 0 0.448692 
45600 1356.8 641.447 1.03498 0 0 145.506 135.007 0 0.000838926 0 0 115.794 8.15803 0 0.46666 
45700 693.54 634.636 0.788322 0 0 143.9 133.978 0 0.00112045 0.000280112 0 115.806 8.15877 0 0.472081 
45800 581.797 634.313 0.717228 0 0 143.626 133.954 0 0.00111826 0.000559128 0 116.562 8.32057 0 0.498223 
45900 926.994 636.756 0.96761 0 0 143.973 134.378 0 0.000559284 0.000279642 0 116.757 8.26109 0 0.487893 
46000 1380.13 640.96 1.2699 0 0 144.879 135.042 0 0.00111888 0.000559441 0 117.086 8.26367 0 0.485556 
46100 983.212 643.625 1.11725 0 0 145.624 135.698 0 0.000838926 0 0 117.413 8.28859 0 0.519905 
46200 693.483 643.63 0.921597 0 0 145.141 135.437 0 0.000280034 0 0 117.869 8.37405 0 0.569821 
46300 611.582 641.929 0.76449 0 0 144.629 134.966 0 0.00196684 0.000842933 0 118.335 8.51297 0 0.563232 
46400 1186.37 647.168 0.968178 0 0 145.902 135.627 0 0.00028082 0 0 118.648 8.54109 0 0.567045 
46500 1655.58 651.189 1.23731 0 0 146.709 136.212 0 0.000280348 0 0 118.969 8.57717 0 0.584341 
46600 1100.23 655.019 1.13164 0 0 147.679 136.791 0 0.000280348 0.000280348 0 119.242 8.56763 0 0.567104 
46700 815.697 653.176 0.992659 0 0 147.237 136.401 0 0.000280269 0 0 119.365 8.60816 0 0.538028 
46800 841.189 655.891 0.816264 0 0 147.668 136.428 0 0.00224152 0.000560381 0 119.846 8.69527 0 0.583653 
46900 1074.21 654.145 0.946599 0 0 147.341 136.332 0 0 0 0 119.907 8.60944 0 0.593469 
47000 1336.84 654.922 1.1224 0 0 147.715 136.559 0 0.000841751 0.000280584 0 120.085 8.64552 0 0.567558 
47100 1136.59 659.83 1.08681 0 0 148.589 137.481 0 0.000280741 0 0 120.298 8.67233 0 0.543575 
47200 730.639 660.481 0.897654 0 0 148.509 137.612 0 0.000280426 0.000280426 0 120.495 8.66338 0 0.542652 
47300 637.879 653.41 0.815512 0 0 146.914 136.335 0 0.000280741 0 0 120.81 8.7439 0 0.518603 
47400 1018.77 651.162 1.07976 0 0 146.402 136.147 0 0 0 0 120.94 8.72297 0 0.515715 
47500 1472.33 655.863 1.40195 0 0 147.298 137.127 0 0.000840336 0 0 121.279 8.80372 0 0.538507 
47600 1132.84 653.674 1.24054 0 0 146.792 137.052 0 0.000560224 0 0 121.354 8.88655 0 0.581633 
47700 699.955 649.861 1.00418 0 0 145.901 136.37 0 0.00140292 0.000280584 0 121.581 8.89343 0 0.610389 
47800 594.806 640.92 0.83767 0 0 144.31 134.772 0 0.00112108 0.000280269 0 121.874 8.89634 0 0.616656 
47900 980.7 643.135 1.0741 0 0 144.573 135.116 0 0.000560538 0.000280269 0 122.123 8.88347 0 0.623727 
48000 1540.03 649.581 1.39375 0 0 146.001 136.342 0 0.000560067 0 0 122.385 8.9052 0 0.626775 
48100 983.055 656.743 1.2249 0 0 147.045 137.564 0 0.000280191 0 0 122.692 8.96815 0 0.624642 
48200 702.662 648.546 1.03761 0 0 145.525 136.165 0 0.00139899 0 0 123.117 8.93772 0 0.660568 
48300 659.536 647.2 0.888655 0 0 145.223 135.819 0 0.000560224 0 0 123.582 9.03317 0 0.669684 
48400 1210.37 656.387 1.12968 0 0 146.655 137.555 0 0 0 0 123.872 9.08992 0 0.669031 
48500 1898.56 666.276 1.43866 0 0 148.613 139.426 0 0.000279642 0 0 124.226 9.09665 0 0.677424 
48600 1440.23 674.596 1.35608 0 0 150.172 140.908 0 0.000838223 0 0 124.583 9.11123 0 0.697469 
48700 919.925 666.854 1.20907 0 0 148.635 139.332 0 0.000279564 0 0 124.737 9.07386 0 0.633626 
48800 952.644 661.487 1.03991 0 0 147.43 138.153 0 0.00167691 0.000558971 0 125.231 9.17716 0 0.688689 
48900 1391.34 666.411 1.17666 0 0 148.342 138.972 0 0.000279955 0.000279955 0 125.512 9.23061 0 0.732236 
49000 1754.15 670.273 1.34794 0 0 149.177 139.512 0 0 0 0 125.807 9.2979 0 0.716847 
49100 1371.72 673.528 1.31821 0 0 149.944 140.178 0 0.00027972 0 0 126.052 9.34445 0 0.676937 
49200 878.121 669.329 1.18516 0 0 148.886 139.445 0 0.00112076 0 0 126.05 9.33781 0 0.66097 
49300 744.431 663.089 1.02324 0 0 147.453 138.183 0 0.00112045 0 0 126.468 9.47433 0 0.639917 
49400 1070.19 663.177 1.2386 0 0 147.284 137.956 0 0.00139665 0 0 127.036 9.50901 0 0.634508 
49500 1373.72 664.041 1.49781 0 0 147.509 138.084 0 0 0 0 127.24 9.4772 0 0.647414 
49600 1156.64 668.754 1.41818 0 0 148.349 138.892 0 0.00139665 0.00027933 0 127.669 9.46018 0 0.683156 
49700 833.866 668.552 1.19724 0 0 148.184 138.653 0 0.000558971 0.000279486 0 127.863 9.42001 0 0.727724 
49800 702.323 663.634 0.98862 0 0 147.197 137.43 0 0.00139626 0.000279252 0 128.658 9.58784 0 0.740598 
49900 873.073 660.295 1.13754 0 0 146.602 136.824 0 0.000838926 0.000279642 0 128.955 9.63798 0 0.72578 
50000 1294.13 664.175 1.44216 0 0 147.467 137.662 0 0.000559441 0 0 129.28 9.57174 0 0.719508 
