# Avida instruction execution data
# Mon Jan 16 15:48:54 2017
#  1: Update
#  2: nop-A
#  3: nop-B
#  4: nop-C
#  5: if-n-equ
#  6: if-less
#  7: if-label
#  8: mov-head
#  9: jmp-head
# 10: get-head
# 11: set-flow
# 12: shift-r
# 13: shift-l
# 14: inc
# 15: dec
# 16: push
# 17: pop
# 18: swap-stk
# 19: swap
# 20: add
# 21: sub
# 22: nand
# 23: h-copy
# 24: h-alloc
# 25: h-divide
# 26: sense-resource0
# 27: time
# 28: IO
# 29: h-search

0 0 0 0 0 0 0 0 0 0 0 0 0 0 0 0 0 0 0 0 0 0 0 0 0 0 0 0 0 
100 0 0 0 0 0 0 0 0 0 0 0 0 0 0 0 0 0 0 0 0 0 0 0 0 0 0 0 0 
200 0 0 0 0 0 0 0 0 0 0 0 0 0 0 0 0 0 0 0 0 0 0 0 0 0 0 0 0 
300 0 0 0 0 0 0 0 0 0 0 0 0 0 0 0 0 0 0 0 0 0 0 0 0 0 0 0 0 
400 0 0 170 0 0 200 200 0 0 0 0 0 0 0 0 0 0 0 0 0 0 200 2 2 0 0 0 4 
500 0 0 170 0 0 200 200 0 0 0 0 0 0 0 0 0 0 0 0 0 0 200 2 2 0 0 0 4 
600 0 0 170 0 0 200 200 0 0 0 0 0 0 0 0 0 0 0 0 0 0 200 2 2 0 0 0 4 
700 0 0 170 0 0 200 200 0 0 0 0 0 0 0 0 0 0 0 0 0 0 200 2 2 0 0 0 4 
800 0 0 340 0 0 400 400 0 0 0 0 0 0 0 0 0 0 0 0 0 0 400 4 4 0 0 0 8 
900 0 0 340 0 0 400 400 0 0 0 0 0 0 0 0 0 0 0 0 0 0 400 4 4 0 0 0 8 
1000 0 0 340 0 0 400 400 0 0 0 0 0 0 0 0 0 0 0 0 0 0 400 4 4 0 0 0 8 
1100 0 0 340 0 0 400 400 0 0 0 0 0 0 0 0 0 0 0 0 0 0 400 4 4 0 0 0 8 
1200 0 0 591 0 0 700 700 2 0 0 0 0 0 0 0 0 0 0 0 0 0 700 7 7 0 0 0 14 
1300 0 0 676 0 0 800 800 2 0 0 0 0 0 0 0 0 0 0 0 0 0 800 8 8 0 0 0 16 
1400 0 0 676 0 0 800 800 2 0 0 0 0 0 0 0 0 0 0 0 0 0 800 8 8 0 0 0 16 
1500 0 0 676 0 0 800 800 2 0 0 0 0 0 0 0 0 0 0 0 0 0 800 8 8 0 0 0 16 
1600 4 0 1182 0 0 1404 1404 4 0 0 0 0 0 0 0 0 0 0 0 0 0 1404 14 14 0 0 0 28 
1700 4 0 1348 0 0 1604 1604 4 0 0 0 0 0 0 0 0 0 0 2 0 0 1604 16 16 0 0 0 32 
1800 4 0 1348 0 0 1604 1604 4 0 0 0 0 0 0 0 0 0 0 2 0 0 1604 16 16 0 0 0 32 
1900 8 0 1654 0 0 2006 2006 6 0 0 0 0 2 0 0 0 0 0 2 0 0 2006 20 20 0 0 0 42 
2000 16 0 2316 2 0 2814 2814 8 0 2 0 0 2 0 0 2 0 0 2 0 0 2814 28 28 0 0 0 58 
2100 14 0 2406 2 0 2912 2912 7 0 2 0 0 2 0 0 4 0 0 4 0 0 2912 29 29 0 0 0 59 
2200 14 0 2406 2 0 2912 2912 7 0 2 0 0 2 0 0 4 0 0 4 0 0 2912 29 29 0 0 0 59 
2300 26 0 3058 2 0 3720 3720 9 0 2 0 0 4 0 0 6 0 4 4 0 0 3720 37 37 2 0 0 75 
2400 40 0 3852 4 0 4733 4733 10 0 4 2 2 4 2 0 10 0 6 6 0 2 4733 47 47 2 0 0 97 
2500 40 0 3856 4 0 4733 4733 10 0 4 2 2 4 1 0 9 0 6 6 0 2 4733 47 47 2 0 0 97 
2600 40 0 3856 4 0 4733 4733 10 0 4 2 2 4 1 0 9 0 6 6 0 2 4733 47 47 2 0 0 97 
2700 64 2 4645 3 0 5753 5755 14 2 5 4 2 7 1 2 11 0 9 5 0 5 5753 57 57 3 6 0 116 
2800 84 2 5668 6 2 7074 7078 18 2 8 10 4 7 2 2 16 0 12 7 0 6 7076 70 70 3 8 0 143 
2900 83 2 5671 6 2 7074 7078 18 2 8 10 4 6 2 2 16 0 11 8 0 6 7076 70 70 3 8 0 143 
3000 83 2 5752 6 2 7073 7077 18 2 8 10 4 6 2 2 16 0 11 8 0 7 7075 71 71 3 8 0 145 
3100 146 6 7055 5 2 8832 8835 27 3 9 14 7 12 2 4 20 0 17 11 0 9 8833 88 88 5 14 0 179 
3200 145 6 7872 8 3 9831 9839 26 3 11 20 8 13 2 3 20 0 17 9 0 11 9834 98 98 6 16 0 200 
3300 145 6 7953 8 4 9932 9941 26 3 11 18 8 13 2 3 21 2 17 9 0 11 9935 99 99 8 16 0 202 
3400 146 8 8026 8 4 10030 10039 26 3 11 18 8 14 2 3 21 2 17 10 0 11 10033 100 100 8 17 0 204 
3500 354 8 9314 9 4 11788 11800 38 8 18 22 16 17 4 7 25 1 27 20 1 13 11793 117 117 6 22 0 238 
3600 357 8 10559 13 6 13394 13409 38 8 20 28 18 18 4 7 29 2 28 21 2 19 13397 133 133 11 21 0 272 
3700 357 8 10558 13 6 13394 13408 38 8 20 28 18 18 4 7 29 3 28 22 2 19 13397 133 133 12 21 0 272 
3800 371 11 10832 11 6 13807 13820 39 8 19 31 19 23 4 7 30 3 29 23 3 21 13809 137 137 13 26 0 279 
3900 408 12 11921 12 8 15448 15464 50 11 22 41 25 33 8 5 31 2 36 17 4 23 15449 152 152 18 31 3 310 
4000 399 9 12919 20 11 16752 16769 47 8 28 44 25 29 8 4 37 2 38 18 4 31 16750 165 165 21 31 5 337 
4100 399 9 12911 20 11 16752 16769 47 8 28 44 25 29 10 4 37 2 38 18 4 31 16750 165 165 21 33 5 337 
4200 409 10 13279 20 11 17260 17278 48 8 30 50 27 33 10 4 36 6 36 18 5 33 17258 170 170 23 38 7 347 
4300 826 15 14848 26 9 19565 19686 58 9 35 59 31 43 12 12 45 6 152 19 6 37 19670 192 192 26 45 10 395 
4400 734 11 15731 32 12 20682 20806 58 7 41 63 32 40 13 11 53 7 153 21 7 47 20784 204 204 26 45 9 424 
4500 733 11 15749 32 12 20681 20806 58 7 41 63 32 39 13 11 53 7 152 21 7 47 20784 204 204 26 45 9 424 
4600 664 13 16294 32 12 21301 21428 62 6 41 65 36 44 15 13 53 7 154 20 9 50 21408 211 211 28 47 9 437 
4700 862 15 18494 36 11 24392 24524 76 11 47 73 42 50 18 18 62 10 172 20 10 60 24503 240 240 30 55 17 495 
4800 898 12 19291 45 14 25436 25570 74 16 58 75 41 51 15 18 73 10 175 27 9 65 25546 251 251 29 54 17 521 
4900 897 12 19336 45 16 25545 25677 74 16 57 75 41 51 15 18 74 12 176 26 9 64 25652 252 252 30 54 17 523 
5000 936 15 19734 44 16 26174 26307 77 17 62 75 41 59 15 18 74 10 177 27 9 64 26284 258 258 36 59 17 539 
5100 1343 18 22131 52 15 29448 29692 94 23 72 88 63 65 115 27 85 14 192 36 15 81 29672 291 291 37 67 26 614 
5200 1400 17 22832 57 17 30660 30854 96 21 79 88 63 67 65 25 92 18 196 37 14 86 30835 301 301 36 70 28 641 
5300 1353 21 23046 57 22 31085 31228 98 21 76 89 64 67 297 26 96 18 147 36 14 85 31204 304 304 38 69 28 645 
5400 1455 24 24109 55 22 32574 32714 111 23 77 98 72 79 298 31 97 18 157 35 11 84 32695 318 318 39 78 29 670 
5500 1514 31 26388 69 27 35599 35653 122 24 84 106 80 87 138 30 98 23 117 45 17 96 35628 346 346 41 85 32 731 
5600 1475 35 27163 74 30 36775 36827 124 27 85 109 81 84 141 31 108 23 117 46 19 101 36803 357 357 43 87 34 761 
5700 1473 36 27471 73 37 37295 37346 126 27 84 110 81 83 144 30 112 26 117 45 19 101 37315 362 362 46 86 32 772 
5800 1857 46 28468 72 38 38282 38531 134 29 87 121 83 92 264 135 113 30 122 43 22 99 38503 376 376 50 193 36 798 
5900 2050 54 30842 86 40 42017 42278 137 33 95 123 87 96 272 138 116 31 140 53 33 119 42248 410 410 60 209 44 861 
6000 2119 59 31369 89 39 43010 43274 142 35 101 134 83 98 268 144 122 34 134 63 35 123 43240 419 419 60 210 50 893 
6100 2125 62 31690 88 44 43540 43801 147 31 101 132 85 97 268 144 130 34 137 61 34 121 43765 424 424 67 210 50 905 
6200 2297 67 33162 94 144 45814 46023 167 26 108 149 95 108 394 110 133 35 153 60 42 125 46004 445 445 77 124 51 946 
6300 2616 72 35157 99 153 48769 48987 179 36 124 151 101 119 402 112 139 39 173 65 48 143 48963 473 473 82 136 66 1005 
6400 2723 77 35690 105 153 49766 49983 181 38 133 152 101 123 403 113 138 39 173 73 48 148 49961 482 482 86 140 70 1033 
6500 2607 78 35890 105 157 50450 50668 180 38 133 152 104 124 403 113 149 41 178 69 50 150 50647 488 488 87 140 65 1066 
6600 2811 83 37921 112 123 53669 53847 205 41 142 172 116 138 298 119 168 42 198 69 50 156 53833 517 517 103 149 71 1120 
6700 2981 90 40264 124 127 57215 57400 218 44 155 167 118 150 315 117 179 46 219 77 57 184 57385 549 549 120 165 73 1187 
6800 3085 100 40738 137 127 58016 58200 223 49 163 176 117 155 311 117 182 45 217 80 59 186 58188 557 557 118 171 73 1212 
6900 3236 104 41109 140 137 58821 59005 218 47 168 170 112 155 313 118 189 51 220 82 62 190 58993 563 563 118 172 74 1230 
7000 3574 113 43339 150 148 62174 62460 236 53 169 187 133 170 420 127 196 54 239 88 69 203 62444 596 596 131 181 86 1310 
7100 3920 129 45954 159 97 66125 66323 254 64 182 190 135 197 374 133 202 57 258 87 70 218 66297 631 631 141 209 90 1381 
7200 4023 138 46426 167 100 67057 67247 262 64 179 203 134 196 495 133 208 59 259 91 71 222 67224 639 639 143 213 94 1405 
7300 4189 144 46922 175 205 67694 67992 265 70 184 203 131 198 499 133 226 63 259 88 77 228 67968 647 647 142 217 97 1424 
7400 4453 157 49120 199 214 71031 71451 298 82 203 218 150 304 388 142 246 73 287 89 97 237 71420 681 681 148 223 113 1504 
7500 5161 171 51586 202 214 75123 75499 308 295 216 209 145 322 348 144 252 85 309 105 225 263 75459 714 714 159 234 117 1568 
7600 5286 198 53258 211 216 76395 76794 317 302 238 216 144 319 363 142 257 88 329 111 223 280 76732 726 726 170 245 121 1627 
7700 5170 209 53905 218 219 77376 77784 323 306 241 218 149 328 485 150 261 93 341 110 232 286 77723 736 736 169 253 121 1649 
7800 5490 219 56236 333 231 80914 81389 342 215 248 235 164 288 497 158 269 92 349 113 251 305 81320 770 770 190 267 140 1721 
7900 5827 226 58430 241 183 85035 85462 348 225 245 249 166 315 501 171 264 200 355 126 261 327 85415 805 805 200 275 142 1784 
8000 6131 239 59059 254 183 86802 87170 358 330 249 259 167 319 501 163 273 158 364 343 262 330 87123 817 817 203 280 151 1819 
8100 6079 249 59578 258 188 87639 88017 357 233 252 262 163 320 510 167 288 165 365 342 271 349 87966 826 826 200 283 156 1843 
8200 6214 274 61505 268 191 90245 90695 374 248 268 274 181 339 400 164 285 168 395 400 284 366 90637 855 855 219 293 167 1904 
8300 6562 289 64516 329 147 94936 95389 385 253 280 281 186 373 409 176 299 176 402 406 287 395 95333 896 896 237 302 177 1992 
8400 6704 292 65021 338 154 96446 96791 399 257 286 281 184 326 409 134 311 176 413 412 285 400 96744 906 906 240 308 185 2029 
8500 6848 304 65691 346 157 97516 97913 400 369 291 288 182 327 416 140 357 187 421 411 303 423 97864 918 918 244 315 188 2064 
8600 7435 338 67683 347 170 100620 100996 418 372 287 323 207 353 430 136 346 136 438 524 476 439 100932 949 949 269 340 204 2122 
8700 7798 353 70807 368 179 105302 105734 540 283 302 338 216 389 300 146 311 144 459 447 470 464 105653 993 993 305 361 209 2208 
8800 8151 355 71421 374 186 106801 107230 549 294 311 340 215 379 181 158 327 142 467 470 464 468 107151 1005 1005 317 362 220 2254 
8900 8455 364 72752 345 214 107936 108367 571 319 324 352 241 405 181 164 357 142 494 473 471 465 108355 1019 1019 317 378 241 2315 
9000 8681 389 74377 337 237 111392 111689 495 319 325 374 281 434 192 157 346 156 520 532 497 479 111668 1047 1047 328 394 269 2371 
9100 8910 387 76947 371 240 115527 115820 517 423 345 371 284 475 190 168 365 167 537 633 241 520 115797 1084 1084 364 420 272 2451 
9200 8871 381 77531 369 253 116537 116817 515 437 348 368 287 469 185 178 374 167 536 639 239 527 116801 1093 1093 376 417 276 2477 
9300 9048 393 78707 379 259 118525 118813 529 435 365 391 284 477 190 179 381 169 535 650 266 537 118787 1113 1113 381 438 283 2541 
9400 9734 403 80688 379 271 122336 122651 571 462 366 415 314 489 212 180 376 167 568 733 289 543 122564 1145 1145 404 460 311 2599 
9500 10869 416 83386 398 282 126346 126786 602 366 387 410 330 512 216 183 385 173 593 551 287 565 126707 1180 1180 433 472 323 2668 
9600 11273 414 84359 400 288 128363 128797 612 476 392 418 335 522 218 189 404 186 597 561 287 567 128714 1196 1196 444 469 324 2708 
9700 11688 427 85686 418 300 131218 131663 619 487 419 444 319 524 226 200 418 192 607 571 304 592 131580 1220 1220 451 481 334 2794 
9800 11956 457 87604 418 302 134433 134888 636 498 424 481 352 559 242 201 426 208 620 533 351 623 134784 1249 1249 465 501 334 2850 
9900 12998 474 89333 441 295 138778 139301 641 522 462 483 352 576 242 194 431 220 632 548 358 642 139200 1282 1282 487 518 356 2900 
10000 13650 478 90516 454 297 141031 141539 661 536 471 486 356 575 245 208 458 241 648 556 358 659 141442 1304 1304 502 520 357 2965 
10100 13615 497 92597 476 330 143458 143919 690 469 498 506 367 601 250 210 488 238 669 563 382 671 143792 1328 1328 504 534 377 3069 
10200 14257 528 94405 484 333 146002 146829 714 463 498 542 401 626 258 216 547 242 808 585 506 684 146699 1357 1357 532 567 499 3139 
10300 15844 544 96076 652 324 149774 150879 719 469 521 545 399 651 266 216 547 341 975 904 517 708 150763 1390 1390 556 582 515 3188 
10400 16215 548 97244 602 315 152234 153315 725 369 535 549 410 668 267 222 567 289 975 915 518 717 153187 1410 1410 596 706 510 3226 
10500 16258 558 98835 618 319 155073 156136 734 386 572 567 410 673 274 228 569 301 976 918 528 746 156029 1437 1437 606 775 472 3302 
10600 17176 567 100839 615 350 159652 160795 766 499 574 622 449 703 284 231 602 309 1028 844 577 757 160676 1472 1472 634 752 521 3374 
10700 18205 583 103126 629 358 163312 164498 805 522 595 624 456 735 298 224 616 336 936 794 588 778 164383 1503 1503 638 705 540 3443 
10800 18873 587 104327 644 352 165435 166607 810 524 603 628 481 743 302 226 628 341 1049 1005 602 784 166554 1520 1520 668 723 494 3474 
10900 19309 608 105964 671 358 168411 169538 852 548 623 660 493 766 312 252 634 294 1051 1103 634 806 169506 1548 1548 680 741 500 3556 
11000 19084 613 106764 679 371 171807 172786 848 546 621 725 510 756 318 262 617 299 1019 1029 679 840 172772 1576 1576 719 753 506 3603 
11100 19777 636 108836 705 389 176724 177492 887 464 659 721 535 773 341 263 650 337 1068 936 649 848 177501 1611 1611 728 771 537 3674 
11200 19929 649 109808 712 382 178435 179246 901 478 668 712 555 785 390 275 666 339 1086 944 646 859 179259 1627 1627 746 788 544 3715 
11300 20220 673 111341 734 397 181585 182383 905 504 687 740 556 795 414 293 677 349 1295 938 662 893 182405 1655 1655 767 814 556 3795 
11400 20895 664 112843 730 420 185669 186411 929 520 693 812 598 821 400 330 675 349 1220 1059 712 928 186396 1684 1684 785 823 584 3862 
11500 21771 684 115530 736 441 189629 190478 978 538 715 841 607 871 353 347 690 363 1243 836 755 937 190508 1724 1724 809 842 769 3955 
11600 22925 685 117118 701 437 193271 194044 994 767 719 832 627 889 366 355 730 370 1171 856 744 959 194102 1748 1748 845 867 779 4022 
11700 23671 696 118745 727 462 196431 197356 1021 768 741 879 794 892 379 369 774 380 1176 864 760 991 197425 1778 1778 873 888 788 4107 
11800 23070 725 120746 734 490 199791 200739 1035 793 755 901 818 930 377 384 762 381 1637 886 806 1037 200806 1813 1813 889 908 830 4192 
11900 22855 748 122720 769 518 203602 204366 1041 836 767 922 832 939 399 397 716 404 1552 798 855 1047 204449 1848 1848 915 927 725 4275 
12000 23516 769 124035 794 514 207234 208046 1260 848 777 933 853 979 414 504 744 413 1589 819 798 1074 208141 1873 1873 922 930 734 4328 
12100 23201 791 125588 820 513 209964 210743 1365 1088 800 951 784 982 416 471 768 422 1591 1026 814 1083 210841 1900 1900 948 962 740 4407 
12200 23219 832 127498 839 532 213186 213983 1368 995 803 987 834 1068 434 482 751 426 1605 1047 840 1118 214084 1933 1933 977 992 756 4481 
12300 23966 845 129340 843 553 216434 217264 1341 1030 833 981 852 1091 445 536 766 422 1854 1073 876 1356 217403 1964 1964 978 1038 770 4567 
12400 24723 867 131408 868 580 220841 221742 1361 1038 852 979 864 1103 472 547 817 444 1886 1079 893 1370 221864 1999 1999 982 1043 828 4677 
12500 25379 991 133267 903 601 223171 224408 1580 1065 878 1013 866 1115 474 565 829 452 1899 1080 895 1384 224568 2028 2028 1005 1164 923 4754 
12600 25604 1033 135051 929 641 226036 227397 1575 1090 893 1030 815 1141 492 567 925 458 1801 1479 931 1319 227571 2060 2060 1051 1178 945 4829 
12700 26868 1054 136975 939 659 230797 232298 1659 1233 912 1037 829 1180 513 596 923 468 1838 1443 953 1369 232470 2094 2094 1071 1232 978 4893 
12800 28194 1062 138801 1071 675 234567 236136 1618 1127 941 1050 928 1200 533 565 950 521 1994 1175 962 1501 236283 2125 2125 1089 1252 987 4985 
12900 29277 1091 139974 1026 687 238029 239619 1635 1160 955 1080 938 1225 546 557 968 530 2343 1306 1060 1519 239743 2149 2149 1113 1258 938 5060 
13000 29524 1127 141676 1034 706 241223 242800 1943 1186 973 1150 990 1265 645 565 961 556 2021 1330 1102 1456 242960 2181 2181 1157 1205 907 5149 
13100 30561 1155 144119 1053 724 246288 247829 2066 1220 1007 1171 1014 1305 649 584 960 559 1957 1292 1138 1509 247970 2223 2223 1181 1207 953 5237 
13200 31587 1194 146412 1071 730 250608 252199 2088 1472 1025 1212 1037 1335 670 593 930 587 2009 1448 1154 1551 252319 2259 2259 1289 1237 977 5327 
13300 31613 1218 147735 1089 742 252892 254575 2213 1500 1036 1226 1050 1361 683 652 949 593 2008 1348 1165 1536 254687 2284 2284 1305 1251 968 5402 
13400 32489 1196 149499 1144 775 257489 259003 2234 1525 1060 1306 1088 1380 632 666 967 604 2339 1300 1156 1580 259140 2319 2319 1343 1266 977 5504 
13500 33642 1211 151356 1171 801 261719 263268 2385 1458 1062 1319 1150 1412 640 682 966 652 2393 1223 1204 1638 263379 2353 2353 1336 1304 1049 5586 
13600 34711 1228 153876 1190 804 267494 268900 2623 1486 1096 1358 1180 1442 682 726 1003 674 2439 1141 1236 1694 269042 2397 2397 1370 1346 1030 5700 
13700 38132 1258 156581 1245 823 272368 273708 2672 1878 1128 1365 1205 1453 729 745 1062 708 2383 1176 1264 1704 273897 2433 2433 1371 1388 1029 5813 
13800 37688 1266 158078 1293 867 277538 278682 2574 1905 1144 1417 1228 1502 716 761 1082 717 2271 1395 1298 1730 278838 2472 2472 1416 1365 1050 5938 
13900 37957 1293 160044 1301 929 281848 282947 2548 1924 1150 1443 1261 1565 753 764 1093 712 2518 1400 1359 1751 283103 2509 2509 1460 1386 1127 6014 
14000 39692 1317 163242 1307 925 288244 289539 2588 1844 1180 1485 1278 1607 780 806 1071 732 2559 1365 1387 1814 289670 2559 2559 1455 1441 1166 6116 
14100 41625 1320 167133 1344 934 293161 294512 2716 1756 1208 1500 1296 1629 821 834 1077 770 2599 1323 1393 2054 294675 2594 2594 1440 1484 1181 6201 
14200 41704 1348 169217 1493 1000 296813 298356 2704 2159 1225 1525 1303 1653 833 862 1088 800 2729 1284 1437 2085 298560 2634 2634 1453 1536 1189 6320 
14300 43443 1388 172030 1590 1078 300689 302479 2630 1972 1241 1592 1351 1711 837 874 1138 840 2597 1320 1460 2169 302778 2680 2680 1727 1558 1247 6463 
14400 43671 1402 173768 1543 1065 305596 307509 2447 1785 1281 1651 1404 1717 867 899 1164 839 2854 1220 1469 2303 307787 2717 2717 1737 1695 1329 6558 
14500 44582 1420 176237 1589 1085 311611 313403 2320 1802 1313 1663 1428 1732 934 890 1170 859 2889 1335 1471 2339 313729 2759 2759 1754 1742 1332 6676 
14600 44387 1417 178653 1651 1134 316462 318042 2601 1840 1332 1713 1461 1784 923 900 1159 881 2570 1377 1546 2360 318430 2793 2793 1781 1795 1350 6803 
14700 42970 1457 180666 1662 1172 319158 320850 2612 2005 1341 1739 1625 1815 906 1026 1175 930 2472 1420 1607 2406 321216 2835 2835 1799 1807 1364 6941 
14800 45099 1459 182052 1671 1211 324166 326268 2440 2174 1376 1892 1687 1844 939 1068 1245 961 2414 1413 1736 2618 326669 2873 2873 1771 1888 1403 7017 
14900 45854 1480 184723 1678 1222 329509 331506 2476 2208 1424 1911 1657 1856 974 1104 1267 996 2472 1415 1751 2636 331903 2918 2918 1733 1939 1456 7143 
15000 47984 1511 186973 1752 1221 334561 336688 2357 2251 1462 1982 1685 1873 1029 1138 1399 1004 2499 1394 1778 2548 337160 2956 2956 1863 2074 1480 7235 
15100 46397 1578 188795 1674 1277 336645 338377 2675 2291 1471 2023 1659 1919 1021 1063 1332 1016 2856 1527 1934 2440 338829 2987 2987 1905 2107 1621 7330 
15200 46490 1576 190188 1700 1321 342483 343857 2532 2311 1473 1966 1662 1969 1050 1107 1374 1025 2786 1665 1986 2434 344293 3028 3028 1887 2143 1573 7454 
15300 48257 1607 192843 1716 1334 347006 348376 2361 2568 1500 2012 1705 2009 1087 1133 1400 1070 2848 1537 1940 2595 348838 3059 3059 1950 2012 1600 7537 
15400 49166 1629 194242 1749 1369 351719 352985 2382 2361 1536 2064 1733 2004 1123 1175 1402 1079 2852 1576 1869 2638 353504 3091 3091 1956 1992 1609 7608 
15500 49793 1666 196894 1786 1392 353716 355190 2318 2423 1530 2080 1770 2065 1140 1214 1433 1089 2993 1729 1895 2756 355714 3119 3119 1943 2119 1625 7701 
15600 49590 1876 198189 1794 1406 356056 357555 2582 2358 1537 2087 1803 2079 1136 1219 1438 1054 3135 1751 1914 2784 358058 3141 3141 1973 2089 1657 7795 
15700 50013 1894 200011 1826 1552 359995 361685 2524 2394 1549 2259 1839 2094 1147 1261 1474 1102 3076 1679 1912 2839 362176 3174 3174 1986 2080 1662 7891 
15800 51585 1906 201294 1944 1571 363398 365341 2531 2092 1600 2295 1971 2225 1194 1311 1485 1129 3138 1932 1900 2843 365849 3201 3201 1974 2136 1685 7957 
15900 51620 1724 201885 1970 1589 366921 368799 2561 2224 1600 2328 1988 2257 1224 1213 1514 1114 3173 1883 1915 2717 369326 3234 3234 2044 2074 1696 8014 
16000 50722 1740 202367 1992 1599 368396 370313 2449 2385 1583 2328 2003 2235 1228 1186 1528 1143 3095 1908 1978 2720 370855 3254 3254 2055 2053 1724 8049 
16100 51072 1729 203337 2055 1543 371349 373194 2674 2463 1600 2270 2059 2283 1252 1195 1502 1178 3335 1894 1984 2751 373737 3278 3278 2083 2080 1739 8167 
16200 51975 1744 204451 2058 1534 375314 377077 2653 2396 1654 2260 2049 2386 1255 1242 1505 1190 3474 1800 1980 2757 377690 3301 3301 2107 2141 1788 8239 
16300 54328 1795 206272 2086 1569 380567 382370 2691 2224 1679 2282 2057 2426 1259 1257 1506 1194 3395 1728 2009 2780 382961 3332 3332 2125 2179 1794 8342 
16400 53680 1800 207076 2091 1632 380455 382472 2697 2229 1670 2301 2070 2469 1262 1416 1505 1224 3179 1977 2033 2745 383172 3346 3346 2118 2151 1835 8350 
16500 53810 1817 207748 2111 1598 381003 383199 2494 2387 1668 2323 2099 2512 1297 1426 1559 1251 3110 2064 2055 2892 383930 3357 3357 2136 2176 1853 8359 
16600 54222 1836 208279 2122 1617 383205 385562 2501 2361 1678 2343 2130 2504 1280 1455 1754 1273 3160 2061 2040 2949 386341 3371 3371 2109 2203 1888 8366 
16700 54510 1867 208639 2134 1648 387210 389122 2488 2379 1698 2323 2125 2423 1309 1496 1772 1284 3156 1985 2043 2957 389928 3387 3387 2122 2430 1911 8424 
16800 54266 1884 209410 2165 1669 389238 390957 2456 2420 1691 2495 2108 2394 1295 1488 1587 1291 3036 1914 2189 2989 391791 3407 3407 2072 2298 1935 8426 
16900 54663 1912 209793 2150 1618 389906 391903 2375 2444 1696 2655 2390 2408 1310 1488 1620 1306 2963 1899 2216 3111 392729 3419 3419 2103 2314 1931 8448 
17000 54550 1952 209845 2106 1655 391189 392970 2409 2516 1699 2587 2328 2459 1315 1434 1662 1311 2883 2000 2185 3132 393770 3427 3427 2107 2353 1918 8492 
17100 56493 1931 210910 2145 1650 396385 398035 2459 2445 1737 2515 2404 2453 1329 1483 1691 1319 2932 2012 2202 3144 398878 3451 3451 2133 2396 1912 8537 
17200 56431 1950 212122 2158 1635 398435 399952 2690 2482 1745 2556 2418 2482 1339 1415 1705 1312 3063 1937 2234 3113 400830 3473 3473 2160 2289 1968 8583 
17300 54966 1979 211359 2269 1648 397226 398789 2679 2478 1737 2588 2388 2526 1358 1412 1705 1429 3066 1938 2243 3060 399664 3476 3476 2117 2313 1920 8627 
17400 54909 2007 212229 2263 1665 397925 399448 2579 2537 1736 2809 2404 2540 1350 1416 1704 1470 3099 1917 2269 3110 400279 3489 3489 2148 2320 1932 8660 
17500 54721 2018 212642 2285 1684 401118 402469 2338 2606 1755 2846 2362 2519 1367 1435 1710 1491 2981 1919 2422 3136 403307 3507 3507 2132 2536 1962 8692 
17600 55674 2009 213027 2316 1874 402851 404253 2337 2685 1772 2677 2382 2496 1383 1432 1710 1461 3019 2133 2409 3082 405087 3517 3517 2146 2652 1980 8727 
17700 55588 2130 212105 2329 1825 403929 405307 2336 2669 1742 2688 2399 2467 1392 1429 1702 1492 2934 2068 2480 2981 406100 3520 3520 2142 2642 2004 8730 
17800 54957 2246 213124 2337 1830 404101 405464 2307 2702 1749 2716 2313 2529 1470 1442 1736 1443 3057 2009 2506 3143 406258 3532 3532 2174 2703 1958 8758 
17900 55075 2262 213216 2350 1759 404928 406440 2345 2847 1731 2863 2345 2552 1466 1479 1739 1451 3014 2261 2512 3162 407230 3541 3541 2170 2685 1986 8759 
18000 55161 2434 212932 2381 1757 405933 407434 2262 2869 1748 2799 2349 2563 1422 1494 1787 1455 3076 2167 2480 3098 408219 3553 3553 2190 2699 2071 8832 
18100 54887 2362 213932 2418 1790 405156 406792 2264 2998 1742 2708 2397 2556 1443 1482 1798 1483 3153 2054 2540 3092 407579 3556 3556 2246 2680 2083 8836 
18200 54129 2289 213562 2385 1779 403944 405655 2456 2990 1779 2766 2407 2739 1451 1488 1801 1503 3163 2073 2600 3078 406468 3558 3558 2275 2680 2076 8850 
18300 53935 2283 213771 2368 1811 404851 406585 2416 3011 1779 2813 2435 2589 1426 1502 1832 1626 3262 2084 2474 3120 407409 3566 3566 2386 2684 2082 8880 
18400 55021 2235 213602 2397 1830 407661 409220 2314 3005 1825 2910 2544 2597 1470 1524 1861 1573 3250 2068 2530 3054 410070 3571 3571 2388 2721 2115 8890 
18500 54525 2233 212814 2389 1844 408467 410039 2286 3006 1826 2844 2544 2605 1498 1545 1834 1740 3253 2066 2498 2944 410915 3577 3577 2389 2688 2180 8872 
18600 55016 2235 212489 2411 1816 408775 410331 2157 3144 1846 2754 2507 2639 1601 1579 1818 1761 3264 2006 2645 2958 411195 3579 3579 2588 2695 2186 8890 
18700 53305 2280 212464 2419 1807 407896 409372 2118 3291 1850 2784 2508 2635 1592 1582 1804 1677 3243 1989 2640 3056 410244 3582 3582 2570 2737 2140 8903 
18800 55086 2256 212466 2434 1868 409100 411284 2116 3200 1880 2823 2531 2622 2365 1616 1842 1724 3208 1908 2511 3064 412195 3589 3589 2475 2667 2122 8904 
18900 55935 2230 214077 2421 1867 408647 411421 2131 3184 1873 2926 2695 2693 2387 1674 1885 1854 3253 2009 2520 3053 412331 3592 3592 2718 2717 2214 8938 
19000 56931 2238 213643 2431 1870 408907 411730 2098 3149 1877 2835 2703 2710 2364 1684 1855 1865 3275 2136 2556 3082 412642 3588 3588 2739 2688 2232 8917 
19100 55999 2360 213740 2403 1885 408014 410767 2056 3157 1901 2852 2825 2714 2387 1682 1842 1877 3261 2047 2510 3086 411690 3589 3589 2672 2727 2222 8926 
19200 56446 2253 212984 2463 2005 409182 411932 2079 3259 1931 2836 2817 2727 2381 1705 1875 1861 3259 2054 2648 3035 412855 3596 3596 2645 2686 2206 8955 
19300 54827 2259 211958 2410 2031 408671 411195 2072 3308 1935 2809 2658 2730 2425 1734 1880 1745 3288 2086 2645 2906 412142 3598 3598 2654 2704 2223 8933 
19400 54677 2264 211384 2409 1975 407961 410840 2160 3202 1928 2944 2619 2786 2802 1764 1888 1736 3266 2001 2680 2942 411764 3596 3596 2699 2660 2268 8947 
19500 55411 2256 211180 2426 1981 407814 410835 2099 3206 1937 2951 2605 2789 2825 1793 2069 1804 3288 1996 2581 2982 411760 3597 3597 2711 2685 2310 8950 
19600 55639 2264 209910 2436 2014 408121 411030 2058 3220 1958 2960 2824 2760 2815 1777 2082 1896 3083 1939 2620 2899 411956 3596 3596 2587 2696 2266 8968 
19700 56131 2256 210131 2665 2031 408364 411185 2063 3240 2018 2888 2777 2754 2832 1774 2110 1754 3290 1966 2747 2888 412127 3595 3595 2572 2612 2266 9005 
19800 56170 2275 209858 2732 2059 407166 410065 2059 3115 2013 3125 2674 2793 2948 1910 2089 1748 3340 1981 2755 2888 411007 3596 3596 2479 2628 2310 9020 
19900 57117 2283 209247 2693 2065 408104 411169 2052 3202 2039 3043 2692 2781 2954 1910 2077 1708 3414 1929 2815 2859 412045 3598 3598 2491 2622 2316 9091 
20000 57288 2311 209201 2675 2189 408462 411608 2046 3232 2051 2930 2719 2779 2942 1883 1996 1719 3363 1942 2911 2868 412526 3600 3600 2500 2690 2321 9109 
20100 56964 2291 209133 2696 2189 408945 411922 2047 3217 2054 2838 2733 2718 2870 1883 1992 1789 3599 1956 2798 2838 412802 3599 3599 2458 2670 2296 9102 
20200 56590 2285 208678 2697 2176 408407 411207 2036 3075 2068 2829 2708 2748 2890 1886 2008 1791 3593 1970 2895 2826 412104 3597 3597 2453 2658 2312 9054 
20300 56124 2249 208697 2715 2140 409470 411708 2039 3037 2049 2841 2701 2789 2467 1903 1994 1799 3613 1980 2850 2857 412565 3599 3599 2514 2659 2316 9068 
20400 54593 2478 208676 2654 2144 407911 410164 2028 2942 2053 2848 2699 2755 2451 1906 1985 1832 3466 1968 2867 2899 411012 3599 3599 2518 2705 2328 9054 
20500 53752 2488 207473 2686 2163 407349 409631 2005 3080 2084 2948 2811 2936 2439 1944 2000 1843 3252 2006 2854 3003 410527 3598 3598 2719 2731 2360 9053 
20600 53265 2448 206994 2704 2137 407758 409445 2004 3190 2113 2924 2828 2953 1657 1932 2003 1834 3300 2008 2848 3017 410324 3594 3594 2730 2721 2370 9077 
20700 52448 2467 206237 2616 2144 408118 409623 2011 3202 2126 2912 2776 3017 1695 1892 2019 1844 3218 2017 2850 3037 410503 3595 3595 2769 2730 2367 9085 
20800 52914 2325 206613 2775 2374 407509 409098 2014 3223 2119 2919 2748 3040 1675 2084 2049 1795 3245 2017 3224 3031 409947 3594 3594 2773 2758 2392 9093 
20900 51558 2339 206611 2678 2483 407014 408503 2004 3123 2128 2922 2661 3046 1683 2095 2166 1721 3241 2026 3241 3037 409818 3597 3597 2774 2748 2442 9140 
21000 51259 2407 205842 2666 2363 408040 409211 2008 3263 2177 2949 2613 3080 1675 2128 2164 1646 3228 2144 3116 3033 410577 3597 3597 2884 2734 2443 9121 
21100 50393 2304 205458 2613 2274 407961 409054 2083 3237 2170 2839 2616 3092 1814 2101 2148 1662 3392 2134 3097 3023 410403 3599 3599 3156 2747 2471 9118 
21200 50725 2321 205306 2588 2287 407839 408901 2081 3249 2151 2917 2604 2972 1746 2026 2077 1677 3430 2127 3117 3062 410268 3598 3598 3190 2749 2488 9150 
21300 50208 2343 204968 2632 2276 407246 408420 2076 3543 2151 2911 2630 2958 1743 2039 2094 1721 3414 2127 3220 3081 409747 3599 3599 3171 2806 2644 9196 
21400 50935 2326 204580 2613 2296 406968 408358 2084 3345 2184 2961 2639 2966 1733 2033 2187 1703 3405 2176 3133 3066 409690 3599 3599 3135 2836 2577 9181 
21500 50085 2405 204257 2633 2309 406631 407956 2069 3389 2246 2970 2690 2866 1785 1937 2346 1740 3429 2252 3095 3071 409305 3600 3600 2985 2832 2585 9181 
21600 50390 2425 204392 2596 2304 406032 407337 2060 3542 2224 2919 2703 2882 1788 1934 2612 1750 3452 2260 3082 3299 408677 3599 3599 3091 2830 2606 9198 
21700 50776 2450 203571 2625 2171 405952 407396 2206 3563 2204 2902 2706 2852 1765 1964 2583 1762 3435 2242 2838 3252 408795 3598 3598 3153 2907 2677 9248 
21800 49485 2433 203305 2638 2197 404986 406689 2208 3288 2228 2899 2792 2865 1736 2068 2384 1796 3417 2214 2968 3232 408102 3600 3600 3041 2887 2737 9253 
21900 48947 2412 203449 2625 2207 403991 405756 2197 3306 2256 2942 2789 2882 1749 2065 2406 1807 3448 2188 3072 3223 407153 3599 3599 3070 2882 2736 9238 
22000 50023 2526 203502 2759 2213 404402 406591 2197 3302 2196 2942 2839 2892 1775 2160 2423 1803 3380 2169 3108 3247 407969 3598 3598 3070 3089 2750 9248 
22100 48602 2557 202841 2763 2226 403885 406009 2166 3426 2202 2862 2808 2824 1778 2129 2413 1816 3372 2161 3112 3237 407378 3597 3597 3213 3112 2724 9237 
22200 48559 2536 202097 2827 2255 402457 404789 2168 3316 2211 2999 2859 2983 1747 2105 2412 1831 3406 2172 3166 3260 406024 3594 3594 3187 3106 2749 9253 
22300 47446 2518 203879 2854 2262 401882 404216 2168 3212 2252 3085 2863 3051 1699 2129 2633 1831 3395 2235 3187 3384 405296 3597 3597 3318 3125 2774 9235 
22400 47543 2536 203813 2870 2382 401943 404396 2101 3232 2228 2975 2894 3157 1877 2136 2576 1851 3395 2246 3540 3421 405442 3598 3598 3378 3106 2784 9258 
22500 47786 2566 202514 2848 2388 402129 404411 2029 3280 2227 2910 2849 3110 1897 2126 2471 1837 3420 2245 3393 3296 405426 3598 3598 3323 3063 2792 9285 
22600 48717 2563 201254 2896 2387 402548 404745 2073 3274 2222 2876 2890 2960 1913 2100 2463 1875 3440 2235 3521 3375 405773 3598 3598 3179 3035 2711 9332 
22700 49386 2562 201874 2905 2382 402873 404956 2067 3552 2385 2910 2895 3003 1921 2095 2499 1893 3431 2194 3436 3308 405974 3598 3598 3486 3005 2762 9285 
22800 49097 2575 201429 2875 2314 403034 405001 1965 3525 2355 2874 2985 2940 1919 2081 2516 1866 3460 2205 3477 3230 405992 3595 3595 3409 2977 2753 9266 
22900 48625 2420 201476 2789 2313 402609 404499 1956 3559 2347 2816 3100 2941 1934 2120 2513 1857 3399 2220 3379 3209 405539 3597 3597 3363 2997 2773 9284 
23000 49093 2427 201145 2776 2342 403887 405609 1970 3541 2367 2824 3070 2922 2037 2067 2466 1879 3388 2252 3545 3204 406610 3596 3596 3207 2997 2731 9297 
23100 48610 2427 200526 2810 2355 404658 406196 1991 3506 2387 2820 3050 2971 2055 2071 2325 1898 3371 2258 3565 3134 407218 3597 3597 3218 2957 2726 9321 
23200 48559 2411 200318 2706 2345 403112 404876 1967 3535 2410 2927 3074 2980 2072 2078 2376 1898 3420 2294 3629 3132 405926 3596 3596 3495 2917 2775 9307 
23300 48437 2420 200134 2772 2347 400947 402988 1956 3550 2397 2950 3082 3044 2009 2084 2374 1906 3443 2264 3509 3137 403987 3593 3593 3407 2865 2753 9303 
23400 48118 2305 200013 2798 2369 401515 403405 2146 3588 2419 2950 3089 3040 1876 2021 2254 1886 3416 2379 3916 3169 404426 3594 3594 3373 2869 2786 9319 
23500 48927 2332 199881 2863 2389 402583 404430 2054 3552 2446 2988 3109 3078 1920 2017 2269 1960 3386 2391 3717 3153 405457 3595 3595 3295 2889 2806 9332 
23600 48638 2334 199691 2833 2387 402137 403926 2072 3540 2460 2965 3124 3121 1946 2001 2291 1968 3382 2614 3769 3117 404880 3597 3597 3271 2915 2789 9311 
23700 49185 2458 198956 2808 2374 402040 403837 2075 3578 2343 3004 3070 3114 2132 1988 2289 2050 3408 2597 3380 3151 404902 3597 3597 3122 2926 2872 9323 
23800 50049 2434 198770 2921 2499 403137 405004 2108 3600 2347 2977 3050 3133 2112 2015 2317 2060 3388 2583 3391 3074 406050 3597 3597 3154 2914 2879 9341 
23900 50799 2295 198200 2934 2436 404620 406316 2097 3497 2370 2975 3095 3139 2113 2044 2307 2049 3385 2522 3284 3121 407422 3596 3596 3149 2906 3518 9394 
24000 49253 2296 197747 2937 2420 404362 406048 1960 3499 2388 2972 3111 3204 2182 2056 2523 2072 3402 2516 3476 3139 407264 3597 3597 3250 2879 5384 9398 
24100 47531 2323 197254 2804 2410 403411 404809 1934 3496 2348 3011 3115 3229 2207 2013 2473 2087 3443 2578 3525 3127 406097 3597 3597 3240 2867 6147 9425 
24200 48783 2368 197115 2791 2477 404403 405887 1923 3520 2352 2962 3117 3268 2132 2002 2666 2230 3440 2627 3516 3174 407172 3597 3597 3251 2926 6007 9444 
24300 49797 2352 197184 2813 2480 403572 405096 1900 3535 2382 2968 3082 3350 2157 1985 2681 2264 3432 2504 3523 3200 406634 3593 3593 3205 2951 6071 9429 
24400 50773 2325 196925 2817 2489 403367 405258 1934 3573 2425 3016 3479 3332 2217 2011 2766 2310 3400 2608 3430 3185 406804 3593 3593 3435 2913 5906 9415 
24500 50439 2327 197270 2830 2461 403579 405487 1928 3575 2385 3048 3513 3396 2237 2031 2787 2315 3448 2515 3412 3196 406950 3599 3599 3396 2877 6093 9402 
24600 50446 2346 196708 2805 2461 403526 405450 1909 3487 2380 3050 3404 3395 2115 2007 2762 2303 3454 2576 3394 3249 407086 3595 3595 3307 2903 6802 9430 
24700 50524 2391 196471 2843 2408 403318 405293 1954 3470 2400 3067 3411 3376 2096 2001 2767 2297 3440 2688 3372 3268 406861 3596 3596 3306 2974 6792 9410 
24800 50176 2364 195841 2854 2447 401860 403942 2002 3471 2426 3056 3557 3409 2115 2062 2785 2356 3442 2659 3344 3311 405373 3594 3594 3311 2995 7144 9429 
24900 50900 2594 195822 2882 2448 402690 404652 1996 3498 2430 3080 3554 3466 2487 2185 2523 2320 3474 2617 3394 3341 406213 3599 3599 3327 2970 6931 9439 
25000 49394 2521 195045 2876 2573 400528 402678 2150 3412 2417 3075 3380 3501 2405 2240 2494 2325 3463 2584 3365 3364 404282 3595 3595 3290 2973 7211 9422 
25100 49528 2521 194571 2866 2608 401628 403545 2080 3384 2434 3105 3336 3499 2405 2211 2517 2342 3447 2473 3523 3365 405068 3596 3596 3100 3044 7610 9459 
25200 49967 2512 194559 3083 2585 402271 404194 2078 3411 2471 3098 3277 3458 2367 2186 2514 2323 3495 2639 3475 3331 405969 3597 3597 3063 3075 7589 9439 
25300 49100 2473 194085 3117 2578 403149 405130 2081 3446 2516 3113 3170 3532 2434 2247 2568 2309 3557 2590 3429 3329 406776 3598 3598 3069 3058 7343 9424 
25400 47641 2516 194416 3125 2586 403087 404946 2051 3600 2487 3104 3182 3537 2332 2179 2667 2313 3563 2439 3327 3542 406544 3599 3599 3086 3156 7354 9407 
25500 47151 2540 194304 3171 2494 402485 404179 2045 3596 2502 3109 3373 3508 2276 2438 2673 2362 3494 2451 3324 3597 405609 3598 3598 3104 3183 7638 9396 
25600 48783 2462 193391 3162 2470 404373 405938 2072 3507 2532 3111 3384 3484 2282 2454 2621 2369 3550 2333 3446 3481 407610 3598 3598 3105 3178 9192 9457 
25700 48674 2449 193012 3194 2496 403962 405520 2094 3505 2562 3143 3381 3521 2271 2389 2553 2387 3569 2309 3445 3481 407246 3597 3597 3217 3164 9696 9423 
25800 48052 2455 192488 3237 2525 403510 405074 2079 3533 2549 3163 3389 3550 2307 2374 2557 2347 3583 2311 3452 3483 406731 3596 3596 3252 3117 9342 9461 
25900 46861 2514 192116 3232 2528 402617 404211 2050 3656 2509 3177 3338 3529 2315 2383 2573 2376 3591 2255 3439 3519 405945 3597 3597 3315 3149 9282 9484 
26000 47436 2493 192746 3207 2617 403632 404975 1978 3614 2564 3181 3496 3351 2252 2512 2579 2380 3641 2257 3463 3536 406744 3595 3595 3301 3173 8956 9504 
26100 48838 2499 192511 3116 2633 404425 406084 2121 3669 2592 3285 3478 3386 2223 2598 2691 2337 3705 2251 3505 3593 407864 3598 3598 3325 3304 10409 9545 
26200 47471 2560 191897 3138 2939 402594 404180 2108 3590 2571 3489 3364 3404 2224 2614 2638 2335 3750 2275 3594 3592 406077 3594 3594 3207 3214 9930 9538 
26300 46048 2586 191699 3136 2913 400310 401981 2115 3564 2522 3509 3443 3402 2335 2520 2735 2362 3719 2340 3719 3612 403859 3592 3592 3341 3162 9703 9514 
26400 46558 2600 191769 3141 2902 401557 403154 2138 3592 2556 3366 3522 3426 2350 2728 2749 2392 3725 2366 3664 3624 404976 3594 3594 3345 3172 9571 9573 
26500 46664 2639 190324 3150 2887 402497 404123 2118 3757 2535 3284 3534 3399 2302 2685 2796 2425 3736 2391 3631 3620 406083 3593 3593 3385 3238 10281 9533 
26600 46720 2665 190495 3155 2939 403659 405272 2122 3785 2556 3174 3679 3462 2361 2889 2672 2415 3756 2418 3675 3648 407064 3599 3599 3397 3229 11565 9523 
26700 45638 2719 190047 3138 3002 401085 402970 2113 3766 2519 3180 3715 3505 2415 2678 2821 2435 3750 2387 3779 3671 404610 3594 3594 3472 3231 11756 9511 
26800 44509 2756 189582 3179 2996 399378 401138 2083 3806 2518 3191 3795 3481 2434 2652 2810 2461 3780 2481 3840 3696 403037 3592 3592 3499 3239 11359 9496 
26900 46030 2742 189591 3211 2992 401519 403123 2110 3775 2538 3300 3802 3484 2385 2601 2741 2428 3841 2558 3855 3715 404995 3597 3597 3523 3376 10998 9538 
27000 45667 2754 189530 3137 2964 400907 402561 2095 3828 2518 3292 3617 3544 2349 2640 2726 2252 3876 2476 3831 3919 404311 3595 3595 3416 3345 12054 9552 
27100 46000 2770 189028 3122 3093 400582 402401 2100 3999 2520 3419 3664 3486 2370 2653 2670 2272 3880 2511 3684 3936 404212 3595 3595 3347 3286 13535 9566 
27200 45119 2814 188479 3195 3122 399974 401826 2106 3909 2505 3358 3729 3480 2341 2561 2772 2284 3875 2491 3719 4145 403735 3597 3597 3341 3295 14058 9571 
27300 45169 2812 188245 3241 3095 399357 401250 2118 3790 2515 3340 3816 3465 2351 2551 2783 2307 3839 2669 3921 4103 403293 3596 3596 3351 3301 12842 9628 
27400 46458 2735 187925 3244 2978 401555 403124 2053 3810 2532 3342 3737 3477 2271 2577 2739 2296 3888 2703 4000 3926 405263 3598 3598 3374 3250 12636 9625 
27500 46276 2738 187478 3214 2898 401556 403233 2010 3855 2545 3340 3762 3475 2288 2647 2704 2298 3878 2646 3814 4045 405669 3595 3595 3347 3218 13640 9633 
27600 46043 2776 188320 3227 2868 401993 403634 2011 3833 2628 3324 3802 3492 2354 2771 2719 2300 3886 2652 3828 4173 406039 3597 3597 3279 3366 16039 9679 
27700 43769 2805 187272 3225 2880 399901 401372 2012 3859 2613 3295 3888 3490 2355 3077 2760 2302 3845 2673 3784 4204 403764 3596 3596 3270 3398 16534 9654 
27800 44397 2793 187555 3346 2981 399399 401116 1982 3789 2631 3213 3858 3612 2439 2847 2826 2417 3975 2669 3706 4131 403740 3594 3594 3307 3485 16575 9662 
27900 44750 2779 186865 3284 2954 400979 402145 1938 3802 2614 3221 3767 3534 2465 2857 2842 2432 3951 2710 3900 4101 404669 3592 3592 3255 3420 16035 9681 
28000 44344 2762 186611 3296 3012 401577 402726 1934 3763 2572 3208 3698 3555 2463 2729 2654 2455 3982 2717 3846 4202 405092 3598 3598 3260 3501 16438 9679 
28100 43905 2807 186332 3307 2838 400586 401907 1938 3865 2565 3212 3909 3573 2432 2692 2674 2449 3960 2766 3871 4251 404211 3597 3597 3214 3548 18340 9650 
28200 43172 2851 186139 3305 2825 399744 400869 1933 3809 2562 3202 3972 3563 2379 2665 2625 2454 3944 2733 3720 4094 403377 3596 3596 3226 3613 19042 9635 
28300 44170 2843 185305 3313 2828 400881 401941 1944 3964 2525 3208 4092 3569 2367 2693 2655 2449 3974 2758 3599 4056 404438 3596 3596 3269 3477 18576 9673 
28400 44329 2959 185166 3288 2763 402147 403154 1913 3925 2515 3229 4014 3641 2398 2730 2647 2437 4011 2780 3687 3986 405614 3598 3598 3264 3462 18873 9701 
28500 43740 2973 184434 3276 2700 400660 401597 1918 3943 2488 3232 4042 3693 2410 2800 2805 2460 4070 2792 3824 3966 404186 3594 3594 3212 3484 20260 9674 
28600 43728 2981 185503 3296 2660 400880 401793 1920 3947 2500 3238 3760 3689 2461 2832 3007 2760 4078 2873 3821 4013 404711 3593 3593 3267 3720 22653 9703 
28700 43433 2920 184661 3289 2648 400048 400784 1920 3978 2501 3197 3781 3684 2382 2811 3039 2857 3984 2845 3688 4023 403759 3591 3591 3510 3743 22019 9706 
28800 43954 2931 183660 3342 2671 401433 402134 1911 4006 2523 3221 3706 3680 2438 2716 2957 2712 4009 2854 3647 4013 405157 3592 3592 3532 3613 21885 9736 
28900 44245 2956 183337 3354 2705 401578 402319 1887 4111 2543 3236 3754 3619 2428 2825 2782 2739 4037 2842 3728 3978 405211 3594 3594 3459 3711 21888 9725 
29000 43457 3074 182954 3366 2739 400913 401721 1802 4124 2579 3320 3767 3601 2417 2852 2778 2759 4038 2877 3696 4123 404611 3594 3594 3357 3702 23470 9768 
29100 42507 3016 182856 3356 2738 400818 401630 1793 4125 2562 3269 3704 3611 2403 2868 2805 2731 4037 2819 3660 4102 404514 3596 3596 3445 3714 26423 9792 
29200 41944 3033 182212 3324 2714 398877 399702 1767 4044 2521 3253 3597 3602 2367 2880 2784 2667 3997 2814 3672 4117 402738 3591 3591 3357 3760 27366 9762 
29300 42901 3041 181473 3331 2719 399360 400503 2052 3975 2516 3308 3608 3652 2527 2762 2822 2534 4004 2805 3538 4111 403483 3591 3591 3377 3660 27509 9766 
29400 43797 2970 181343 3347 2734 399872 400921 2085 4011 2543 3337 3665 3639 2515 2888 2813 2537 4026 2818 3548 3889 403619 3590 3590 3393 3603 27189 9759 
29500 43568 3005 181062 3314 2733 400974 401860 2096 4142 2573 3222 3674 3999 2524 2898 2831 2570 4037 2897 3649 3918 404627 3594 3594 3285 3533 28310 9831 
29600 42325 3041 180474 3295 2722 400003 400699 2283 4278 2577 3229 3655 4082 2515 2834 2840 2533 4078 2893 3849 3944 403685 3593 3593 3254 3547 29108 9869 
29700 41871 2988 180059 3228 2701 399059 399683 2032 4333 2570 3295 3548 4103 2550 2821 2809 2530 4045 2885 3985 3982 402596 3594 3594 3191 3579 31115 9867 
29800 41381 2918 179783 3249 2679 398982 399722 2018 4487 2554 3295 3425 4155 2565 2734 2817 2496 4074 2800 3954 4031 402583 3593 3593 3200 3562 31459 9875 
29900 42410 2921 179781 3286 2716 400522 401194 2363 4474 2561 3292 3404 3771 2567 2726 2787 2530 4124 2786 3817 3980 403809 3595 3595 3178 3538 30680 9877 
30000 43413 2961 179289 3259 2737 401050 401683 2382 4413 2588 3310 3439 3713 2664 2761 2656 2491 4148 2838 3848 3983 404382 3597 3597 3249 3538 31546 9929 
30100 45323 2969 178700 3286 2770 401545 402221 2398 4322 2586 3274 3554 3706 2682 2737 2675 2470 4193 2936 3957 3988 404983 3595 3595 3345 3493 34478 9995 
30200 44437 2953 178291 3337 2761 401656 402311 2367 4302 2630 3353 3560 3760 2732 2846 2664 2431 4185 2934 3778 4067 405138 3598 3598 3387 3500 36778 9980 
30300 44770 2926 177884 3312 2771 400184 400917 2362 4324 2618 3404 3545 3753 2705 2860 2591 2425 4170 2874 3734 4228 404050 3594 3594 3435 3489 37232 9968 
30400 44925 2919 177506 3277 2716 400365 400958 2341 4341 2601 3625 3527 3827 2746 2860 2534 2414 4206 2780 3635 4407 404122 3588 3588 3332 3470 39485 9982 
30500 43942 2950 177193 3387 2695 399006 399726 2488 4348 2610 3560 3531 4025 2722 2888 2531 2404 4202 2739 3644 4292 402758 3589 3589 3328 3500 42405 10031 
30600 44342 2992 176863 3338 2713 398720 399567 2619 4359 2642 3469 3531 4103 2745 2893 2549 2414 4167 3049 3836 4278 402847 3591 3591 3308 3538 43712 10086 
30700 43581 2989 176521 3362 2730 398559 399406 2624 4354 2676 3462 3566 4211 2739 2894 2559 2432 4153 3061 4323 4279 403177 3594 3594 3293 3559 44056 10096 
30800 43968 3015 176495 3389 2725 398374 399303 2615 4402 2690 3418 3569 4202 2769 2906 2598 2541 4196 3079 4369 4319 403194 3595 3595 3312 3567 45761 10164 
30900 44371 3051 175945 3335 2715 398597 399369 2460 4471 2674 3418 3476 4236 2824 3037 2612 2539 4259 3109 4275 4366 403330 3598 3598 3290 3614 49449 10185 
31000 45583 3066 176706 3329 2702 398708 399468 2461 4472 2671 3417 3472 4186 2954 3378 2725 2542 4291 2973 4309 4538 403437 3599 3599 3328 3610 53295 10218 
31100 47355 3064 175962 3306 2689 399417 400295 2473 4437 2686 3433 3450 4192 2899 3281 2695 2542 4335 2979 4121 4504 404163 3597 3597 3336 3638 56287 10269 
31200 48534 3085 175067 3322 2722 400290 401111 2498 4331 2694 3535 3383 4208 2876 3145 2662 2551 4326 2834 4016 4507 404788 3588 3588 3311 3659 57054 10275 
31300 47715 3051 174993 3333 2743 399685 400703 2877 4374 2704 3508 3400 4246 2920 3164 2651 2545 4424 2766 4059 4418 404398 3588 3588 3352 3677 58959 10283 
31400 48204 3045 174474 3324 2723 400170 401259 2990 4412 2712 3508 3421 4504 2925 3196 2694 2571 4384 2843 4050 4544 405024 3588 3588 3386 3676 61642 10320 
31500 48425 3016 174235 3321 2702 400715 401677 2929 4393 2724 3516 3522 4444 2908 3217 2694 2569 4368 2865 4115 4573 405620 3591 3591 3413 3669 65790 10364 
31600 48299 3005 174034 3348 2708 401251 402167 3122 4413 2759 3553 3473 4416 2915 3235 2723 2569 4376 2781 4107 4605 406110 3594 3594 3494 3674 67570 10405 
31700 47660 2974 173161 3368 2698 398653 399668 3038 4611 2764 3476 3534 4290 3012 3369 2842 2573 4289 2810 4087 4439 403401 3580 3580 3523 3614 65768 10334 
31800 48859 2967 173863 3372 2714 402409 403387 2969 4638 2781 3470 3494 4334 2941 3394 2844 2722 4338 2844 4010 4441 406893 3594 3594 3511 3666 68301 10368 
31900 47825 2996 173301 3441 2738 401631 402598 2966 4551 2778 3636 3511 4353 2871 3213 2773 2686 4382 2882 3965 4338 405979 3596 3596 3532 3686 70413 10407 
32000 48387 3015 173002 3417 2725 402004 402981 2992 4553 2757 3632 3548 4333 2878 3125 2781 2659 4349 2956 3961 4330 406256 3595 3595 3535 3708 73954 10427 
32100 53244 3042 172847 3378 2706 404893 406121 2994 4570 2796 3595 3571 4446 2920 3803 2681 2661 4405 3095 3935 4430 409352 3595 3595 3528 3750 79927 10468 
32200 52641 3193 173097 3357 2712 401075 402476 3146 4550 2770 3621 3517 4448 3030 3814 2689 2677 4382 2971 4150 4475 405760 3585 3585 3532 3755 78416 10457 
32300 52734 3188 172755 3372 2892 400181 401681 3422 4570 2797 3622 3515 4526 3163 3717 2723 2635 4420 3024 4140 4486 405607 3581 3581 3563 3741 77239 10436 
32400 51039 3203 172732 3384 2829 399846 401322 2930 4601 2832 3659 3494 4521 3059 3544 2703 2639 4415 3015 4121 4587 405175 3590 3590 3576 3756 78422 10486 
32500 49290 3172 172348 3322 2783 398638 400207 2668 4735 2851 3663 3554 4604 3034 3382 2681 2762 4405 2977 4144 4422 404077 3591 3591 3526 3746 81726 10518 
32600 46925 3097 171651 3286 2768 397774 399003 2374 4644 2865 3672 3677 4676 2962 3181 2696 2660 4505 2975 4150 4477 402884 3591 3591 3537 3758 83850 10524 
32700 47755 3086 170998 3332 2745 396899 398273 2372 4784 2874 3676 3725 4564 2936 3114 2690 2663 4435 2946 4196 4349 401967 3580 3580 3594 3742 81954 10545 
32800 48154 3019 170324 3234 2764 400144 400995 2376 4657 2908 3625 3749 4472 2945 2995 2720 2731 4429 2997 4012 4407 404849 3588 3588 3628 3779 84800 10561 
32900 51308 3042 170240 3250 2861 403517 404512 2377 4616 2926 3626 3749 4704 3003 3044 2777 2752 5512 3034 4013 4689 408391 3592 3592 3639 3799 89303 10579 
33000 57849 3062 171034 3265 2875 407349 409385 2357 4625 2927 3640 3959 4675 3014 3075 2793 3774 4521 3067 3995 4728 413287 3589 3589 3640 3806 96332 10580 
33100 58869 3084 170765 3485 2954 411742 413086 2379 4728 2948 3648 3996 4623 2978 3095 2837 3280 4620 3263 4022 4690 417196 3591 3591 3653 3915 101037 10551 
33200 57989 3109 170097 3472 2966 410181 411467 2478 4715 2949 3651 3958 4613 2987 3108 2835 3276 4789 3252 3997 4689 415523 3583 3583 3655 3915 99741 10545 
33300 57304 3105 169647 3412 2863 408370 409405 2902 4716 2952 3674 3882 4548 3072 3082 2842 3276 4779 3100 3952 4758 413027 3576 3576 3665 3902 96073 10503 
33400 63860 3115 169559 3392 2846 415334 416276 2932 4711 2947 3684 3902 4581 3191 3091 2863 3228 4766 3088 4067 4771 419849 3577 3577 3674 3903 103249 10539 
33500 64918 3116 169540 3391 2850 416354 417288 2931 4711 2955 3680 3926 4586 3182 3096 2868 3243 4789 3081 4067 4772 420926 3578 3578 3656 3909 104597 10549 
33600 62012 3083 168864 3374 2932 413343 413894 2768 4704 2984 3682 3914 4619 3206 3099 2869 2724 4779 3069 4099 4787 417470 3578 3578 3641 3938 102463 10547 
33700 58027 3076 168955 3355 2890 411423 411887 2479 4722 3032 3709 3936 4544 3222 3091 2832 2679 4853 3086 4131 4791 415834 3595 3595 3634 3947 102113 10667 
33800 57217 3064 168240 3333 2899 410455 410862 2502 4766 3083 3840 3955 4554 3235 3144 2826 2685 4942 3180 4221 4774 414792 3591 3591 3609 3984 101961 10675 
33900 59214 3082 168063 3375 2913 409852 410785 2364 5015 3105 3751 4015 4556 3219 3133 2814 2665 4903 3212 4209 4770 414908 3588 3588 3730 4010 104024 10674 
34000 60854 3097 167776 3372 2925 411954 412820 2363 5032 3110 3664 4037 4490 3206 3152 2816 2653 4776 3194 4192 4739 417020 3587 3587 3763 4018 107271 10681 
34100 59952 3118 167012 3277 2957 410972 411988 2338 4966 3112 3654 4017 4485 3198 3168 2821 2692 4749 3247 4122 4766 416146 3588 3588 3751 4004 108107 10679 
34200 63061 3134 167761 3298 2919 410456 412475 2345 5004 3129 3659 3981 4490 3204 3169 2875 3902 4662 3265 4034 4807 416671 3584 3584 3797 3989 108558 10668 
34300 64658 3137 167820 3281 2917 413028 414986 2225 5009 3130 3675 3793 4432 3202 3266 2931 3938 4664 3232 3928 4927 418878 3583 3583 3758 4008 109459 10659 
34400 64474 3121 168041 3273 2922 413033 415044 2242 5013 3128 3682 3789 4436 3203 3207 2944 4042 4654 3224 3914 4812 418933 3583 3583 3753 4021 109657 10656 
34500 68177 3109 167046 3316 2921 418416 419351 2286 5034 3121 3679 3798 4434 3216 3204 2934 2845 4656 3257 3931 4803 423244 3584 3584 3776 4057 114125 10695 
34600 66470 3620 171712 3303 3416 417411 418240 2116 5004 3112 3673 4393 5464 3658 4210 2942 2850 4669 3172 4449 4816 422283 3582 3582 3755 4037 113451 10661 
34700 69991 3642 171979 3330 3411 421661 422544 2102 4931 3132 3695 4278 5568 3645 4175 2993 2912 4671 3145 4452 4852 426562 3588 3588 3672 4044 118587 10677 
34800 67731 3610 171821 3333 3399 419209 420062 1918 4900 3186 3686 4215 5617 4070 4510 2981 2907 4880 3141 4465 5067 424176 3588 3588 3887 4064 117906 10698 
34900 69630 3112 166992 3525 2867 423754 424639 1941 5009 3181 3811 3730 4588 3586 3517 2989 2810 4859 3136 3995 5046 428877 3593 3593 3869 4080 123892 10746 
35000 74237 3110 166715 3548 2890 429382 430180 1973 5020 3186 3810 3810 4617 3640 3522 3014 2831 4863 3193 3997 5020 434330 3590 3590 3915 4108 129761 10782 
35100 74873 3087 166335 3433 2880 429997 430709 1825 5028 3197 3839 3833 4638 3547 3563 3014 2832 4779 3211 3996 5012 435065 3586 3586 3945 4110 132190 10803 
35200 72105 3067 165859 3395 2867 425775 426453 1797 5032 3172 3815 3851 4616 3543 3562 2993 2790 4661 3178 4014 5014 431072 3581 3581 3968 4100 130064 10807 
35300 71871 3088 165618 3387 2823 425551 426173 1778 5065 3183 3797 3906 4749 3567 3563 2970 2759 4655 3319 4184 5004 431134 3578 3578 3948 4085 129885 10803 
35400 72481 3077 165131 3312 2829 425543 426020 1778 4995 3183 3720 3901 4714 3555 3550 2965 2741 4649 3316 4102 4989 430984 3568 3568 3959 4078 130136 10794 
35500 80241 3108 165496 3350 2858 435056 435516 1820 5040 3203 3764 3910 5001 3594 3579 2985 2764 4675 3395 4178 4912 440558 3575 3575 4017 4131 139523 10874 
35600 81232 3139 165707 3344 2859 436851 437317 1822 5201 3229 3721 3835 5041 3524 3505 3019 2799 4595 3560 4130 4876 442296 3585 3585 3932 4216 142231 10909 
35700 83419 3145 166389 3340 2949 440625 440856 1806 5255 3323 3687 3878 4920 3535 3583 3131 2763 4626 3626 4124 4973 445732 3589 3589 3988 4260 146373 10993 
35800 82841 3167 166283 3318 2929 440083 440169 1805 5193 3308 3933 3852 4918 3424 3567 3136 2767 4641 3595 4168 4947 445063 3581 3581 3968 4317 146741 10977 
35900 85030 3173 165827 3303 2929 441214 441413 1800 5308 3315 3937 3864 4830 3439 3567 3115 2758 4653 3546 4173 4947 446221 3576 3576 3957 4319 149227 10949 
36000 84902 3148 165063 3331 2918 441228 441267 1808 5249 3308 3991 3861 4854 3433 3538 3051 2763 4690 3685 4177 4900 445993 3574 3574 3913 4321 151100 10916 
36100 91137 3193 165611 3342 2942 448384 448332 1856 5191 3326 4035 4018 4898 3574 3658 3073 2741 4746 3780 4209 5474 453219 3579 3579 3932 4531 159476 10978 
36200 90191 3207 164670 3435 2854 447897 447778 1866 5222 3320 3916 3985 4893 3517 3601 3048 2791 4804 3820 4165 5450 452803 3581 3581 3884 4455 159543 10938 
36300 89541 3199 164485 3428 2850 444313 444297 1844 5160 3343 3892 3960 4861 3610 3604 3022 2753 4779 3816 4176 5473 449291 3579 3579 3851 4467 156210 10926 
36400 92187 3223 164339 3434 2856 447651 447525 1870 5181 3358 3904 4004 4892 3633 3635 3048 2801 4778 3826 4210 5574 452704 3584 3584 3822 4562 159404 10979 
36500 89708 3239 164135 3440 2857 443221 443220 1966 5203 3368 4018 3954 4896 3685 3755 3059 2801 4802 3822 4232 5580 448562 3587 3587 4425 4522 155510 10986 
36600 95973 3285 164045 3447 2834 450221 450366 2014 5253 3396 4041 3994 4942 4010 3820 3104 2930 4836 3732 4288 5500 455988 3591 3591 4435 4546 163359 11061 
36700 92022 3320 163148 3399 2825 443440 443808 2179 5254 3391 4006 3941 6947 4022 3834 3087 2888 4807 3829 4292 5476 449406 3581 3581 4454 4522 159544 10994 
36800 89254 3301 162199 3306 2911 439823 440281 2245 5178 3402 3948 3950 6955 4036 3832 3057 2740 4736 3873 4293 5507 445691 3573 3573 4117 4468 157807 10970 
36900 89313 3310 161978 3313 2941 439922 440404 2193 5172 3419 4163 3930 7011 3940 3902 3062 2771 5185 3780 4296 5514 445462 3576 3576 4149 4470 159273 11013 
37000 89204 3283 161533 3320 2943 441573 441721 2184 5141 3415 4091 3973 7021 3989 3858 3044 2729 4971 3536 4243 5518 446647 3582 3582 4154 4486 161511 11041 
37100 89938 3290 161426 3346 2976 444223 444324 2192 5138 3407 4092 3953 7113 3975 3882 3042 2761 5010 3538 4267 5543 449289 3584 3586 4162 4539 164248 11063 
37200 90018 3333 161424 3334 2977 443742 443876 2185 5280 3446 4091 3899 7171 4049 3870 3075 2779 5042 3584 4364 5576 448738 3584 3585 4186 4534 165904 11085 
37300 89823 3245 160414 3338 2938 440722 440929 2141 5182 3420 4289 3908 7035 4036 3832 3041 2747 5039 3760 4307 5598 445688 3570 3571 4188 4544 163948 11019 
37400 88072 3253 160654 3328 2904 437749 438043 2110 5150 3393 4304 3877 7033 4125 3821 3046 2742 5043 3752 4287 5615 442720 3573 3574 3846 4519 161555 11015 
37500 88619 3301 161019 3322 2899 439004 439549 2119 5135 3387 4137 3874 7028 4156 3893 3055 2815 5070 3891 4327 5644 444254 3581 3581 3861 4632 163996 11176 
37600 86008 3292 160863 3286 2889 437086 437549 2128 5114 3388 4139 3863 7061 4102 3932 3059 2819 5079 3806 4315 5624 442265 3582 3582 3871 4642 163247 11163 
37700 84633 3280 162297 3290 2886 437272 437729 2073 5125 3403 4268 3847 7058 3956 3939 3114 2812 5095 3834 4544 5640 442453 3587 3587 4272 4859 164804 11196 
37800 84265 3282 161175 3210 2883 435195 435965 2087 5056 3423 4208 3847 7079 3854 3890 3065 2773 5037 4010 4531 5358 440624 3575 3575 4243 4699 164537 11154 
37900 85485 3332 160895 3256 2913 438176 438747 2100 5084 3461 4255 3911 7106 3625 3942 3036 2832 5085 3729 4637 5333 443421 3580 3580 4433 4757 168123 11048 
38000 88616 3371 161046 3316 2938 440845 441717 2122 5139 3491 4297 4016 7116 3614 4008 3051 2894 5124 3757 4657 5356 446457 3587 3587 4435 5010 172530 11050 
38100 91181 3358 160697 3358 2926 444827 445239 2131 5161 3519 4279 4046 7119 3382 4180 3029 2952 5041 3796 4659 5252 449994 3586 3586 4325 4818 176992 11053 
38200 90990 3375 160102 3370 2934 446493 446748 2154 5171 3545 4304 4203 7166 3412 4092 3009 3139 5107 3736 4560 5267 451550 3585 3585 4255 4744 179760 11155 
38300 92620 3388 160057 3658 2987 447417 448006 2244 5211 3577 4356 4317 7174 3411 4078 3018 3079 5104 3716 4526 5366 452840 3581 3581 4250 4753 181487 11168 
38400 100017 3376 159656 3566 3024 454429 455138 2300 5237 3618 4390 4460 7217 3370 4203 3003 3025 4922 3809 5082 5215 459914 3581 3581 4258 4761 188386 11224 
38500 105954 3391 159093 3585 3036 461190 461770 2318 5278 3670 4417 4512 7261 3368 4198 2997 3061 4957 3804 4662 5196 466594 3580 3580 4179 4779 196775 11300 
38600 106930 3354 158058 3489 3078 463969 464083 2740 5298 3729 4474 4452 5256 3324 4034 2970 3083 4979 3809 4582 5013 468875 3580 3580 4112 4768 200659 11263 
38700 112224 3354 158076 3492 3322 468605 469080 3009 5311 3797 4513 4303 5346 3380 4064 2974 3090 5021 3973 4698 5042 473884 3581 3581 4146 4774 207102 11337 
38800 111439 3309 157138 3452 3348 466090 466526 2985 5241 3781 4404 4317 5355 3490 4002 3004 3064 4984 4156 4689 5015 471386 3573 3573 4142 4740 203877 11321 
38900 112478 3332 157095 3463 3393 467651 467836 2980 5285 3762 4388 4287 5380 3537 4036 3010 3108 5013 4163 4684 5066 472592 3579 3579 4150 4680 206052 11342 
39000 115953 3364 157922 3567 3436 470176 470834 2656 5323 3758 4394 4288 5416 3604 4059 3015 3153 5050 4050 4728 5076 475551 3582 3582 4186 4693 210071 11394 
39100 116163 3369 157807 3549 3442 470887 471453 2665 5351 3733 4425 4299 5424 3568 4049 3010 3148 5090 4055 4758 5107 476175 3583 3583 4207 4686 211555 11404 
39200 112348 3377 157334 3497 3410 465472 466169 2528 5295 3718 4375 4263 5337 3589 4017 2999 3120 5595 3972 4709 5123 470936 3571 3571 4186 4635 207199 11331 
39300 107328 3341 156350 3541 3421 461130 461682 2459 5247 3683 4210 4154 5301 3527 3969 3000 3088 5543 3808 4653 5206 466369 3563 3563 4119 4603 203532 11266 
39400 119088 3423 156694 3616 3501 476065 477041 2497 5288 3767 4260 4279 5412 3625 4017 3080 3133 6224 3783 4755 5243 481868 3575 3575 4224 4706 218741 11414 
39500 125635 3466 156373 3659 3554 487129 487371 2541 5303 3806 4278 4327 5477 3695 4050 3154 3169 5772 3737 4814 5271 492129 3575 3575 4267 4779 229437 11501 
39600 129698 3474 156335 3689 3591 492960 493185 2582 5304 3835 4282 4365 5491 3729 4090 3189 3199 5803 3790 4840 5285 497972 3576 3576 4294 4830 235261 11544 
39700 124061 3447 156032 3706 3651 484797 485066 2566 5285 3812 4252 4219 5464 3693 4071 3169 3142 5770 3781 4767 5278 489818 3568 3568 4266 4769 227601 11455 
39800 120186 3448 156205 3686 3648 479494 479975 2814 5269 3835 4219 4252 5489 3711 4135 3143 3106 5496 3783 4678 5326 484656 3574 3574 4272 4794 224304 11464 
39900 119127 3474 156203 3683 3682 478447 479074 2811 5296 3870 4215 4229 5504 3716 4140 3989 3096 5536 3783 4686 5325 483797 3576 3576 4281 4811 223468 11480 
40000 117264 3486 155865 3685 3682 477298 477818 2806 5300 3904 4227 4229 5536 3694 4160 3573 3082 5563 3700 4677 5346 482564 3576 3576 4292 4795 224711 11491 
40100 114587 3511 155553 3690 3667 475698 476011 2679 5343 3957 4216 4195 5665 3702 4166 3592 3088 5511 3697 4651 5601 480766 3580 3580 4290 4829 224604 11481 
40200 112141 3516 155189 3662 3688 472653 472836 2586 5348 3980 4091 4166 5626 3725 4187 3564 3104 5216 3712 4847 5565 477550 3574 3574 4348 4794 223054 11454 
40300 112088 3520 155007 3672 3720 473539 473825 2338 5379 4023 4088 4100 5584 3717 4304 3567 3094 5225 3664 4918 5596 478553 3574 3574 4374 4752 225357 11484 
40400 118427 3547 154999 3694 3833 481469 481966 2400 5437 4081 4133 4140 5605 3733 4333 3592 3118 5262 3681 4839 5502 486724 3574 3574 4421 4743 235150 11514 
40500 125193 3567 154814 3727 3900 490010 490461 2432 5454 4125 4167 4224 5662 3774 4364 3638 3133 5327 3730 4895 5481 495250 3573 3573 4580 4773 244108 11578 
40600 127854 3553 154670 3985 3861 492887 493570 2438 5468 4140 4171 4226 5671 3781 4369 3652 3149 5346 3826 4914 5467 498375 3570 3570 4607 4772 247022 11584 
40700 121641 3508 154122 3975 3820 485821 486508 2415 5543 4081 4171 4166 5642 3740 4338 3602 3137 5281 3749 4877 5438 491287 3562 3562 4639 4728 241038 11525 
40800 124743 3535 153976 4092 3848 490714 491296 2455 5571 4080 4203 4188 5696 3761 4380 3747 3158 5303 3776 4932 5767 496084 3568 3568 4666 4743 246667 11603 
40900 129828 3542 153952 4087 3832 496248 496664 2353 5597 4091 4253 4274 5748 3786 4398 3777 3187 5329 4004 5025 5793 501494 3570 3570 4675 4783 251749 11658 
41000 131854 3542 153203 4076 3808 498779 499546 2357 5631 4113 4261 4306 5780 3791 4415 3756 3202 5367 4439 5012 5806 504435 3570 3570 4604 4682 254578 11707 
41100 130775 3530 152921 4064 3812 495436 496738 2337 5647 4102 4232 4224 5715 3880 4422 3734 3200 5365 4790 4946 5811 501669 3564 3564 4606 4660 252408 11618 
41200 128847 3517 152866 4049 3689 492242 493671 2322 5638 4112 4236 4187 5672 3856 4441 4304 3189 5356 5074 4909 5756 498516 3562 3562 4605 4622 249115 11579 
41300 127091 3525 152946 4006 3613 488535 490031 2432 5578 4110 4233 4191 5665 3893 4388 4298 3153 5357 5146 4897 5730 494889 3561 3561 4591 4623 245769 11579 
41400 124976 3511 152875 3846 3657 486365 487719 2425 5531 4106 4145 4195 5680 3946 4372 4294 3126 5325 5034 4729 5769 492538 3565 3565 4552 4598 243955 11572 
41500 127012 3505 152821 3848 3634 487225 488985 2452 5523 4118 4206 4267 5710 3950 4639 4204 3137 5650 5026 4866 5782 493779 3574 3574 4566 4607 246399 11625 
41600 125514 3521 152660 3846 3619 487916 489275 2456 5500 4104 4225 4267 5982 3982 4629 3811 3127 5638 4605 4871 5690 494015 3576 3576 4567 4595 248190 11678 
41700 121238 3503 152071 3841 3714 481971 483136 2414 5430 4073 4205 4278 6084 4157 4336 3861 3086 5630 4015 5069 5602 487922 3567 3567 4552 4585 242986 11689 
41800 118771 3505 151920 3944 3622 480114 481102 2307 5449 4067 4247 4281 6111 4199 4342 3599 3071 5692 3931 4992 5597 485913 3571 3573 4541 4552 242142 11726 
41900 121024 3540 151759 3896 3729 484218 485165 2314 5501 4074 4257 4282 6154 4208 4378 3640 3048 5708 3857 4996 5632 490035 3573 3574 4584 4555 248285 11755 
42000 123497 3561 150942 3915 3739 490494 491155 2359 5550 4077 4285 4296 6068 4270 4396 3657 3032 5724 3892 5019 5601 496017 3564 3565 4679 4571 255096 11752 
42100 126825 3574 150648 3946 3787 496282 496905 2401 5604 4097 4327 4329 6112 4334 4432 3690 3077 5742 3902 5067 5596 501772 3565 3566 4687 4595 261615 11774 
42200 125892 3545 150251 3808 3737 492458 493055 2403 5614 4103 4343 4279 6097 4353 4472 3769 3098 5752 3883 5008 5818 498201 3564 3565 4729 4585 259416 11753 
42300 124916 3531 150472 3708 3743 491336 491791 2307 5634 4113 4357 4243 6219 4357 4477 3770 3675 5783 3854 4960 5836 496958 3569 3570 4713 4620 258574 11789 
42400 124828 3534 150413 3702 3767 492397 492597 2253 5693 4120 4386 4190 6200 4413 4507 3751 3407 5833 3825 4959 5859 497799 3570 3571 4727 4600 259453 11787 
42500 130397 3568 150049 3726 3839 499176 499203 2312 5724 4177 4410 4259 6248 4468 4557 3796 3430 5864 3877 4994 5877 504449 3572 3573 4810 4642 266302 11850 
42600 135569 3586 150112 3771 3904 507792 507622 2374 5753 4217 4431 4315 6220 4519 4602 3845 3443 5928 3805 4955 5779 513064 3578 3579 5077 4709 275455 11916 
42700 138981 3576 149464 3761 3897 506142 505715 2370 5938 4219 4455 4338 6214 4532 4588 3793 3180 5907 3773 4931 5772 511072 3571 3572 5079 4720 277453 11936 
42800 138369 3592 149294 3726 3888 504258 504192 2371 5907 4229 4443 4254 6174 4554 4594 3784 3145 6027 3773 4942 6149 509495 3568 3569 5079 4785 277140 11889 
42900 141924 3604 149637 3751 3931 509188 509079 2365 5918 4245 4443 4279 6186 4540 4649 3808 3150 6098 3744 4952 6203 514407 3580 3581 5018 4780 282912 11942 
43000 143557 3612 149647 3764 3889 511435 511142 2359 5921 4265 4435 4285 6174 4546 4668 3807 3156 5974 3753 4947 6226 516541 3583 3584 5028 4787 285501 11935 
43100 143806 3595 149767 3787 3838 508731 508795 2357 5916 4300 4419 4255 6263 4567 4708 3786 3186 6006 3978 5020 6222 514203 3583 3584 5031 4788 283500 11921 
43200 136678 3582 149593 3797 3813 500594 500631 2316 6016 4306 4395 4215 6242 4354 4686 3797 3154 6006 3908 4982 6207 506071 3580 3581 4943 4781 276812 11869 
43300 133528 3582 149623 3978 3863 495589 495703 2290 6116 4305 4408 4169 6190 4334 4676 3807 3091 5981 3897 4969 6245 501126 3575 3576 4952 4738 273207 11807 
43400 136383 3609 149409 3942 3879 500610 500512 2304 6154 4310 4421 4164 6123 4357 4681 3819 3111 6002 3798 4928 6084 506270 3574 3575 4874 4774 278565 11848 
43500 136534 3601 149412 3919 3906 500462 500284 2315 6142 4322 4417 4168 6119 4353 4660 3820 3134 5874 3795 4935 6081 506048 3573 3574 4863 4779 279298 11858 
43600 135954 3586 148917 3916 3935 497740 497483 2317 6182 4307 4434 4163 5864 4351 4695 3748 3124 5934 3769 4896 6037 503293 3569 3570 4747 4775 278799 11857 
43700 132973 3608 149537 3913 3983 497357 496971 2300 6344 4277 4450 4422 5924 4390 4705 3655 3068 5974 3781 5375 6073 502798 3572 3573 4979 4827 278982 11845 
43800 129489 3581 149055 3863 3911 490824 490815 2361 6382 4247 4448 4393 5904 4360 4686 3648 3030 5963 3751 5340 6045 496530 3559 3560 4976 4914 274453 11799 
43900 126864 3585 148242 3833 3887 488510 488346 2296 6353 4243 4429 4295 5852 4342 4653 3653 3025 5910 3641 5259 6011 494013 3552 3553 4917 4851 272368 11773 
44000 124415 3585 148299 3826 3885 482910 483193 2583 6327 4247 4431 4232 5847 4336 4635 3643 3008 5902 3628 5240 6052 488815 3555 3556 4953 4796 268688 11763 
44100 124790 3717 147933 3844 3891 486542 486342 2434 6342 4323 4455 4114 5884 4397 4623 3683 3019 5941 3646 5265 6075 491949 3561 3562 4994 4811 272934 11818 
44200 122041 3711 147757 3819 3785 481982 481939 2521 6320 4331 4429 4100 5850 4389 4619 3381 2973 5942 3634 5434 6076 487468 3556 3559 4882 4754 269327 11817 
44300 121145 3727 147550 3935 3773 479563 479566 2483 6291 4313 4397 4221 5841 4414 4583 3490 3102 5970 3655 5553 6132 485088 3555 3557 4933 4709 269255 11790 
44400 123780 3735 147581 3947 3800 483022 482819 2491 6283 4318 4407 4217 5856 4353 5197 3501 3116 5979 3648 5494 6142 488346 3558 3560 4946 4719 271701 11799 
44500 124863 3735 147406 3952 3820 482700 482551 2498 6299 4344 4405 4189 5871 4354 5208 3497 3125 5956 3654 5487 6139 488184 3554 3556 4915 4700 271782 11777 
44600 120533 3735 147108 4166 3812 478861 478614 2492 6223 4339 4431 4209 5906 4364 5217 3468 3155 5949 3647 5474 6109 484142 3552 3554 4920 4701 268256 11788 
44700 122033 3715 146908 4264 3817 480922 480582 2498 6318 4325 4463 4237 5879 4341 5242 3509 3137 5939 3639 5353 6114 486145 3548 3552 4931 4664 271184 11817 
44800 124818 3744 147310 4309 3890 486615 486079 2372 6285 4347 4484 4278 5967 4377 5276 3550 3254 5987 3712 5430 6379 491710 3562 3565 5000 4687 277021 11877 
44900 126568 3729 147112 4427 4212 486751 486212 2381 6274 4334 4478 4242 5977 4407 5281 3569 3168 5882 3709 5423 6381 491839 3558 3561 5006 4668 277819 11891 
45000 130139 3740 147216 4474 4265 493809 493205 2425 6415 4391 4503 4281 6025 4451 5338 3585 3211 5935 3760 5462 6396 498872 3566 3569 5049 4666 285138 11971 
45100 138198 3716 147383 4331 4159 493713 493211 2458 6325 4435 4548 4265 7971 4495 5066 3555 3228 5979 3851 5472 6411 498892 3562 3565 5049 4724 284298 12028 
45200 141024 3718 147065 4094 4264 497534 497315 2483 6585 4469 4585 4263 8009 4526 4830 3533 3350 6017 3897 5458 6728 503015 3564 3567 5049 4754 289552 12073 
45300 138966 3717 147138 4256 4136 498343 497934 2474 6782 4458 4577 4272 8042 4543 4836 3533 3362 6065 4093 5465 6726 503779 3575 3578 5022 4742 291022 12055 
45400 144132 3755 147241 4308 4360 508493 508131 2515 6765 4490 4639 4220 8085 4578 4878 3581 3408 6154 4168 5415 6767 514070 3582 3585 5058 4815 301411 12158 
45500 149096 3744 146876 4371 4435 517327 517076 2562 6800 4530 4669 4291 8166 4629 4904 3642 3463 6398 4224 5462 6766 523071 3577 3580 5110 4855 311057 12237 
45600 149408 3728 146647 4368 4438 518205 517802 2577 6785 4527 4686 4291 8154 4629 4903 3640 3464 6241 4221 5473 6670 523750 3573 3576 5083 4868 312014 12206 
45700 148556 3700 146285 4312 4375 511134 511105 2531 7141 4491 4647 4259 8056 4674 4888 3559 3452 6114 4126 5298 6546 517024 3567 3570 5001 4866 306209 12102 
45800 148245 3681 146143 4176 4542 511340 511197 2497 6749 4480 4679 4312 7134 4660 4933 3531 3454 6184 3915 5245 6629 517153 3574 3577 4976 4939 311038 12124 
45900 149748 3694 146020 4089 4543 512662 512637 2599 6985 4476 4686 4337 7141 4645 4945 3519 3483 6234 3892 5275 6653 518603 3573 3576 4981 4954 312974 12147 
46000 152195 3694 146347 4209 4479 514809 514867 2549 7026 4481 4798 4394 7156 4681 5065 3619 3490 6313 3873 5154 6766 520705 3572 3575 5022 5367 316345 12180 
46100 151744 3713 146075 4158 4480 517603 517388 2396 6946 4501 5000 4417 7165 4693 5083 3630 3489 6376 3883 4943 6779 523209 3575 3576 5052 5267 320101 12191 
46200 151062 3938 148899 4377 4626 515319 515204 2394 7181 4476 4935 4343 7115 4703 5021 3835 3620 6399 3901 4917 6600 520992 3570 3571 5049 5319 320117 12173 
46300 150044 3934 148310 4219 4435 512050 511773 2558 7060 4448 4917 4305 6121 4717 5033 3885 3588 6782 3900 4889 6658 517519 3558 3559 5073 5295 319377 12126 
46400 149696 3967 147998 4251 4276 517078 516635 2570 7045 4426 4972 4320 6179 4764 5131 3913 3601 6762 3927 4921 6661 522413 3560 3561 5097 5303 324943 12174 
46500 151718 3878 148183 4278 4313 520821 520358 2615 7070 4448 5003 4347 6186 4783 5423 3944 3613 6804 3972 4957 6713 526193 3567 3567 5177 5305 328899 12202 
46600 153040 3866 147599 4292 4173 524001 523358 2855 7104 4436 4952 4381 6210 4792 5424 3889 3620 6812 3978 4988 6682 529158 3567 3567 5153 5206 332758 12238 
46700 152792 3883 147608 4283 4179 522382 521707 2849 7227 4433 4969 4379 6210 4775 5398 3889 3587 6812 3992 4985 6696 527487 3568 3568 5216 5222 331208 12253 
46800 151907 3915 147490 4286 4187 524474 523668 3088 7208 4451 5000 4606 6192 4800 5467 5769 3589 6816 4036 5029 6702 529501 3569 3569 5232 5319 334182 12295 
46900 150811 3802 145427 4033 4168 523054 522210 3076 7066 4459 4997 5399 6976 4799 5431 5636 3458 6792 4015 5041 6691 528016 3565 3565 5255 5304 332743 12322 
47000 151745 3806 145212 4053 4153 523882 522992 3063 7153 4450 5010 4640 6147 4804 5420 4684 3447 6790 4043 5051 6820 528549 3564 3564 5254 5294 334437 12344 
47100 154516 3836 145004 4083 4142 527081 526156 3071 7167 4466 5000 4654 6156 4802 5434 4688 3468 6816 4064 5054 6830 531797 3562 3562 5193 5310 338432 12375 
47200 156065 3870 145305 4121 4150 527224 526478 3074 7062 4481 5046 4653 6184 4845 5411 4715 3472 6639 4081 5081 6862 532133 3566 3566 5212 5337 339569 12392 
47300 152937 3868 144811 3989 4038 521109 520138 3019 6984 4463 5033 4523 6162 4845 5349 4714 3458 6628 4048 5081 6810 525679 3562 3562 5284 4997 335437 12372 
47400 152024 3867 145130 3992 4067 519611 518565 3221 6934 4497 5028 4508 6184 4823 5360 3761 3480 6658 4014 5079 6815 524136 3563 3563 5343 4984 333961 12444 
47500 155179 3852 145002 4109 4098 523922 522868 3618 6959 4540 5046 4574 6212 4830 5383 3765 3526 6699 4063 5085 6820 528455 3570 3570 5313 4975 338528 12501 
47600 154647 3825 145027 4108 4089 522225 521110 3586 6936 4540 5050 4602 6170 4814 5372 3748 3536 6680 4020 5032 6760 526653 3570 3570 5281 4963 337062 12521 
47700 151788 3926 144565 4037 4070 518213 517218 4855 6873 4538 5020 4450 6131 4782 5231 3731 3536 6644 4029 5009 6730 522720 3564 3564 5267 4911 334102 12514 
47800 143348 3960 144222 4078 4062 512669 511653 4796 6840 4512 4963 4409 6161 4805 5233 3742 3379 6625 4096 5097 6771 517096 3568 3568 5361 4888 330262 12495 
47900 144777 3958 144052 4065 4057 513842 512775 5008 6747 4508 5177 4392 6170 4801 5199 3901 3418 6626 4088 5125 6769 518235 3568 3568 5484 4880 333022 12496 
48000 149577 3955 143962 4068 4066 518151 517388 5041 6726 4531 5207 4372 6167 4813 5186 3908 3439 6743 4092 5143 6962 523109 3571 3571 5562 4903 338297 12486 
48100 153667 3962 145983 4071 4553 521046 520379 5251 6714 4558 5693 4379 6752 4832 5666 3915 3461 7270 4080 5153 7394 526578 3569 3569 5588 5389 342472 12484 
48200 145957 3867 145750 3847 4502 516502 515724 5231 6694 4554 5575 4364 6714 4855 5569 3923 3450 7301 4177 5092 7518 521786 3574 3574 5566 5337 339329 12477 
48300 144783 3906 145289 3817 4475 514669 513891 5454 6572 4578 5579 4361 6717 4944 5533 3910 3477 7288 4151 5151 7374 519964 3570 3570 5549 5332 339223 12489 
48400 151379 4189 145781 3810 4578 521446 520688 5471 6572 4599 5701 4416 6808 4958 5683 3925 3499 7086 4155 5482 7512 526888 3576 3576 5579 5435 346662 12530 
48500 156786 4189 145641 3825 4582 528612 527779 5504 6595 4632 5695 4451 7141 4986 5729 3933 3540 7135 4175 5483 7541 534005 3576 3576 5593 5433 354699 12558 
48600 161465 4204 145354 3841 4627 535060 534131 5346 6644 4660 5707 4411 7133 5010 5754 3987 3604 7166 4221 5525 7506 540363 3579 3579 5632 5452 362136 12590 
48700 155744 4193 145184 3828 4600 528981 528244 5331 6659 4668 5685 4407 7249 5028 5766 3999 3553 7174 4221 5510 7482 534460 3577 3577 5625 5433 356953 12571 
48800 152353 4019 144270 3918 4464 525058 524411 5757 6733 4864 5572 4523 7022 4999 5631 3997 3734 7160 4222 5345 7326 530498 3578 3578 5604 5287 354651 12640 
48900 154675 4204 144128 3915 4515 527747 527034 5136 6971 4869 5594 4536 6884 5028 5654 4808 3753 7214 4276 5375 7195 533130 3572 3572 5645 5328 357300 12699 
49000 156094 4206 144046 4036 4566 530579 529935 5156 6996 4923 5499 4549 6912 5050 5682 4832 3804 7266 4308 5444 7196 536062 3573 3573 5591 5357 361309 12774 
49100 157319 4208 143860 4082 4626 533423 532703 4549 7011 4976 5560 4584 6967 5063 5709 4878 3855 7278 4351 5477 7301 538832 3575 3575 5613 5395 364673 12839 
49200 156062 4208 143845 4043 4595 528924 528247 4746 6908 4980 5511 4561 6903 5033 5697 4862 3817 7261 4312 5437 7341 534351 3569 3569 5554 5385 360860 12790 
49300 151609 4161 143531 3997 4540 524328 523622 4496 6853 4968 5469 4602 6711 5157 5695 4865 3874 7284 4299 5423 7371 529710 3570 3570 5518 5353 358235 12777 
49400 152154 4163 143919 4177 4565 524833 524314 4635 6845 4970 5473 4625 6751 5209 5741 4893 3943 7328 4318 5439 7307 530446 3580 3580 5514 5406 361550 12837 
49500 151924 4148 143655 4149 4559 525664 525052 4628 6887 4968 5299 4652 6782 5238 5763 4899 3949 7343 4260 5455 7314 531180 3580 3580 5506 5438 363111 12863 
49600 155270 4160 143243 4143 4591 528097 527705 5281 6831 4978 5332 4712 6811 5266 5822 4893 3980 7421 4541 5469 7329 533862 3580 3580 5526 5473 367119 12875 
49700 156179 4137 144342 4242 4616 526509 526325 5313 6832 4972 5378 4840 6795 5303 6002 4903 4027 7447 4533 5493 7244 532525 3578 3578 5667 5665 366186 12853 
49800 152376 4158 143864 4025 4620 522586 522427 5907 6749 4999 5390 5028 6804 5339 6052 4890 3925 7463 4559 5505 7291 528766 3581 3581 5669 5662 366156 12884 
49900 148914 4092 142606 4240 4593 520230 519657 6063 6730 4992 5337 4970 6800 5247 5892 4866 3997 7435 5129 5505 7142 525875 3576 3576 5605 5545 364381 12864 
50000 151085 3958 141591 4251 4441 523669 522990 5760 6608 5017 5403 4982 6608 5241 5765 4881 4036 7434 5153 5348 6995 529042 3575 3575 5624 5371 368185 12901 
