# Avida resource data
# Mon Jan 16 15:48:54 2017
# First column gives the current update, all further columns give the quantity
# of the particular resource at that update.
#  1: Update
#  2: day
#  3: night

0 0 0 
10 0 0 
20 0 0 
30 0 0 
40 0 0 
50 0 0 
60 0 0 
70 0 0 
80 0 0 
90 0 0 
100 0 0 
110 0 0 
120 0 0 
130 0 0 
140 0 0 
150 0 0 
160 0 0 
170 0 0 
180 0 0 
190 0 0 
200 0 0 
210 0 0 
220 0 0 
230 0 0 
240 0 0 
250 0 0 
260 100 1 
270 100 1 
280 100 1 
290 100 1 
300 100 1 
310 100 1 
320 100 1 
330 100 1 
340 100 1 
350 100 1 
360 100 1 
370 100 1 
380 100 1 
390 100 1 
400 100 1 
410 100 1 
420 100 1 
430 100 1 
440 100 1 
450 100 1 
460 100 1 
470 100 1 
480 100 1 
490 100 1 
500 100 1 
510 1 100 
520 1 100 
530 1 100 
540 1 100 
550 1 100 
560 1 100 
570 1 100 
580 1 100 
590 1 100 
600 1 100 
610 1 100 
620 1 100 
630 1 100 
640 1 100 
650 1 100 
660 1 100 
670 1 100 
680 1 100 
690 1 100 
700 1 100 
710 1 100 
720 1 100 
730 1 100 
740 1 100 
750 1 100 
760 100 1 
770 100 1 
780 100 1 
790 100 1 
800 100 1 
810 100 1 
820 100 1 
830 100 1 
840 100 1 
850 100 1 
860 100 1 
870 100 1 
880 100 1 
890 100 1 
900 100 1 
910 100 1 
920 100 1 
930 100 1 
940 100 1 
950 100 1 
960 100 1 
970 100 1 
980 100 1 
990 100 1 
1000 100 1 
1010 1 100 
1020 1 100 
1030 1 100 
1040 1 100 
1050 1 100 
1060 1 100 
1070 1 100 
1080 1 100 
1090 1 100 
1100 1 100 
1110 1 100 
1120 1 100 
1130 1 100 
1140 1 100 
1150 1 100 
1160 1 100 
1170 1 100 
1180 1 100 
1190 1 100 
1200 1 100 
1210 1 100 
1220 1 100 
1230 1 100 
1240 1 100 
1250 1 100 
1260 100 1 
1270 100 1 
1280 100 1 
1290 100 1 
1300 100 1 
1310 100 1 
1320 100 1 
1330 100 1 
1340 100 1 
1350 100 1 
1360 100 1 
1370 100 1 
1380 100 1 
1390 100 1 
1400 100 1 
1410 100 1 
1420 100 1 
1430 100 1 
1440 100 1 
1450 100 1 
1460 100 1 
1470 100 1 
1480 100 1 
1490 100 1 
1500 100 1 
1510 1 100 
1520 1 100 
1530 1 100 
1540 1 100 
1550 1 100 
1560 1 100 
1570 1 100 
1580 1 100 
1590 1 100 
1600 1 100 
1610 1 100 
1620 1 100 
1630 1 100 
1640 1 100 
1650 1 100 
1660 1 100 
1670 1 100 
1680 1 100 
1690 1 100 
1700 1 100 
1710 1 100 
1720 1 100 
1730 1 100 
1740 1 100 
1750 1 100 
1760 100 1 
1770 100 1 
1780 100 1 
1790 100 1 
1800 100 1 
1810 100 1 
1820 100 1 
1830 100 1 
1840 100 1 
1850 100 1 
1860 100 1 
1870 100 1 
1880 100 1 
1890 100 1 
1900 100 1 
1910 100 1 
1920 100 1 
1930 100 1 
1940 100 1 
1950 100 1 
1960 100 1 
1970 100 1 
1980 100 1 
1990 100 1 
2000 100 1 
2010 1 100 
2020 1 100 
2030 1 100 
2040 1 100 
2050 1 100 
2060 1 100 
2070 1 100 
2080 1 100 
2090 1 100 
2100 1 100 
2110 1 100 
2120 1 100 
2130 1 100 
2140 1 100 
2150 1 100 
2160 1 100 
2170 1 100 
2180 1 100 
2190 1 100 
2200 1 100 
2210 1 100 
2220 1 100 
2230 1 100 
2240 1 100 
2250 1 100 
2260 100 1 
2270 100 1 
2280 100 1 
2290 100 1 
2300 100 1 
2310 100 1 
2320 100 1 
2330 100 1 
2340 100 1 
2350 100 1 
2360 100 1 
2370 100 1 
2380 100 1 
2390 100 1 
2400 100 1 
2410 100 1 
2420 100 1 
2430 100 1 
2440 100 1 
2450 100 1 
2460 100 1 
2470 100 1 
2480 100 1 
2490 100 1 
2500 100 1 
2510 1 100 
2520 1 100 
2530 1 100 
2540 1 100 
2550 1 100 
2560 1 100 
2570 1 100 
2580 1 100 
2590 1 100 
2600 1 100 
2610 1 100 
2620 1 100 
2630 1 100 
2640 1 100 
2650 1 100 
2660 1 100 
2670 1 100 
2680 1 100 
2690 1 100 
2700 1 100 
2710 1 100 
2720 1 100 
2730 1 100 
2740 1 100 
2750 1 100 
2760 100 1 
2770 100 1 
2780 100 1 
2790 100 1 
2800 100 1 
2810 100 1 
2820 100 1 
2830 100 1 
2840 100 1 
2850 100 1 
2860 100 1 
2870 100 1 
2880 100 1 
2890 100 1 
2900 100 1 
2910 100 1 
2920 100 1 
2930 100 1 
2940 100 1 
2950 100 1 
2960 100 1 
2970 100 1 
2980 100 1 
2990 100 1 
3000 100 1 
3010 1 100 
3020 1 100 
3030 1 100 
3040 1 100 
3050 1 100 
3060 1 100 
3070 1 100 
3080 1 100 
3090 1 100 
3100 1 100 
3110 1 100 
3120 1 100 
3130 1 100 
3140 1 100 
3150 1 100 
3160 1 100 
3170 1 100 
3180 1 100 
3190 1 100 
3200 1 100 
3210 1 100 
3220 1 100 
3230 1 100 
3240 1 100 
3250 1 100 
3260 100 1 
3270 100 1 
3280 100 1 
3290 100 1 
3300 100 1 
3310 100 1 
3320 100 1 
3330 100 1 
3340 100 1 
3350 100 1 
3360 100 1 
3370 100 1 
3380 100 1 
3390 100 1 
3400 100 1 
3410 100 1 
3420 100 1 
3430 100 1 
3440 100 1 
3450 100 1 
3460 100 1 
3470 100 1 
3480 100 1 
3490 100 1 
3500 100 1 
3510 1 100 
3520 1 100 
3530 1 100 
3540 1 100 
3550 1 100 
3560 1 100 
3570 1 100 
3580 1 100 
3590 1 100 
3600 1 100 
3610 1 100 
3620 1 100 
3630 1 100 
3640 1 100 
3650 1 100 
3660 1 100 
3670 1 100 
3680 1 100 
3690 1 100 
3700 1 100 
3710 1 100 
3720 1 100 
3730 1 100 
3740 1 100 
3750 1 100 
3760 100 1 
3770 100 1 
3780 100 1 
3790 100 1 
3800 100 1 
3810 100 1 
3820 100 1 
3830 100 1 
3840 100 1 
3850 100 1 
3860 100 1 
3870 100 1 
3880 100 1 
3890 100 1 
3900 100 1 
3910 100 1 
3920 100 1 
3930 100 1 
3940 100 1 
3950 100 1 
3960 100 1 
3970 100 1 
3980 100 1 
3990 100 1 
4000 100 1 
4010 1 100 
4020 1 100 
4030 1 100 
4040 1 100 
4050 1 100 
4060 1 100 
4070 1 100 
4080 1 100 
4090 1 100 
4100 1 100 
4110 1 100 
4120 1 100 
4130 1 100 
4140 1 100 
4150 1 100 
4160 1 100 
4170 1 100 
4180 1 100 
4190 1 100 
4200 1 100 
4210 1 100 
4220 1 100 
4230 1 100 
4240 1 100 
4250 1 100 
4260 100 1 
4270 100 1 
4280 100 1 
4290 100 1 
4300 100 1 
4310 100 1 
4320 100 1 
4330 100 1 
4340 100 1 
4350 100 1 
4360 100 1 
4370 100 1 
4380 100 1 
4390 100 1 
4400 100 1 
4410 100 1 
4420 100 1 
4430 100 1 
4440 100 1 
4450 100 1 
4460 100 1 
4470 100 1 
4480 100 1 
4490 100 1 
4500 100 1 
4510 1 100 
4520 1 100 
4530 1 100 
4540 1 100 
4550 1 100 
4560 1 100 
4570 1 100 
4580 1 100 
4590 1 100 
4600 1 100 
4610 1 100 
4620 1 100 
4630 1 100 
4640 1 100 
4650 1 100 
4660 1 100 
4670 1 100 
4680 1 100 
4690 1 100 
4700 1 100 
4710 1 100 
4720 1 100 
4730 1 100 
4740 1 100 
4750 1 100 
4760 100 1 
4770 100 1 
4780 100 1 
4790 100 1 
4800 100 1 
4810 100 1 
4820 100 1 
4830 100 1 
4840 100 1 
4850 100 1 
4860 100 1 
4870 100 1 
4880 100 1 
4890 100 1 
4900 100 1 
4910 100 1 
4920 100 1 
4930 100 1 
4940 100 1 
4950 100 1 
4960 100 1 
4970 100 1 
4980 100 1 
4990 100 1 
5000 100 1 
5010 1 100 
5020 1 100 
5030 1 100 
5040 1 100 
5050 1 100 
5060 1 100 
5070 1 100 
5080 1 100 
5090 1 100 
5100 1 100 
5110 1 100 
5120 1 100 
5130 1 100 
5140 1 100 
5150 1 100 
5160 1 100 
5170 1 100 
5180 1 100 
5190 1 100 
5200 1 100 
5210 1 100 
5220 1 100 
5230 1 100 
5240 1 100 
5250 1 100 
5260 100 1 
5270 100 1 
5280 100 1 
5290 100 1 
5300 100 1 
5310 100 1 
5320 100 1 
5330 100 1 
5340 100 1 
5350 100 1 
5360 100 1 
5370 100 1 
5380 100 1 
5390 100 1 
5400 100 1 
5410 100 1 
5420 100 1 
5430 100 1 
5440 100 1 
5450 100 1 
5460 100 1 
5470 100 1 
5480 100 1 
5490 100 1 
5500 100 1 
5510 1 100 
5520 1 100 
5530 1 100 
5540 1 100 
5550 1 100 
5560 1 100 
5570 1 100 
5580 1 100 
5590 1 100 
5600 1 100 
5610 1 100 
5620 1 100 
5630 1 100 
5640 1 100 
5650 1 100 
5660 1 100 
5670 1 100 
5680 1 100 
5690 1 100 
5700 1 100 
5710 1 100 
5720 1 100 
5730 1 100 
5740 1 100 
5750 1 100 
5760 100 1 
5770 100 1 
5780 100 1 
5790 100 1 
5800 100 1 
5810 100 1 
5820 100 1 
5830 100 1 
5840 100 1 
5850 100 1 
5860 100 1 
5870 100 1 
5880 100 1 
5890 100 1 
5900 100 1 
5910 100 1 
5920 100 1 
5930 100 1 
5940 100 1 
5950 100 1 
5960 100 1 
5970 100 1 
5980 100 1 
5990 100 1 
6000 100 1 
6010 1 100 
6020 1 100 
6030 1 100 
6040 1 100 
6050 1 100 
6060 1 100 
6070 1 100 
6080 1 100 
6090 1 100 
6100 1 100 
6110 1 100 
6120 1 100 
6130 1 100 
6140 1 100 
6150 1 100 
6160 1 100 
6170 1 100 
6180 1 100 
6190 1 100 
6200 1 100 
6210 1 100 
6220 1 100 
6230 1 100 
6240 1 100 
6250 1 100 
6260 100 1 
6270 100 1 
6280 100 1 
6290 100 1 
6300 100 1 
6310 100 1 
6320 100 1 
6330 100 1 
6340 100 1 
6350 100 1 
6360 100 1 
6370 100 1 
6380 100 1 
6390 100 1 
6400 100 1 
6410 100 1 
6420 100 1 
6430 100 1 
6440 100 1 
6450 100 1 
6460 100 1 
6470 100 1 
6480 100 1 
6490 100 1 
6500 100 1 
6510 1 100 
6520 1 100 
6530 1 100 
6540 1 100 
6550 1 100 
6560 1 100 
6570 1 100 
6580 1 100 
6590 1 100 
6600 1 100 
6610 1 100 
6620 1 100 
6630 1 100 
6640 1 100 
6650 1 100 
6660 1 100 
6670 1 100 
6680 1 100 
6690 1 100 
6700 1 100 
6710 1 100 
6720 1 100 
6730 1 100 
6740 1 100 
6750 1 100 
6760 100 1 
6770 100 1 
6780 100 1 
6790 100 1 
6800 100 1 
6810 100 1 
6820 100 1 
6830 100 1 
6840 100 1 
6850 100 1 
6860 100 1 
6870 100 1 
6880 100 1 
6890 100 1 
6900 100 1 
6910 100 1 
6920 100 1 
6930 100 1 
6940 100 1 
6950 100 1 
6960 100 1 
6970 100 1 
6980 100 1 
6990 100 1 
7000 100 1 
7010 1 100 
7020 1 100 
7030 1 100 
7040 1 100 
7050 1 100 
7060 1 100 
7070 1 100 
7080 1 100 
7090 1 100 
7100 1 100 
7110 1 100 
7120 1 100 
7130 1 100 
7140 1 100 
7150 1 100 
7160 1 100 
7170 1 100 
7180 1 100 
7190 1 100 
7200 1 100 
7210 1 100 
7220 1 100 
7230 1 100 
7240 1 100 
7250 1 100 
7260 100 1 
7270 100 1 
7280 100 1 
7290 100 1 
7300 100 1 
7310 100 1 
7320 100 1 
7330 100 1 
7340 100 1 
7350 100 1 
7360 100 1 
7370 100 1 
7380 100 1 
7390 100 1 
7400 100 1 
7410 100 1 
7420 100 1 
7430 100 1 
7440 100 1 
7450 100 1 
7460 100 1 
7470 100 1 
7480 100 1 
7490 100 1 
7500 100 1 
7510 1 100 
7520 1 100 
7530 1 100 
7540 1 100 
7550 1 100 
7560 1 100 
7570 1 100 
7580 1 100 
7590 1 100 
7600 1 100 
7610 1 100 
7620 1 100 
7630 1 100 
7640 1 100 
7650 1 100 
7660 1 100 
7670 1 100 
7680 1 100 
7690 1 100 
7700 1 100 
7710 1 100 
7720 1 100 
7730 1 100 
7740 1 100 
7750 1 100 
7760 100 1 
7770 100 1 
7780 100 1 
7790 100 1 
7800 100 1 
7810 100 1 
7820 100 1 
7830 100 1 
7840 100 1 
7850 100 1 
7860 100 1 
7870 100 1 
7880 100 1 
7890 100 1 
7900 100 1 
7910 100 1 
7920 100 1 
7930 100 1 
7940 100 1 
7950 100 1 
7960 100 1 
7970 100 1 
7980 100 1 
7990 100 1 
8000 100 1 
8010 1 100 
8020 1 100 
8030 1 100 
8040 1 100 
8050 1 100 
8060 1 100 
8070 1 100 
8080 1 100 
8090 1 100 
8100 1 100 
8110 1 100 
8120 1 100 
8130 1 100 
8140 1 100 
8150 1 100 
8160 1 100 
8170 1 100 
8180 1 100 
8190 1 100 
8200 1 100 
8210 1 100 
8220 1 100 
8230 1 100 
8240 1 100 
8250 1 100 
8260 100 1 
8270 100 1 
8280 100 1 
8290 100 1 
8300 100 1 
8310 100 1 
8320 100 1 
8330 100 1 
8340 100 1 
8350 100 1 
8360 100 1 
8370 100 1 
8380 100 1 
8390 100 1 
8400 100 1 
8410 100 1 
8420 100 1 
8430 100 1 
8440 100 1 
8450 100 1 
8460 100 1 
8470 100 1 
8480 100 1 
8490 100 1 
8500 100 1 
8510 1 100 
8520 1 100 
8530 1 100 
8540 1 100 
8550 1 100 
8560 1 100 
8570 1 100 
8580 1 100 
8590 1 100 
8600 1 100 
8610 1 100 
8620 1 100 
8630 1 100 
8640 1 100 
8650 1 100 
8660 1 100 
8670 1 100 
8680 1 100 
8690 1 100 
8700 1 100 
8710 1 100 
8720 1 100 
8730 1 100 
8740 1 100 
8750 1 100 
8760 100 1 
8770 100 1 
8780 100 1 
8790 100 1 
8800 100 1 
8810 100 1 
8820 100 1 
8830 100 1 
8840 100 1 
8850 100 1 
8860 100 1 
8870 100 1 
8880 100 1 
8890 100 1 
8900 100 1 
8910 100 1 
8920 100 1 
8930 100 1 
8940 100 1 
8950 100 1 
8960 100 1 
8970 100 1 
8980 100 1 
8990 100 1 
9000 100 1 
9010 1 100 
9020 1 100 
9030 1 100 
9040 1 100 
9050 1 100 
9060 1 100 
9070 1 100 
9080 1 100 
9090 1 100 
9100 1 100 
9110 1 100 
9120 1 100 
9130 1 100 
9140 1 100 
9150 1 100 
9160 1 100 
9170 1 100 
9180 1 100 
9190 1 100 
9200 1 100 
9210 1 100 
9220 1 100 
9230 1 100 
9240 1 100 
9250 1 100 
9260 100 1 
9270 100 1 
9280 100 1 
9290 100 1 
9300 100 1 
9310 100 1 
9320 100 1 
9330 100 1 
9340 100 1 
9350 100 1 
9360 100 1 
9370 100 1 
9380 100 1 
9390 100 1 
9400 100 1 
9410 100 1 
9420 100 1 
9430 100 1 
9440 100 1 
9450 100 1 
9460 100 1 
9470 100 1 
9480 100 1 
9490 100 1 
9500 100 1 
9510 1 100 
9520 1 100 
9530 1 100 
9540 1 100 
9550 1 100 
9560 1 100 
9570 1 100 
9580 1 100 
9590 1 100 
9600 1 100 
9610 1 100 
9620 1 100 
9630 1 100 
9640 1 100 
9650 1 100 
9660 1 100 
9670 1 100 
9680 1 100 
9690 1 100 
9700 1 100 
9710 1 100 
9720 1 100 
9730 1 100 
9740 1 100 
9750 1 100 
9760 100 1 
9770 100 1 
9780 100 1 
9790 100 1 
9800 100 1 
9810 100 1 
9820 100 1 
9830 100 1 
9840 100 1 
9850 100 1 
9860 100 1 
9870 100 1 
9880 100 1 
9890 100 1 
9900 100 1 
9910 100 1 
9920 100 1 
9930 100 1 
9940 100 1 
9950 100 1 
9960 100 1 
9970 100 1 
9980 100 1 
9990 100 1 
10000 100 1 
10010 1 100 
10020 1 100 
10030 1 100 
10040 1 100 
10050 1 100 
10060 1 100 
10070 1 100 
10080 1 100 
10090 1 100 
10100 1 100 
10110 1 100 
10120 1 100 
10130 1 100 
10140 1 100 
10150 1 100 
10160 1 100 
10170 1 100 
10180 1 100 
10190 1 100 
10200 1 100 
10210 1 100 
10220 1 100 
10230 1 100 
10240 1 100 
10250 1 100 
10260 100 1 
10270 100 1 
10280 100 1 
10290 100 1 
10300 100 1 
10310 100 1 
10320 100 1 
10330 100 1 
10340 100 1 
10350 100 1 
10360 100 1 
10370 100 1 
10380 100 1 
10390 100 1 
10400 100 1 
10410 100 1 
10420 100 1 
10430 100 1 
10440 100 1 
10450 100 1 
10460 100 1 
10470 100 1 
10480 100 1 
10490 100 1 
10500 100 1 
10510 1 100 
10520 1 100 
10530 1 100 
10540 1 100 
10550 1 100 
10560 1 100 
10570 1 100 
10580 1 100 
10590 1 100 
10600 1 100 
10610 1 100 
10620 1 100 
10630 1 100 
10640 1 100 
10650 1 100 
10660 1 100 
10670 1 100 
10680 1 100 
10690 1 100 
10700 1 100 
10710 1 100 
10720 1 100 
10730 1 100 
10740 1 100 
10750 1 100 
10760 100 1 
10770 100 1 
10780 100 1 
10790 100 1 
10800 100 1 
10810 100 1 
10820 100 1 
10830 100 1 
10840 100 1 
10850 100 1 
10860 100 1 
10870 100 1 
10880 100 1 
10890 100 1 
10900 100 1 
10910 100 1 
10920 100 1 
10930 100 1 
10940 100 1 
10950 100 1 
10960 100 1 
10970 100 1 
10980 100 1 
10990 100 1 
11000 100 1 
11010 1 100 
11020 1 100 
11030 1 100 
11040 1 100 
11050 1 100 
11060 1 100 
11070 1 100 
11080 1 100 
11090 1 100 
11100 1 100 
11110 1 100 
11120 1 100 
11130 1 100 
11140 1 100 
11150 1 100 
11160 1 100 
11170 1 100 
11180 1 100 
11190 1 100 
11200 1 100 
11210 1 100 
11220 1 100 
11230 1 100 
11240 1 100 
11250 1 100 
11260 100 1 
11270 100 1 
11280 100 1 
11290 100 1 
11300 100 1 
11310 100 1 
11320 100 1 
11330 100 1 
11340 100 1 
11350 100 1 
11360 100 1 
11370 100 1 
11380 100 1 
11390 100 1 
11400 100 1 
11410 100 1 
11420 100 1 
11430 100 1 
11440 100 1 
11450 100 1 
11460 100 1 
11470 100 1 
11480 100 1 
11490 100 1 
11500 100 1 
11510 1 100 
11520 1 100 
11530 1 100 
11540 1 100 
11550 1 100 
11560 1 100 
11570 1 100 
11580 1 100 
11590 1 100 
11600 1 100 
11610 1 100 
11620 1 100 
11630 1 100 
11640 1 100 
11650 1 100 
11660 1 100 
11670 1 100 
11680 1 100 
11690 1 100 
11700 1 100 
11710 1 100 
11720 1 100 
11730 1 100 
11740 1 100 
11750 1 100 
11760 100 1 
11770 100 1 
11780 100 1 
11790 100 1 
11800 100 1 
11810 100 1 
11820 100 1 
11830 100 1 
11840 100 1 
11850 100 1 
11860 100 1 
11870 100 1 
11880 100 1 
11890 100 1 
11900 100 1 
11910 100 1 
11920 100 1 
11930 100 1 
11940 100 1 
11950 100 1 
11960 100 1 
11970 100 1 
11980 100 1 
11990 100 1 
12000 100 1 
12010 1 100 
12020 1 100 
12030 1 100 
12040 1 100 
12050 1 100 
12060 1 100 
12070 1 100 
12080 1 100 
12090 1 100 
12100 1 100 
12110 1 100 
12120 1 100 
12130 1 100 
12140 1 100 
12150 1 100 
12160 1 100 
12170 1 100 
12180 1 100 
12190 1 100 
12200 1 100 
12210 1 100 
12220 1 100 
12230 1 100 
12240 1 100 
12250 1 100 
12260 100 1 
12270 100 1 
12280 100 1 
12290 100 1 
12300 100 1 
12310 100 1 
12320 100 1 
12330 100 1 
12340 100 1 
12350 100 1 
12360 100 1 
12370 100 1 
12380 100 1 
12390 100 1 
12400 100 1 
12410 100 1 
12420 100 1 
12430 100 1 
12440 100 1 
12450 100 1 
12460 100 1 
12470 100 1 
12480 100 1 
12490 100 1 
12500 100 1 
12510 1 100 
12520 1 100 
12530 1 100 
12540 1 100 
12550 1 100 
12560 1 100 
12570 1 100 
12580 1 100 
12590 1 100 
12600 1 100 
12610 1 100 
12620 1 100 
12630 1 100 
12640 1 100 
12650 1 100 
12660 1 100 
12670 1 100 
12680 1 100 
12690 1 100 
12700 1 100 
12710 1 100 
12720 1 100 
12730 1 100 
12740 1 100 
12750 1 100 
12760 100 1 
12770 100 1 
12780 100 1 
12790 100 1 
12800 100 1 
12810 100 1 
12820 100 1 
12830 100 1 
12840 100 1 
12850 100 1 
12860 100 1 
12870 100 1 
12880 100 1 
12890 100 1 
12900 100 1 
12910 100 1 
12920 100 1 
12930 100 1 
12940 100 1 
12950 100 1 
12960 100 1 
12970 100 1 
12980 100 1 
12990 100 1 
13000 100 1 
13010 1 100 
13020 1 100 
13030 1 100 
13040 1 100 
13050 1 100 
13060 1 100 
13070 1 100 
13080 1 100 
13090 1 100 
13100 1 100 
13110 1 100 
13120 1 100 
13130 1 100 
13140 1 100 
13150 1 100 
13160 1 100 
13170 1 100 
13180 1 100 
13190 1 100 
13200 1 100 
13210 1 100 
13220 1 100 
13230 1 100 
13240 1 100 
13250 1 100 
13260 100 1 
13270 100 1 
13280 100 1 
13290 100 1 
13300 100 1 
13310 100 1 
13320 100 1 
13330 100 1 
13340 100 1 
13350 100 1 
13360 100 1 
13370 100 1 
13380 100 1 
13390 100 1 
13400 100 1 
13410 100 1 
13420 100 1 
13430 100 1 
13440 100 1 
13450 100 1 
13460 100 1 
13470 100 1 
13480 100 1 
13490 100 1 
13500 100 1 
13510 1 100 
13520 1 100 
13530 1 100 
13540 1 100 
13550 1 100 
13560 1 100 
13570 1 100 
13580 1 100 
13590 1 100 
13600 1 100 
13610 1 100 
13620 1 100 
13630 1 100 
13640 1 100 
13650 1 100 
13660 1 100 
13670 1 100 
13680 1 100 
13690 1 100 
13700 1 100 
13710 1 100 
13720 1 100 
13730 1 100 
13740 1 100 
13750 1 100 
13760 100 1 
13770 100 1 
13780 100 1 
13790 100 1 
13800 100 1 
13810 100 1 
13820 100 1 
13830 100 1 
13840 100 1 
13850 100 1 
13860 100 1 
13870 100 1 
13880 100 1 
13890 100 1 
13900 100 1 
13910 100 1 
13920 100 1 
13930 100 1 
13940 100 1 
13950 100 1 
13960 100 1 
13970 100 1 
13980 100 1 
13990 100 1 
14000 100 1 
14010 1 100 
14020 1 100 
14030 1 100 
14040 1 100 
14050 1 100 
14060 1 100 
14070 1 100 
14080 1 100 
14090 1 100 
14100 1 100 
14110 1 100 
14120 1 100 
14130 1 100 
14140 1 100 
14150 1 100 
14160 1 100 
14170 1 100 
14180 1 100 
14190 1 100 
14200 1 100 
14210 1 100 
14220 1 100 
14230 1 100 
14240 1 100 
14250 1 100 
14260 100 1 
14270 100 1 
14280 100 1 
14290 100 1 
14300 100 1 
14310 100 1 
14320 100 1 
14330 100 1 
14340 100 1 
14350 100 1 
14360 100 1 
14370 100 1 
14380 100 1 
14390 100 1 
14400 100 1 
14410 100 1 
14420 100 1 
14430 100 1 
14440 100 1 
14450 100 1 
14460 100 1 
14470 100 1 
14480 100 1 
14490 100 1 
14500 100 1 
14510 1 100 
14520 1 100 
14530 1 100 
14540 1 100 
14550 1 100 
14560 1 100 
14570 1 100 
14580 1 100 
14590 1 100 
14600 1 100 
14610 1 100 
14620 1 100 
14630 1 100 
14640 1 100 
14650 1 100 
14660 1 100 
14670 1 100 
14680 1 100 
14690 1 100 
14700 1 100 
14710 1 100 
14720 1 100 
14730 1 100 
14740 1 100 
14750 1 100 
14760 100 1 
14770 100 1 
14780 100 1 
14790 100 1 
14800 100 1 
14810 100 1 
14820 100 1 
14830 100 1 
14840 100 1 
14850 100 1 
14860 100 1 
14870 100 1 
14880 100 1 
14890 100 1 
14900 100 1 
14910 100 1 
14920 100 1 
14930 100 1 
14940 100 1 
14950 100 1 
14960 100 1 
14970 100 1 
14980 100 1 
14990 100 1 
15000 100 1 
15010 1 100 
15020 1 100 
15030 1 100 
15040 1 100 
15050 1 100 
15060 1 100 
15070 1 100 
15080 1 100 
15090 1 100 
15100 1 100 
15110 1 100 
15120 1 100 
15130 1 100 
15140 1 100 
15150 1 100 
15160 1 100 
15170 1 100 
15180 1 100 
15190 1 100 
15200 1 100 
15210 1 100 
15220 1 100 
15230 1 100 
15240 1 100 
15250 1 100 
15260 100 1 
15270 100 1 
15280 100 1 
15290 100 1 
15300 100 1 
15310 100 1 
15320 100 1 
15330 100 1 
15340 100 1 
15350 100 1 
15360 100 1 
15370 100 1 
15380 100 1 
15390 100 1 
15400 100 1 
15410 100 1 
15420 100 1 
15430 100 1 
15440 100 1 
15450 100 1 
15460 100 1 
15470 100 1 
15480 100 1 
15490 100 1 
15500 100 1 
15510 1 100 
15520 1 100 
15530 1 100 
15540 1 100 
15550 1 100 
15560 1 100 
15570 1 100 
15580 1 100 
15590 1 100 
15600 1 100 
15610 1 100 
15620 1 100 
15630 1 100 
15640 1 100 
15650 1 100 
15660 1 100 
15670 1 100 
15680 1 100 
15690 1 100 
15700 1 100 
15710 1 100 
15720 1 100 
15730 1 100 
15740 1 100 
15750 1 100 
15760 100 1 
15770 100 1 
15780 100 1 
15790 100 1 
15800 100 1 
15810 100 1 
15820 100 1 
15830 100 1 
15840 100 1 
15850 100 1 
15860 100 1 
15870 100 1 
15880 100 1 
15890 100 1 
15900 100 1 
15910 100 1 
15920 100 1 
15930 100 1 
15940 100 1 
15950 100 1 
15960 100 1 
15970 100 1 
15980 100 1 
15990 100 1 
16000 100 1 
16010 1 100 
16020 1 100 
16030 1 100 
16040 1 100 
16050 1 100 
16060 1 100 
16070 1 100 
16080 1 100 
16090 1 100 
16100 1 100 
16110 1 100 
16120 1 100 
16130 1 100 
16140 1 100 
16150 1 100 
16160 1 100 
16170 1 100 
16180 1 100 
16190 1 100 
16200 1 100 
16210 1 100 
16220 1 100 
16230 1 100 
16240 1 100 
16250 1 100 
16260 100 1 
16270 100 1 
16280 100 1 
16290 100 1 
16300 100 1 
16310 100 1 
16320 100 1 
16330 100 1 
16340 100 1 
16350 100 1 
16360 100 1 
16370 100 1 
16380 100 1 
16390 100 1 
16400 100 1 
16410 100 1 
16420 100 1 
16430 100 1 
16440 100 1 
16450 100 1 
16460 100 1 
16470 100 1 
16480 100 1 
16490 100 1 
16500 100 1 
16510 1 100 
16520 1 100 
16530 1 100 
16540 1 100 
16550 1 100 
16560 1 100 
16570 1 100 
16580 1 100 
16590 1 100 
16600 1 100 
16610 1 100 
16620 1 100 
16630 1 100 
16640 1 100 
16650 1 100 
16660 1 100 
16670 1 100 
16680 1 100 
16690 1 100 
16700 1 100 
16710 1 100 
16720 1 100 
16730 1 100 
16740 1 100 
16750 1 100 
16760 100 1 
16770 100 1 
16780 100 1 
16790 100 1 
16800 100 1 
16810 100 1 
16820 100 1 
16830 100 1 
16840 100 1 
16850 100 1 
16860 100 1 
16870 100 1 
16880 100 1 
16890 100 1 
16900 100 1 
16910 100 1 
16920 100 1 
16930 100 1 
16940 100 1 
16950 100 1 
16960 100 1 
16970 100 1 
16980 100 1 
16990 100 1 
17000 100 1 
17010 1 100 
17020 1 100 
17030 1 100 
17040 1 100 
17050 1 100 
17060 1 100 
17070 1 100 
17080 1 100 
17090 1 100 
17100 1 100 
17110 1 100 
17120 1 100 
17130 1 100 
17140 1 100 
17150 1 100 
17160 1 100 
17170 1 100 
17180 1 100 
17190 1 100 
17200 1 100 
17210 1 100 
17220 1 100 
17230 1 100 
17240 1 100 
17250 1 100 
17260 100 1 
17270 100 1 
17280 100 1 
17290 100 1 
17300 100 1 
17310 100 1 
17320 100 1 
17330 100 1 
17340 100 1 
17350 100 1 
17360 100 1 
17370 100 1 
17380 100 1 
17390 100 1 
17400 100 1 
17410 100 1 
17420 100 1 
17430 100 1 
17440 100 1 
17450 100 1 
17460 100 1 
17470 100 1 
17480 100 1 
17490 100 1 
17500 100 1 
17510 1 100 
17520 1 100 
17530 1 100 
17540 1 100 
17550 1 100 
17560 1 100 
17570 1 100 
17580 1 100 
17590 1 100 
17600 1 100 
17610 1 100 
17620 1 100 
17630 1 100 
17640 1 100 
17650 1 100 
17660 1 100 
17670 1 100 
17680 1 100 
17690 1 100 
17700 1 100 
17710 1 100 
17720 1 100 
17730 1 100 
17740 1 100 
17750 1 100 
17760 100 1 
17770 100 1 
17780 100 1 
17790 100 1 
17800 100 1 
17810 100 1 
17820 100 1 
17830 100 1 
17840 100 1 
17850 100 1 
17860 100 1 
17870 100 1 
17880 100 1 
17890 100 1 
17900 100 1 
17910 100 1 
17920 100 1 
17930 100 1 
17940 100 1 
17950 100 1 
17960 100 1 
17970 100 1 
17980 100 1 
17990 100 1 
18000 100 1 
18010 1 100 
18020 1 100 
18030 1 100 
18040 1 100 
18050 1 100 
18060 1 100 
18070 1 100 
18080 1 100 
18090 1 100 
18100 1 100 
18110 1 100 
18120 1 100 
18130 1 100 
18140 1 100 
18150 1 100 
18160 1 100 
18170 1 100 
18180 1 100 
18190 1 100 
18200 1 100 
18210 1 100 
18220 1 100 
18230 1 100 
18240 1 100 
18250 1 100 
18260 100 1 
18270 100 1 
18280 100 1 
18290 100 1 
18300 100 1 
18310 100 1 
18320 100 1 
18330 100 1 
18340 100 1 
18350 100 1 
18360 100 1 
18370 100 1 
18380 100 1 
18390 100 1 
18400 100 1 
18410 100 1 
18420 100 1 
18430 100 1 
18440 100 1 
18450 100 1 
18460 100 1 
18470 100 1 
18480 100 1 
18490 100 1 
18500 100 1 
18510 1 100 
18520 1 100 
18530 1 100 
18540 1 100 
18550 1 100 
18560 1 100 
18570 1 100 
18580 1 100 
18590 1 100 
18600 1 100 
18610 1 100 
18620 1 100 
18630 1 100 
18640 1 100 
18650 1 100 
18660 1 100 
18670 1 100 
18680 1 100 
18690 1 100 
18700 1 100 
18710 1 100 
18720 1 100 
18730 1 100 
18740 1 100 
18750 1 100 
18760 100 1 
18770 100 1 
18780 100 1 
18790 100 1 
18800 100 1 
18810 100 1 
18820 100 1 
18830 100 1 
18840 100 1 
18850 100 1 
18860 100 1 
18870 100 1 
18880 100 1 
18890 100 1 
18900 100 1 
18910 100 1 
18920 100 1 
18930 100 1 
18940 100 1 
18950 100 1 
18960 100 1 
18970 100 1 
18980 100 1 
18990 100 1 
19000 100 1 
19010 1 100 
19020 1 100 
19030 1 100 
19040 1 100 
19050 1 100 
19060 1 100 
19070 1 100 
19080 1 100 
19090 1 100 
19100 1 100 
19110 1 100 
19120 1 100 
19130 1 100 
19140 1 100 
19150 1 100 
19160 1 100 
19170 1 100 
19180 1 100 
19190 1 100 
19200 1 100 
19210 1 100 
19220 1 100 
19230 1 100 
19240 1 100 
19250 1 100 
19260 100 1 
19270 100 1 
19280 100 1 
19290 100 1 
19300 100 1 
19310 100 1 
19320 100 1 
19330 100 1 
19340 100 1 
19350 100 1 
19360 100 1 
19370 100 1 
19380 100 1 
19390 100 1 
19400 100 1 
19410 100 1 
19420 100 1 
19430 100 1 
19440 100 1 
19450 100 1 
19460 100 1 
19470 100 1 
19480 100 1 
19490 100 1 
19500 100 1 
19510 1 100 
19520 1 100 
19530 1 100 
19540 1 100 
19550 1 100 
19560 1 100 
19570 1 100 
19580 1 100 
19590 1 100 
19600 1 100 
19610 1 100 
19620 1 100 
19630 1 100 
19640 1 100 
19650 1 100 
19660 1 100 
19670 1 100 
19680 1 100 
19690 1 100 
19700 1 100 
19710 1 100 
19720 1 100 
19730 1 100 
19740 1 100 
19750 1 100 
19760 100 1 
19770 100 1 
19780 100 1 
19790 100 1 
19800 100 1 
19810 100 1 
19820 100 1 
19830 100 1 
19840 100 1 
19850 100 1 
19860 100 1 
19870 100 1 
19880 100 1 
19890 100 1 
19900 100 1 
19910 100 1 
19920 100 1 
19930 100 1 
19940 100 1 
19950 100 1 
19960 100 1 
19970 100 1 
19980 100 1 
19990 100 1 
20000 100 1 
20010 1 100 
20020 1 100 
20030 1 100 
20040 1 100 
20050 1 100 
20060 1 100 
20070 1 100 
20080 1 100 
20090 1 100 
20100 1 100 
20110 1 100 
20120 1 100 
20130 1 100 
20140 1 100 
20150 1 100 
20160 1 100 
20170 1 100 
20180 1 100 
20190 1 100 
20200 1 100 
20210 1 100 
20220 1 100 
20230 1 100 
20240 1 100 
20250 1 100 
20260 100 1 
20270 100 1 
20280 100 1 
20290 100 1 
20300 100 1 
20310 100 1 
20320 100 1 
20330 100 1 
20340 100 1 
20350 100 1 
20360 100 1 
20370 100 1 
20380 100 1 
20390 100 1 
20400 100 1 
20410 100 1 
20420 100 1 
20430 100 1 
20440 100 1 
20450 100 1 
20460 100 1 
20470 100 1 
20480 100 1 
20490 100 1 
20500 100 1 
20510 1 100 
20520 1 100 
20530 1 100 
20540 1 100 
20550 1 100 
20560 1 100 
20570 1 100 
20580 1 100 
20590 1 100 
20600 1 100 
20610 1 100 
20620 1 100 
20630 1 100 
20640 1 100 
20650 1 100 
20660 1 100 
20670 1 100 
20680 1 100 
20690 1 100 
20700 1 100 
20710 1 100 
20720 1 100 
20730 1 100 
20740 1 100 
20750 1 100 
20760 100 1 
20770 100 1 
20780 100 1 
20790 100 1 
20800 100 1 
20810 100 1 
20820 100 1 
20830 100 1 
20840 100 1 
20850 100 1 
20860 100 1 
20870 100 1 
20880 100 1 
20890 100 1 
20900 100 1 
20910 100 1 
20920 100 1 
20930 100 1 
20940 100 1 
20950 100 1 
20960 100 1 
20970 100 1 
20980 100 1 
20990 100 1 
21000 100 1 
21010 1 100 
21020 1 100 
21030 1 100 
21040 1 100 
21050 1 100 
21060 1 100 
21070 1 100 
21080 1 100 
21090 1 100 
21100 1 100 
21110 1 100 
21120 1 100 
21130 1 100 
21140 1 100 
21150 1 100 
21160 1 100 
21170 1 100 
21180 1 100 
21190 1 100 
21200 1 100 
21210 1 100 
21220 1 100 
21230 1 100 
21240 1 100 
21250 1 100 
21260 100 1 
21270 100 1 
21280 100 1 
21290 100 1 
21300 100 1 
21310 100 1 
21320 100 1 
21330 100 1 
21340 100 1 
21350 100 1 
21360 100 1 
21370 100 1 
21380 100 1 
21390 100 1 
21400 100 1 
21410 100 1 
21420 100 1 
21430 100 1 
21440 100 1 
21450 100 1 
21460 100 1 
21470 100 1 
21480 100 1 
21490 100 1 
21500 100 1 
21510 1 100 
21520 1 100 
21530 1 100 
21540 1 100 
21550 1 100 
21560 1 100 
21570 1 100 
21580 1 100 
21590 1 100 
21600 1 100 
21610 1 100 
21620 1 100 
21630 1 100 
21640 1 100 
21650 1 100 
21660 1 100 
21670 1 100 
21680 1 100 
21690 1 100 
21700 1 100 
21710 1 100 
21720 1 100 
21730 1 100 
21740 1 100 
21750 1 100 
21760 100 1 
21770 100 1 
21780 100 1 
21790 100 1 
21800 100 1 
21810 100 1 
21820 100 1 
21830 100 1 
21840 100 1 
21850 100 1 
21860 100 1 
21870 100 1 
21880 100 1 
21890 100 1 
21900 100 1 
21910 100 1 
21920 100 1 
21930 100 1 
21940 100 1 
21950 100 1 
21960 100 1 
21970 100 1 
21980 100 1 
21990 100 1 
22000 100 1 
22010 1 100 
22020 1 100 
22030 1 100 
22040 1 100 
22050 1 100 
22060 1 100 
22070 1 100 
22080 1 100 
22090 1 100 
22100 1 100 
22110 1 100 
22120 1 100 
22130 1 100 
22140 1 100 
22150 1 100 
22160 1 100 
22170 1 100 
22180 1 100 
22190 1 100 
22200 1 100 
22210 1 100 
22220 1 100 
22230 1 100 
22240 1 100 
22250 1 100 
22260 100 1 
22270 100 1 
22280 100 1 
22290 100 1 
22300 100 1 
22310 100 1 
22320 100 1 
22330 100 1 
22340 100 1 
22350 100 1 
22360 100 1 
22370 100 1 
22380 100 1 
22390 100 1 
22400 100 1 
22410 100 1 
22420 100 1 
22430 100 1 
22440 100 1 
22450 100 1 
22460 100 1 
22470 100 1 
22480 100 1 
22490 100 1 
22500 100 1 
22510 1 100 
22520 1 100 
22530 1 100 
22540 1 100 
22550 1 100 
22560 1 100 
22570 1 100 
22580 1 100 
22590 1 100 
22600 1 100 
22610 1 100 
22620 1 100 
22630 1 100 
22640 1 100 
22650 1 100 
22660 1 100 
22670 1 100 
22680 1 100 
22690 1 100 
22700 1 100 
22710 1 100 
22720 1 100 
22730 1 100 
22740 1 100 
22750 1 100 
22760 100 1 
22770 100 1 
22780 100 1 
22790 100 1 
22800 100 1 
22810 100 1 
22820 100 1 
22830 100 1 
22840 100 1 
22850 100 1 
22860 100 1 
22870 100 1 
22880 100 1 
22890 100 1 
22900 100 1 
22910 100 1 
22920 100 1 
22930 100 1 
22940 100 1 
22950 100 1 
22960 100 1 
22970 100 1 
22980 100 1 
22990 100 1 
23000 100 1 
23010 1 100 
23020 1 100 
23030 1 100 
23040 1 100 
23050 1 100 
23060 1 100 
23070 1 100 
23080 1 100 
23090 1 100 
23100 1 100 
23110 1 100 
23120 1 100 
23130 1 100 
23140 1 100 
23150 1 100 
23160 1 100 
23170 1 100 
23180 1 100 
23190 1 100 
23200 1 100 
23210 1 100 
23220 1 100 
23230 1 100 
23240 1 100 
23250 1 100 
23260 100 1 
23270 100 1 
23280 100 1 
23290 100 1 
23300 100 1 
23310 100 1 
23320 100 1 
23330 100 1 
23340 100 1 
23350 100 1 
23360 100 1 
23370 100 1 
23380 100 1 
23390 100 1 
23400 100 1 
23410 100 1 
23420 100 1 
23430 100 1 
23440 100 1 
23450 100 1 
23460 100 1 
23470 100 1 
23480 100 1 
23490 100 1 
23500 100 1 
23510 1 100 
23520 1 100 
23530 1 100 
23540 1 100 
23550 1 100 
23560 1 100 
23570 1 100 
23580 1 100 
23590 1 100 
23600 1 100 
23610 1 100 
23620 1 100 
23630 1 100 
23640 1 100 
23650 1 100 
23660 1 100 
23670 1 100 
23680 1 100 
23690 1 100 
23700 1 100 
23710 1 100 
23720 1 100 
23730 1 100 
23740 1 100 
23750 1 100 
23760 100 1 
23770 100 1 
23780 100 1 
23790 100 1 
23800 100 1 
23810 100 1 
23820 100 1 
23830 100 1 
23840 100 1 
23850 100 1 
23860 100 1 
23870 100 1 
23880 100 1 
23890 100 1 
23900 100 1 
23910 100 1 
23920 100 1 
23930 100 1 
23940 100 1 
23950 100 1 
23960 100 1 
23970 100 1 
23980 100 1 
23990 100 1 
24000 100 1 
24010 1 100 
24020 1 100 
24030 1 100 
24040 1 100 
24050 1 100 
24060 1 100 
24070 1 100 
24080 1 100 
24090 1 100 
24100 1 100 
24110 1 100 
24120 1 100 
24130 1 100 
24140 1 100 
24150 1 100 
24160 1 100 
24170 1 100 
24180 1 100 
24190 1 100 
24200 1 100 
24210 1 100 
24220 1 100 
24230 1 100 
24240 1 100 
24250 1 100 
24260 100 1 
24270 100 1 
24280 100 1 
24290 100 1 
24300 100 1 
24310 100 1 
24320 100 1 
24330 100 1 
24340 100 1 
24350 100 1 
24360 100 1 
24370 100 1 
24380 100 1 
24390 100 1 
24400 100 1 
24410 100 1 
24420 100 1 
24430 100 1 
24440 100 1 
24450 100 1 
24460 100 1 
24470 100 1 
24480 100 1 
24490 100 1 
24500 100 1 
24510 1 100 
24520 1 100 
24530 1 100 
24540 1 100 
24550 1 100 
24560 1 100 
24570 1 100 
24580 1 100 
24590 1 100 
24600 1 100 
24610 1 100 
24620 1 100 
24630 1 100 
24640 1 100 
24650 1 100 
24660 1 100 
24670 1 100 
24680 1 100 
24690 1 100 
24700 1 100 
24710 1 100 
24720 1 100 
24730 1 100 
24740 1 100 
24750 1 100 
24760 100 1 
24770 100 1 
24780 100 1 
24790 100 1 
24800 100 1 
24810 100 1 
24820 100 1 
24830 100 1 
24840 100 1 
24850 100 1 
24860 100 1 
24870 100 1 
24880 100 1 
24890 100 1 
24900 100 1 
24910 100 1 
24920 100 1 
24930 100 1 
24940 100 1 
24950 100 1 
24960 100 1 
24970 100 1 
24980 100 1 
24990 100 1 
25000 100 1 
25010 1 100 
25020 1 100 
25030 1 100 
25040 1 100 
25050 1 100 
25060 1 100 
25070 1 100 
25080 1 100 
25090 1 100 
25100 1 100 
25110 1 100 
25120 1 100 
25130 1 100 
25140 1 100 
25150 1 100 
25160 1 100 
25170 1 100 
25180 1 100 
25190 1 100 
25200 1 100 
25210 1 100 
25220 1 100 
25230 1 100 
25240 1 100 
25250 1 100 
25260 100 1 
25270 100 1 
25280 100 1 
25290 100 1 
25300 100 1 
25310 100 1 
25320 100 1 
25330 100 1 
25340 100 1 
25350 100 1 
25360 100 1 
25370 100 1 
25380 100 1 
25390 100 1 
25400 100 1 
25410 100 1 
25420 100 1 
25430 100 1 
25440 100 1 
25450 100 1 
25460 100 1 
25470 100 1 
25480 100 1 
25490 100 1 
25500 100 1 
25510 1 100 
25520 1 100 
25530 1 100 
25540 1 100 
25550 1 100 
25560 1 100 
25570 1 100 
25580 1 100 
25590 1 100 
25600 1 100 
25610 1 100 
25620 1 100 
25630 1 100 
25640 1 100 
25650 1 100 
25660 1 100 
25670 1 100 
25680 1 100 
25690 1 100 
25700 1 100 
25710 1 100 
25720 1 100 
25730 1 100 
25740 1 100 
25750 1 100 
25760 100 1 
25770 100 1 
25780 100 1 
25790 100 1 
25800 100 1 
25810 100 1 
25820 100 1 
25830 100 1 
25840 100 1 
25850 100 1 
25860 100 1 
25870 100 1 
25880 100 1 
25890 100 1 
25900 100 1 
25910 100 1 
25920 100 1 
25930 100 1 
25940 100 1 
25950 100 1 
25960 100 1 
25970 100 1 
25980 100 1 
25990 100 1 
26000 100 1 
26010 1 100 
26020 1 100 
26030 1 100 
26040 1 100 
26050 1 100 
26060 1 100 
26070 1 100 
26080 1 100 
26090 1 100 
26100 1 100 
26110 1 100 
26120 1 100 
26130 1 100 
26140 1 100 
26150 1 100 
26160 1 100 
26170 1 100 
26180 1 100 
26190 1 100 
26200 1 100 
26210 1 100 
26220 1 100 
26230 1 100 
26240 1 100 
26250 1 100 
26260 100 1 
26270 100 1 
26280 100 1 
26290 100 1 
26300 100 1 
26310 100 1 
26320 100 1 
26330 100 1 
26340 100 1 
26350 100 1 
26360 100 1 
26370 100 1 
26380 100 1 
26390 100 1 
26400 100 1 
26410 100 1 
26420 100 1 
26430 100 1 
26440 100 1 
26450 100 1 
26460 100 1 
26470 100 1 
26480 100 1 
26490 100 1 
26500 100 1 
26510 1 100 
26520 1 100 
26530 1 100 
26540 1 100 
26550 1 100 
26560 1 100 
26570 1 100 
26580 1 100 
26590 1 100 
26600 1 100 
26610 1 100 
26620 1 100 
26630 1 100 
26640 1 100 
26650 1 100 
26660 1 100 
26670 1 100 
26680 1 100 
26690 1 100 
26700 1 100 
26710 1 100 
26720 1 100 
26730 1 100 
26740 1 100 
26750 1 100 
26760 100 1 
26770 100 1 
26780 100 1 
26790 100 1 
26800 100 1 
26810 100 1 
26820 100 1 
26830 100 1 
26840 100 1 
26850 100 1 
26860 100 1 
26870 100 1 
26880 100 1 
26890 100 1 
26900 100 1 
26910 100 1 
26920 100 1 
26930 100 1 
26940 100 1 
26950 100 1 
26960 100 1 
26970 100 1 
26980 100 1 
26990 100 1 
27000 100 1 
27010 1 100 
27020 1 100 
27030 1 100 
27040 1 100 
27050 1 100 
27060 1 100 
27070 1 100 
27080 1 100 
27090 1 100 
27100 1 100 
27110 1 100 
27120 1 100 
27130 1 100 
27140 1 100 
27150 1 100 
27160 1 100 
27170 1 100 
27180 1 100 
27190 1 100 
27200 1 100 
27210 1 100 
27220 1 100 
27230 1 100 
27240 1 100 
27250 1 100 
27260 100 1 
27270 100 1 
27280 100 1 
27290 100 1 
27300 100 1 
27310 100 1 
27320 100 1 
27330 100 1 
27340 100 1 
27350 100 1 
27360 100 1 
27370 100 1 
27380 100 1 
27390 100 1 
27400 100 1 
27410 100 1 
27420 100 1 
27430 100 1 
27440 100 1 
27450 100 1 
27460 100 1 
27470 100 1 
27480 100 1 
27490 100 1 
27500 100 1 
27510 1 100 
27520 1 100 
27530 1 100 
27540 1 100 
27550 1 100 
27560 1 100 
27570 1 100 
27580 1 100 
27590 1 100 
27600 1 100 
27610 1 100 
27620 1 100 
27630 1 100 
27640 1 100 
27650 1 100 
27660 1 100 
27670 1 100 
27680 1 100 
27690 1 100 
27700 1 100 
27710 1 100 
27720 1 100 
27730 1 100 
27740 1 100 
27750 1 100 
27760 100 1 
27770 100 1 
27780 100 1 
27790 100 1 
27800 100 1 
27810 100 1 
27820 100 1 
27830 100 1 
27840 100 1 
27850 100 1 
27860 100 1 
27870 100 1 
27880 100 1 
27890 100 1 
27900 100 1 
27910 100 1 
27920 100 1 
27930 100 1 
27940 100 1 
27950 100 1 
27960 100 1 
27970 100 1 
27980 100 1 
27990 100 1 
28000 100 1 
28010 1 100 
28020 1 100 
28030 1 100 
28040 1 100 
28050 1 100 
28060 1 100 
28070 1 100 
28080 1 100 
28090 1 100 
28100 1 100 
28110 1 100 
28120 1 100 
28130 1 100 
28140 1 100 
28150 1 100 
28160 1 100 
28170 1 100 
28180 1 100 
28190 1 100 
28200 1 100 
28210 1 100 
28220 1 100 
28230 1 100 
28240 1 100 
28250 1 100 
28260 100 1 
28270 100 1 
28280 100 1 
28290 100 1 
28300 100 1 
28310 100 1 
28320 100 1 
28330 100 1 
28340 100 1 
28350 100 1 
28360 100 1 
28370 100 1 
28380 100 1 
28390 100 1 
28400 100 1 
28410 100 1 
28420 100 1 
28430 100 1 
28440 100 1 
28450 100 1 
28460 100 1 
28470 100 1 
28480 100 1 
28490 100 1 
28500 100 1 
28510 1 100 
28520 1 100 
28530 1 100 
28540 1 100 
28550 1 100 
28560 1 100 
28570 1 100 
28580 1 100 
28590 1 100 
28600 1 100 
28610 1 100 
28620 1 100 
28630 1 100 
28640 1 100 
28650 1 100 
28660 1 100 
28670 1 100 
28680 1 100 
28690 1 100 
28700 1 100 
28710 1 100 
28720 1 100 
28730 1 100 
28740 1 100 
28750 1 100 
28760 100 1 
28770 100 1 
28780 100 1 
28790 100 1 
28800 100 1 
28810 100 1 
28820 100 1 
28830 100 1 
28840 100 1 
28850 100 1 
28860 100 1 
28870 100 1 
28880 100 1 
28890 100 1 
28900 100 1 
28910 100 1 
28920 100 1 
28930 100 1 
28940 100 1 
28950 100 1 
28960 100 1 
28970 100 1 
28980 100 1 
28990 100 1 
29000 100 1 
29010 1 100 
29020 1 100 
29030 1 100 
29040 1 100 
29050 1 100 
29060 1 100 
29070 1 100 
29080 1 100 
29090 1 100 
29100 1 100 
29110 1 100 
29120 1 100 
29130 1 100 
29140 1 100 
29150 1 100 
29160 1 100 
29170 1 100 
29180 1 100 
29190 1 100 
29200 1 100 
29210 1 100 
29220 1 100 
29230 1 100 
29240 1 100 
29250 1 100 
29260 100 1 
29270 100 1 
29280 100 1 
29290 100 1 
29300 100 1 
29310 100 1 
29320 100 1 
29330 100 1 
29340 100 1 
29350 100 1 
29360 100 1 
29370 100 1 
29380 100 1 
29390 100 1 
29400 100 1 
29410 100 1 
29420 100 1 
29430 100 1 
29440 100 1 
29450 100 1 
29460 100 1 
29470 100 1 
29480 100 1 
29490 100 1 
29500 100 1 
29510 1 100 
29520 1 100 
29530 1 100 
29540 1 100 
29550 1 100 
29560 1 100 
29570 1 100 
29580 1 100 
29590 1 100 
29600 1 100 
29610 1 100 
29620 1 100 
29630 1 100 
29640 1 100 
29650 1 100 
29660 1 100 
29670 1 100 
29680 1 100 
29690 1 100 
29700 1 100 
29710 1 100 
29720 1 100 
29730 1 100 
29740 1 100 
29750 1 100 
29760 100 1 
29770 100 1 
29780 100 1 
29790 100 1 
29800 100 1 
29810 100 1 
29820 100 1 
29830 100 1 
29840 100 1 
29850 100 1 
29860 100 1 
29870 100 1 
29880 100 1 
29890 100 1 
29900 100 1 
29910 100 1 
29920 100 1 
29930 100 1 
29940 100 1 
29950 100 1 
29960 100 1 
29970 100 1 
29980 100 1 
29990 100 1 
30000 100 1 
30010 1 100 
30020 1 100 
30030 1 100 
30040 1 100 
30050 1 100 
30060 1 100 
30070 1 100 
30080 1 100 
30090 1 100 
30100 1 100 
30110 1 100 
30120 1 100 
30130 1 100 
30140 1 100 
30150 1 100 
30160 1 100 
30170 1 100 
30180 1 100 
30190 1 100 
30200 1 100 
30210 1 100 
30220 1 100 
30230 1 100 
30240 1 100 
30250 1 100 
30260 100 1 
30270 100 1 
30280 100 1 
30290 100 1 
30300 100 1 
30310 100 1 
30320 100 1 
30330 100 1 
30340 100 1 
30350 100 1 
30360 100 1 
30370 100 1 
30380 100 1 
30390 100 1 
30400 100 1 
30410 100 1 
30420 100 1 
30430 100 1 
30440 100 1 
30450 100 1 
30460 100 1 
30470 100 1 
30480 100 1 
30490 100 1 
30500 100 1 
30510 1 100 
30520 1 100 
30530 1 100 
30540 1 100 
30550 1 100 
30560 1 100 
30570 1 100 
30580 1 100 
30590 1 100 
30600 1 100 
30610 1 100 
30620 1 100 
30630 1 100 
30640 1 100 
30650 1 100 
30660 1 100 
30670 1 100 
30680 1 100 
30690 1 100 
30700 1 100 
30710 1 100 
30720 1 100 
30730 1 100 
30740 1 100 
30750 1 100 
30760 100 1 
30770 100 1 
30780 100 1 
30790 100 1 
30800 100 1 
30810 100 1 
30820 100 1 
30830 100 1 
30840 100 1 
30850 100 1 
30860 100 1 
30870 100 1 
30880 100 1 
30890 100 1 
30900 100 1 
30910 100 1 
30920 100 1 
30930 100 1 
30940 100 1 
30950 100 1 
30960 100 1 
30970 100 1 
30980 100 1 
30990 100 1 
31000 100 1 
31010 1 100 
31020 1 100 
31030 1 100 
31040 1 100 
31050 1 100 
31060 1 100 
31070 1 100 
31080 1 100 
31090 1 100 
31100 1 100 
31110 1 100 
31120 1 100 
31130 1 100 
31140 1 100 
31150 1 100 
31160 1 100 
31170 1 100 
31180 1 100 
31190 1 100 
31200 1 100 
31210 1 100 
31220 1 100 
31230 1 100 
31240 1 100 
31250 1 100 
31260 100 1 
31270 100 1 
31280 100 1 
31290 100 1 
31300 100 1 
31310 100 1 
31320 100 1 
31330 100 1 
31340 100 1 
31350 100 1 
31360 100 1 
31370 100 1 
31380 100 1 
31390 100 1 
31400 100 1 
31410 100 1 
31420 100 1 
31430 100 1 
31440 100 1 
31450 100 1 
31460 100 1 
31470 100 1 
31480 100 1 
31490 100 1 
31500 100 1 
31510 1 100 
31520 1 100 
31530 1 100 
31540 1 100 
31550 1 100 
31560 1 100 
31570 1 100 
31580 1 100 
31590 1 100 
31600 1 100 
31610 1 100 
31620 1 100 
31630 1 100 
31640 1 100 
31650 1 100 
31660 1 100 
31670 1 100 
31680 1 100 
31690 1 100 
31700 1 100 
31710 1 100 
31720 1 100 
31730 1 100 
31740 1 100 
31750 1 100 
31760 100 1 
31770 100 1 
31780 100 1 
31790 100 1 
31800 100 1 
31810 100 1 
31820 100 1 
31830 100 1 
31840 100 1 
31850 100 1 
31860 100 1 
31870 100 1 
31880 100 1 
31890 100 1 
31900 100 1 
31910 100 1 
31920 100 1 
31930 100 1 
31940 100 1 
31950 100 1 
31960 100 1 
31970 100 1 
31980 100 1 
31990 100 1 
32000 100 1 
32010 1 100 
32020 1 100 
32030 1 100 
32040 1 100 
32050 1 100 
32060 1 100 
32070 1 100 
32080 1 100 
32090 1 100 
32100 1 100 
32110 1 100 
32120 1 100 
32130 1 100 
32140 1 100 
32150 1 100 
32160 1 100 
32170 1 100 
32180 1 100 
32190 1 100 
32200 1 100 
32210 1 100 
32220 1 100 
32230 1 100 
32240 1 100 
32250 1 100 
32260 100 1 
32270 100 1 
32280 100 1 
32290 100 1 
32300 100 1 
32310 100 1 
32320 100 1 
32330 100 1 
32340 100 1 
32350 100 1 
32360 100 1 
32370 100 1 
32380 100 1 
32390 100 1 
32400 100 1 
32410 100 1 
32420 100 1 
32430 100 1 
32440 100 1 
32450 100 1 
32460 100 1 
32470 100 1 
32480 100 1 
32490 100 1 
32500 100 1 
32510 1 100 
32520 1 100 
32530 1 100 
32540 1 100 
32550 1 100 
32560 1 100 
32570 1 100 
32580 1 100 
32590 1 100 
32600 1 100 
32610 1 100 
32620 1 100 
32630 1 100 
32640 1 100 
32650 1 100 
32660 1 100 
32670 1 100 
32680 1 100 
32690 1 100 
32700 1 100 
32710 1 100 
32720 1 100 
32730 1 100 
32740 1 100 
32750 1 100 
32760 100 1 
32770 100 1 
32780 100 1 
32790 100 1 
32800 100 1 
32810 100 1 
32820 100 1 
32830 100 1 
32840 100 1 
32850 100 1 
32860 100 1 
32870 100 1 
32880 100 1 
32890 100 1 
32900 100 1 
32910 100 1 
32920 100 1 
32930 100 1 
32940 100 1 
32950 100 1 
32960 100 1 
32970 100 1 
32980 100 1 
32990 100 1 
33000 100 1 
33010 1 100 
33020 1 100 
33030 1 100 
33040 1 100 
33050 1 100 
33060 1 100 
33070 1 100 
33080 1 100 
33090 1 100 
33100 1 100 
33110 1 100 
33120 1 100 
33130 1 100 
33140 1 100 
33150 1 100 
33160 1 100 
33170 1 100 
33180 1 100 
33190 1 100 
33200 1 100 
33210 1 100 
33220 1 100 
33230 1 100 
33240 1 100 
33250 1 100 
33260 100 1 
33270 100 1 
33280 100 1 
33290 100 1 
33300 100 1 
33310 100 1 
33320 100 1 
33330 100 1 
33340 100 1 
33350 100 1 
33360 100 1 
33370 100 1 
33380 100 1 
33390 100 1 
33400 100 1 
33410 100 1 
33420 100 1 
33430 100 1 
33440 100 1 
33450 100 1 
33460 100 1 
33470 100 1 
33480 100 1 
33490 100 1 
33500 100 1 
33510 1 100 
33520 1 100 
33530 1 100 
33540 1 100 
33550 1 100 
33560 1 100 
33570 1 100 
33580 1 100 
33590 1 100 
33600 1 100 
33610 1 100 
33620 1 100 
33630 1 100 
33640 1 100 
33650 1 100 
33660 1 100 
33670 1 100 
33680 1 100 
33690 1 100 
33700 1 100 
33710 1 100 
33720 1 100 
33730 1 100 
33740 1 100 
33750 1 100 
33760 100 1 
33770 100 1 
33780 100 1 
33790 100 1 
33800 100 1 
33810 100 1 
33820 100 1 
33830 100 1 
33840 100 1 
33850 100 1 
33860 100 1 
33870 100 1 
33880 100 1 
33890 100 1 
33900 100 1 
33910 100 1 
33920 100 1 
33930 100 1 
33940 100 1 
33950 100 1 
33960 100 1 
33970 100 1 
33980 100 1 
33990 100 1 
34000 100 1 
34010 1 100 
34020 1 100 
34030 1 100 
34040 1 100 
34050 1 100 
34060 1 100 
34070 1 100 
34080 1 100 
34090 1 100 
34100 1 100 
34110 1 100 
34120 1 100 
34130 1 100 
34140 1 100 
34150 1 100 
34160 1 100 
34170 1 100 
34180 1 100 
34190 1 100 
34200 1 100 
34210 1 100 
34220 1 100 
34230 1 100 
34240 1 100 
34250 1 100 
34260 100 1 
34270 100 1 
34280 100 1 
34290 100 1 
34300 100 1 
34310 100 1 
34320 100 1 
34330 100 1 
34340 100 1 
34350 100 1 
34360 100 1 
34370 100 1 
34380 100 1 
34390 100 1 
34400 100 1 
34410 100 1 
34420 100 1 
34430 100 1 
34440 100 1 
34450 100 1 
34460 100 1 
34470 100 1 
34480 100 1 
34490 100 1 
34500 100 1 
34510 1 100 
34520 1 100 
34530 1 100 
34540 1 100 
34550 1 100 
34560 1 100 
34570 1 100 
34580 1 100 
34590 1 100 
34600 1 100 
34610 1 100 
34620 1 100 
34630 1 100 
34640 1 100 
34650 1 100 
34660 1 100 
34670 1 100 
34680 1 100 
34690 1 100 
34700 1 100 
34710 1 100 
34720 1 100 
34730 1 100 
34740 1 100 
34750 1 100 
34760 100 1 
34770 100 1 
34780 100 1 
34790 100 1 
34800 100 1 
34810 100 1 
34820 100 1 
34830 100 1 
34840 100 1 
34850 100 1 
34860 100 1 
34870 100 1 
34880 100 1 
34890 100 1 
34900 100 1 
34910 100 1 
34920 100 1 
34930 100 1 
34940 100 1 
34950 100 1 
34960 100 1 
34970 100 1 
34980 100 1 
34990 100 1 
35000 100 1 
35010 1 100 
35020 1 100 
35030 1 100 
35040 1 100 
35050 1 100 
35060 1 100 
35070 1 100 
35080 1 100 
35090 1 100 
35100 1 100 
35110 1 100 
35120 1 100 
35130 1 100 
35140 1 100 
35150 1 100 
35160 1 100 
35170 1 100 
35180 1 100 
35190 1 100 
35200 1 100 
35210 1 100 
35220 1 100 
35230 1 100 
35240 1 100 
35250 1 100 
35260 100 1 
35270 100 1 
35280 100 1 
35290 100 1 
35300 100 1 
35310 100 1 
35320 100 1 
35330 100 1 
35340 100 1 
35350 100 1 
35360 100 1 
35370 100 1 
35380 100 1 
35390 100 1 
35400 100 1 
35410 100 1 
35420 100 1 
35430 100 1 
35440 100 1 
35450 100 1 
35460 100 1 
35470 100 1 
35480 100 1 
35490 100 1 
35500 100 1 
35510 1 100 
35520 1 100 
35530 1 100 
35540 1 100 
35550 1 100 
35560 1 100 
35570 1 100 
35580 1 100 
35590 1 100 
35600 1 100 
35610 1 100 
35620 1 100 
35630 1 100 
35640 1 100 
35650 1 100 
35660 1 100 
35670 1 100 
35680 1 100 
35690 1 100 
35700 1 100 
35710 1 100 
35720 1 100 
35730 1 100 
35740 1 100 
35750 1 100 
35760 100 1 
35770 100 1 
35780 100 1 
35790 100 1 
35800 100 1 
35810 100 1 
35820 100 1 
35830 100 1 
35840 100 1 
35850 100 1 
35860 100 1 
35870 100 1 
35880 100 1 
35890 100 1 
35900 100 1 
35910 100 1 
35920 100 1 
35930 100 1 
35940 100 1 
35950 100 1 
35960 100 1 
35970 100 1 
35980 100 1 
35990 100 1 
36000 100 1 
36010 1 100 
36020 1 100 
36030 1 100 
36040 1 100 
36050 1 100 
36060 1 100 
36070 1 100 
36080 1 100 
36090 1 100 
36100 1 100 
36110 1 100 
36120 1 100 
36130 1 100 
36140 1 100 
36150 1 100 
36160 1 100 
36170 1 100 
36180 1 100 
36190 1 100 
36200 1 100 
36210 1 100 
36220 1 100 
36230 1 100 
36240 1 100 
36250 1 100 
36260 100 1 
36270 100 1 
36280 100 1 
36290 100 1 
36300 100 1 
36310 100 1 
36320 100 1 
36330 100 1 
36340 100 1 
36350 100 1 
36360 100 1 
36370 100 1 
36380 100 1 
36390 100 1 
36400 100 1 
36410 100 1 
36420 100 1 
36430 100 1 
36440 100 1 
36450 100 1 
36460 100 1 
36470 100 1 
36480 100 1 
36490 100 1 
36500 100 1 
36510 1 100 
36520 1 100 
36530 1 100 
36540 1 100 
36550 1 100 
36560 1 100 
36570 1 100 
36580 1 100 
36590 1 100 
36600 1 100 
36610 1 100 
36620 1 100 
36630 1 100 
36640 1 100 
36650 1 100 
36660 1 100 
36670 1 100 
36680 1 100 
36690 1 100 
36700 1 100 
36710 1 100 
36720 1 100 
36730 1 100 
36740 1 100 
36750 1 100 
36760 100 1 
36770 100 1 
36780 100 1 
36790 100 1 
36800 100 1 
36810 100 1 
36820 100 1 
36830 100 1 
36840 100 1 
36850 100 1 
36860 100 1 
36870 100 1 
36880 100 1 
36890 100 1 
36900 100 1 
36910 100 1 
36920 100 1 
36930 100 1 
36940 100 1 
36950 100 1 
36960 100 1 
36970 100 1 
36980 100 1 
36990 100 1 
37000 100 1 
37010 1 100 
37020 1 100 
37030 1 100 
37040 1 100 
37050 1 100 
37060 1 100 
37070 1 100 
37080 1 100 
37090 1 100 
37100 1 100 
37110 1 100 
37120 1 100 
37130 1 100 
37140 1 100 
37150 1 100 
37160 1 100 
37170 1 100 
37180 1 100 
37190 1 100 
37200 1 100 
37210 1 100 
37220 1 100 
37230 1 100 
37240 1 100 
37250 1 100 
37260 100 1 
37270 100 1 
37280 100 1 
37290 100 1 
37300 100 1 
37310 100 1 
37320 100 1 
37330 100 1 
37340 100 1 
37350 100 1 
37360 100 1 
37370 100 1 
37380 100 1 
37390 100 1 
37400 100 1 
37410 100 1 
37420 100 1 
37430 100 1 
37440 100 1 
37450 100 1 
37460 100 1 
37470 100 1 
37480 100 1 
37490 100 1 
37500 100 1 
37510 1 100 
37520 1 100 
37530 1 100 
37540 1 100 
37550 1 100 
37560 1 100 
37570 1 100 
37580 1 100 
37590 1 100 
37600 1 100 
37610 1 100 
37620 1 100 
37630 1 100 
37640 1 100 
37650 1 100 
37660 1 100 
37670 1 100 
37680 1 100 
37690 1 100 
37700 1 100 
37710 1 100 
37720 1 100 
37730 1 100 
37740 1 100 
37750 1 100 
37760 100 1 
37770 100 1 
37780 100 1 
37790 100 1 
37800 100 1 
37810 100 1 
37820 100 1 
37830 100 1 
37840 100 1 
37850 100 1 
37860 100 1 
37870 100 1 
37880 100 1 
37890 100 1 
37900 100 1 
37910 100 1 
37920 100 1 
37930 100 1 
37940 100 1 
37950 100 1 
37960 100 1 
37970 100 1 
37980 100 1 
37990 100 1 
38000 100 1 
38010 1 100 
38020 1 100 
38030 1 100 
38040 1 100 
38050 1 100 
38060 1 100 
38070 1 100 
38080 1 100 
38090 1 100 
38100 1 100 
38110 1 100 
38120 1 100 
38130 1 100 
38140 1 100 
38150 1 100 
38160 1 100 
38170 1 100 
38180 1 100 
38190 1 100 
38200 1 100 
38210 1 100 
38220 1 100 
38230 1 100 
38240 1 100 
38250 1 100 
38260 100 1 
38270 100 1 
38280 100 1 
38290 100 1 
38300 100 1 
38310 100 1 
38320 100 1 
38330 100 1 
38340 100 1 
38350 100 1 
38360 100 1 
38370 100 1 
38380 100 1 
38390 100 1 
38400 100 1 
38410 100 1 
38420 100 1 
38430 100 1 
38440 100 1 
38450 100 1 
38460 100 1 
38470 100 1 
38480 100 1 
38490 100 1 
38500 100 1 
38510 1 100 
38520 1 100 
38530 1 100 
38540 1 100 
38550 1 100 
38560 1 100 
38570 1 100 
38580 1 100 
38590 1 100 
38600 1 100 
38610 1 100 
38620 1 100 
38630 1 100 
38640 1 100 
38650 1 100 
38660 1 100 
38670 1 100 
38680 1 100 
38690 1 100 
38700 1 100 
38710 1 100 
38720 1 100 
38730 1 100 
38740 1 100 
38750 1 100 
38760 100 1 
38770 100 1 
38780 100 1 
38790 100 1 
38800 100 1 
38810 100 1 
38820 100 1 
38830 100 1 
38840 100 1 
38850 100 1 
38860 100 1 
38870 100 1 
38880 100 1 
38890 100 1 
38900 100 1 
38910 100 1 
38920 100 1 
38930 100 1 
38940 100 1 
38950 100 1 
38960 100 1 
38970 100 1 
38980 100 1 
38990 100 1 
39000 100 1 
39010 1 100 
39020 1 100 
39030 1 100 
39040 1 100 
39050 1 100 
39060 1 100 
39070 1 100 
39080 1 100 
39090 1 100 
39100 1 100 
39110 1 100 
39120 1 100 
39130 1 100 
39140 1 100 
39150 1 100 
39160 1 100 
39170 1 100 
39180 1 100 
39190 1 100 
39200 1 100 
39210 1 100 
39220 1 100 
39230 1 100 
39240 1 100 
39250 1 100 
39260 100 1 
39270 100 1 
39280 100 1 
39290 100 1 
39300 100 1 
39310 100 1 
39320 100 1 
39330 100 1 
39340 100 1 
39350 100 1 
39360 100 1 
39370 100 1 
39380 100 1 
39390 100 1 
39400 100 1 
39410 100 1 
39420 100 1 
39430 100 1 
39440 100 1 
39450 100 1 
39460 100 1 
39470 100 1 
39480 100 1 
39490 100 1 
39500 100 1 
39510 1 100 
39520 1 100 
39530 1 100 
39540 1 100 
39550 1 100 
39560 1 100 
39570 1 100 
39580 1 100 
39590 1 100 
39600 1 100 
39610 1 100 
39620 1 100 
39630 1 100 
39640 1 100 
39650 1 100 
39660 1 100 
39670 1 100 
39680 1 100 
39690 1 100 
39700 1 100 
39710 1 100 
39720 1 100 
39730 1 100 
39740 1 100 
39750 1 100 
39760 100 1 
39770 100 1 
39780 100 1 
39790 100 1 
39800 100 1 
39810 100 1 
39820 100 1 
39830 100 1 
39840 100 1 
39850 100 1 
39860 100 1 
39870 100 1 
39880 100 1 
39890 100 1 
39900 100 1 
39910 100 1 
39920 100 1 
39930 100 1 
39940 100 1 
39950 100 1 
39960 100 1 
39970 100 1 
39980 100 1 
39990 100 1 
40000 100 1 
40010 1 100 
40020 1 100 
40030 1 100 
40040 1 100 
40050 1 100 
40060 1 100 
40070 1 100 
40080 1 100 
40090 1 100 
40100 1 100 
40110 1 100 
40120 1 100 
40130 1 100 
40140 1 100 
40150 1 100 
40160 1 100 
40170 1 100 
40180 1 100 
40190 1 100 
40200 1 100 
40210 1 100 
40220 1 100 
40230 1 100 
40240 1 100 
40250 1 100 
40260 100 1 
40270 100 1 
40280 100 1 
40290 100 1 
40300 100 1 
40310 100 1 
40320 100 1 
40330 100 1 
40340 100 1 
40350 100 1 
40360 100 1 
40370 100 1 
40380 100 1 
40390 100 1 
40400 100 1 
40410 100 1 
40420 100 1 
40430 100 1 
40440 100 1 
40450 100 1 
40460 100 1 
40470 100 1 
40480 100 1 
40490 100 1 
40500 100 1 
40510 1 100 
40520 1 100 
40530 1 100 
40540 1 100 
40550 1 100 
40560 1 100 
40570 1 100 
40580 1 100 
40590 1 100 
40600 1 100 
40610 1 100 
40620 1 100 
40630 1 100 
40640 1 100 
40650 1 100 
40660 1 100 
40670 1 100 
40680 1 100 
40690 1 100 
40700 1 100 
40710 1 100 
40720 1 100 
40730 1 100 
40740 1 100 
40750 1 100 
40760 100 1 
40770 100 1 
40780 100 1 
40790 100 1 
40800 100 1 
40810 100 1 
40820 100 1 
40830 100 1 
40840 100 1 
40850 100 1 
40860 100 1 
40870 100 1 
40880 100 1 
40890 100 1 
40900 100 1 
40910 100 1 
40920 100 1 
40930 100 1 
40940 100 1 
40950 100 1 
40960 100 1 
40970 100 1 
40980 100 1 
40990 100 1 
41000 100 1 
41010 1 100 
41020 1 100 
41030 1 100 
41040 1 100 
41050 1 100 
41060 1 100 
41070 1 100 
41080 1 100 
41090 1 100 
41100 1 100 
41110 1 100 
41120 1 100 
41130 1 100 
41140 1 100 
41150 1 100 
41160 1 100 
41170 1 100 
41180 1 100 
41190 1 100 
41200 1 100 
41210 1 100 
41220 1 100 
41230 1 100 
41240 1 100 
41250 1 100 
41260 100 1 
41270 100 1 
41280 100 1 
41290 100 1 
41300 100 1 
41310 100 1 
41320 100 1 
41330 100 1 
41340 100 1 
41350 100 1 
41360 100 1 
41370 100 1 
41380 100 1 
41390 100 1 
41400 100 1 
41410 100 1 
41420 100 1 
41430 100 1 
41440 100 1 
41450 100 1 
41460 100 1 
41470 100 1 
41480 100 1 
41490 100 1 
41500 100 1 
41510 1 100 
41520 1 100 
41530 1 100 
41540 1 100 
41550 1 100 
41560 1 100 
41570 1 100 
41580 1 100 
41590 1 100 
41600 1 100 
41610 1 100 
41620 1 100 
41630 1 100 
41640 1 100 
41650 1 100 
41660 1 100 
41670 1 100 
41680 1 100 
41690 1 100 
41700 1 100 
41710 1 100 
41720 1 100 
41730 1 100 
41740 1 100 
41750 1 100 
41760 100 1 
41770 100 1 
41780 100 1 
41790 100 1 
41800 100 1 
41810 100 1 
41820 100 1 
41830 100 1 
41840 100 1 
41850 100 1 
41860 100 1 
41870 100 1 
41880 100 1 
41890 100 1 
41900 100 1 
41910 100 1 
41920 100 1 
41930 100 1 
41940 100 1 
41950 100 1 
41960 100 1 
41970 100 1 
41980 100 1 
41990 100 1 
42000 100 1 
42010 1 100 
42020 1 100 
42030 1 100 
42040 1 100 
42050 1 100 
42060 1 100 
42070 1 100 
42080 1 100 
42090 1 100 
42100 1 100 
42110 1 100 
42120 1 100 
42130 1 100 
42140 1 100 
42150 1 100 
42160 1 100 
42170 1 100 
42180 1 100 
42190 1 100 
42200 1 100 
42210 1 100 
42220 1 100 
42230 1 100 
42240 1 100 
42250 1 100 
42260 100 1 
42270 100 1 
42280 100 1 
42290 100 1 
42300 100 1 
42310 100 1 
42320 100 1 
42330 100 1 
42340 100 1 
42350 100 1 
42360 100 1 
42370 100 1 
42380 100 1 
42390 100 1 
42400 100 1 
42410 100 1 
42420 100 1 
42430 100 1 
42440 100 1 
42450 100 1 
42460 100 1 
42470 100 1 
42480 100 1 
42490 100 1 
42500 100 1 
42510 1 100 
42520 1 100 
42530 1 100 
42540 1 100 
42550 1 100 
42560 1 100 
42570 1 100 
42580 1 100 
42590 1 100 
42600 1 100 
42610 1 100 
42620 1 100 
42630 1 100 
42640 1 100 
42650 1 100 
42660 1 100 
42670 1 100 
42680 1 100 
42690 1 100 
42700 1 100 
42710 1 100 
42720 1 100 
42730 1 100 
42740 1 100 
42750 1 100 
42760 100 1 
42770 100 1 
42780 100 1 
42790 100 1 
42800 100 1 
42810 100 1 
42820 100 1 
42830 100 1 
42840 100 1 
42850 100 1 
42860 100 1 
42870 100 1 
42880 100 1 
42890 100 1 
42900 100 1 
42910 100 1 
42920 100 1 
42930 100 1 
42940 100 1 
42950 100 1 
42960 100 1 
42970 100 1 
42980 100 1 
42990 100 1 
43000 100 1 
43010 1 100 
43020 1 100 
43030 1 100 
43040 1 100 
43050 1 100 
43060 1 100 
43070 1 100 
43080 1 100 
43090 1 100 
43100 1 100 
43110 1 100 
43120 1 100 
43130 1 100 
43140 1 100 
43150 1 100 
43160 1 100 
43170 1 100 
43180 1 100 
43190 1 100 
43200 1 100 
43210 1 100 
43220 1 100 
43230 1 100 
43240 1 100 
43250 1 100 
43260 100 1 
43270 100 1 
43280 100 1 
43290 100 1 
43300 100 1 
43310 100 1 
43320 100 1 
43330 100 1 
43340 100 1 
43350 100 1 
43360 100 1 
43370 100 1 
43380 100 1 
43390 100 1 
43400 100 1 
43410 100 1 
43420 100 1 
43430 100 1 
43440 100 1 
43450 100 1 
43460 100 1 
43470 100 1 
43480 100 1 
43490 100 1 
43500 100 1 
43510 1 100 
43520 1 100 
43530 1 100 
43540 1 100 
43550 1 100 
43560 1 100 
43570 1 100 
43580 1 100 
43590 1 100 
43600 1 100 
43610 1 100 
43620 1 100 
43630 1 100 
43640 1 100 
43650 1 100 
43660 1 100 
43670 1 100 
43680 1 100 
43690 1 100 
43700 1 100 
43710 1 100 
43720 1 100 
43730 1 100 
43740 1 100 
43750 1 100 
43760 100 1 
43770 100 1 
43780 100 1 
43790 100 1 
43800 100 1 
43810 100 1 
43820 100 1 
43830 100 1 
43840 100 1 
43850 100 1 
43860 100 1 
43870 100 1 
43880 100 1 
43890 100 1 
43900 100 1 
43910 100 1 
43920 100 1 
43930 100 1 
43940 100 1 
43950 100 1 
43960 100 1 
43970 100 1 
43980 100 1 
43990 100 1 
44000 100 1 
44010 1 100 
44020 1 100 
44030 1 100 
44040 1 100 
44050 1 100 
44060 1 100 
44070 1 100 
44080 1 100 
44090 1 100 
44100 1 100 
44110 1 100 
44120 1 100 
44130 1 100 
44140 1 100 
44150 1 100 
44160 1 100 
44170 1 100 
44180 1 100 
44190 1 100 
44200 1 100 
44210 1 100 
44220 1 100 
44230 1 100 
44240 1 100 
44250 1 100 
44260 100 1 
44270 100 1 
44280 100 1 
44290 100 1 
44300 100 1 
44310 100 1 
44320 100 1 
44330 100 1 
44340 100 1 
44350 100 1 
44360 100 1 
44370 100 1 
44380 100 1 
44390 100 1 
44400 100 1 
44410 100 1 
44420 100 1 
44430 100 1 
44440 100 1 
44450 100 1 
44460 100 1 
44470 100 1 
44480 100 1 
44490 100 1 
44500 100 1 
44510 1 100 
44520 1 100 
44530 1 100 
44540 1 100 
44550 1 100 
44560 1 100 
44570 1 100 
44580 1 100 
44590 1 100 
44600 1 100 
44610 1 100 
44620 1 100 
44630 1 100 
44640 1 100 
44650 1 100 
44660 1 100 
44670 1 100 
44680 1 100 
44690 1 100 
44700 1 100 
44710 1 100 
44720 1 100 
44730 1 100 
44740 1 100 
44750 1 100 
44760 100 1 
44770 100 1 
44780 100 1 
44790 100 1 
44800 100 1 
44810 100 1 
44820 100 1 
44830 100 1 
44840 100 1 
44850 100 1 
44860 100 1 
44870 100 1 
44880 100 1 
44890 100 1 
44900 100 1 
44910 100 1 
44920 100 1 
44930 100 1 
44940 100 1 
44950 100 1 
44960 100 1 
44970 100 1 
44980 100 1 
44990 100 1 
45000 100 1 
45010 1 100 
45020 1 100 
45030 1 100 
45040 1 100 
45050 1 100 
45060 1 100 
45070 1 100 
45080 1 100 
45090 1 100 
45100 1 100 
45110 1 100 
45120 1 100 
45130 1 100 
45140 1 100 
45150 1 100 
45160 1 100 
45170 1 100 
45180 1 100 
45190 1 100 
45200 1 100 
45210 1 100 
45220 1 100 
45230 1 100 
45240 1 100 
45250 1 100 
45260 100 1 
45270 100 1 
45280 100 1 
45290 100 1 
45300 100 1 
45310 100 1 
45320 100 1 
45330 100 1 
45340 100 1 
45350 100 1 
45360 100 1 
45370 100 1 
45380 100 1 
45390 100 1 
45400 100 1 
45410 100 1 
45420 100 1 
45430 100 1 
45440 100 1 
45450 100 1 
45460 100 1 
45470 100 1 
45480 100 1 
45490 100 1 
45500 100 1 
45510 1 100 
45520 1 100 
45530 1 100 
45540 1 100 
45550 1 100 
45560 1 100 
45570 1 100 
45580 1 100 
45590 1 100 
45600 1 100 
45610 1 100 
45620 1 100 
45630 1 100 
45640 1 100 
45650 1 100 
45660 1 100 
45670 1 100 
45680 1 100 
45690 1 100 
45700 1 100 
45710 1 100 
45720 1 100 
45730 1 100 
45740 1 100 
45750 1 100 
45760 100 1 
45770 100 1 
45780 100 1 
45790 100 1 
45800 100 1 
45810 100 1 
45820 100 1 
45830 100 1 
45840 100 1 
45850 100 1 
45860 100 1 
45870 100 1 
45880 100 1 
45890 100 1 
45900 100 1 
45910 100 1 
45920 100 1 
45930 100 1 
45940 100 1 
45950 100 1 
45960 100 1 
45970 100 1 
45980 100 1 
45990 100 1 
46000 100 1 
46010 1 100 
46020 1 100 
46030 1 100 
46040 1 100 
46050 1 100 
46060 1 100 
46070 1 100 
46080 1 100 
46090 1 100 
46100 1 100 
46110 1 100 
46120 1 100 
46130 1 100 
46140 1 100 
46150 1 100 
46160 1 100 
46170 1 100 
46180 1 100 
46190 1 100 
46200 1 100 
46210 1 100 
46220 1 100 
46230 1 100 
46240 1 100 
46250 1 100 
46260 100 1 
46270 100 1 
46280 100 1 
46290 100 1 
46300 100 1 
46310 100 1 
46320 100 1 
46330 100 1 
46340 100 1 
46350 100 1 
46360 100 1 
46370 100 1 
46380 100 1 
46390 100 1 
46400 100 1 
46410 100 1 
46420 100 1 
46430 100 1 
46440 100 1 
46450 100 1 
46460 100 1 
46470 100 1 
46480 100 1 
46490 100 1 
46500 100 1 
46510 1 100 
46520 1 100 
46530 1 100 
46540 1 100 
46550 1 100 
46560 1 100 
46570 1 100 
46580 1 100 
46590 1 100 
46600 1 100 
46610 1 100 
46620 1 100 
46630 1 100 
46640 1 100 
46650 1 100 
46660 1 100 
46670 1 100 
46680 1 100 
46690 1 100 
46700 1 100 
46710 1 100 
46720 1 100 
46730 1 100 
46740 1 100 
46750 1 100 
46760 100 1 
46770 100 1 
46780 100 1 
46790 100 1 
46800 100 1 
46810 100 1 
46820 100 1 
46830 100 1 
46840 100 1 
46850 100 1 
46860 100 1 
46870 100 1 
46880 100 1 
46890 100 1 
46900 100 1 
46910 100 1 
46920 100 1 
46930 100 1 
46940 100 1 
46950 100 1 
46960 100 1 
46970 100 1 
46980 100 1 
46990 100 1 
47000 100 1 
47010 1 100 
47020 1 100 
47030 1 100 
47040 1 100 
47050 1 100 
47060 1 100 
47070 1 100 
47080 1 100 
47090 1 100 
47100 1 100 
47110 1 100 
47120 1 100 
47130 1 100 
47140 1 100 
47150 1 100 
47160 1 100 
47170 1 100 
47180 1 100 
47190 1 100 
47200 1 100 
47210 1 100 
47220 1 100 
47230 1 100 
47240 1 100 
47250 1 100 
47260 100 1 
47270 100 1 
47280 100 1 
47290 100 1 
47300 100 1 
47310 100 1 
47320 100 1 
47330 100 1 
47340 100 1 
47350 100 1 
47360 100 1 
47370 100 1 
47380 100 1 
47390 100 1 
47400 100 1 
47410 100 1 
47420 100 1 
47430 100 1 
47440 100 1 
47450 100 1 
47460 100 1 
47470 100 1 
47480 100 1 
47490 100 1 
47500 100 1 
47510 1 100 
47520 1 100 
47530 1 100 
47540 1 100 
47550 1 100 
47560 1 100 
47570 1 100 
47580 1 100 
47590 1 100 
47600 1 100 
47610 1 100 
47620 1 100 
47630 1 100 
47640 1 100 
47650 1 100 
47660 1 100 
47670 1 100 
47680 1 100 
47690 1 100 
47700 1 100 
47710 1 100 
47720 1 100 
47730 1 100 
47740 1 100 
47750 1 100 
47760 100 1 
47770 100 1 
47780 100 1 
47790 100 1 
47800 100 1 
47810 100 1 
47820 100 1 
47830 100 1 
47840 100 1 
47850 100 1 
47860 100 1 
47870 100 1 
47880 100 1 
47890 100 1 
47900 100 1 
47910 100 1 
47920 100 1 
47930 100 1 
47940 100 1 
47950 100 1 
47960 100 1 
47970 100 1 
47980 100 1 
47990 100 1 
48000 100 1 
48010 1 100 
48020 1 100 
48030 1 100 
48040 1 100 
48050 1 100 
48060 1 100 
48070 1 100 
48080 1 100 
48090 1 100 
48100 1 100 
48110 1 100 
48120 1 100 
48130 1 100 
48140 1 100 
48150 1 100 
48160 1 100 
48170 1 100 
48180 1 100 
48190 1 100 
48200 1 100 
48210 1 100 
48220 1 100 
48230 1 100 
48240 1 100 
48250 1 100 
48260 100 1 
48270 100 1 
48280 100 1 
48290 100 1 
48300 100 1 
48310 100 1 
48320 100 1 
48330 100 1 
48340 100 1 
48350 100 1 
48360 100 1 
48370 100 1 
48380 100 1 
48390 100 1 
48400 100 1 
48410 100 1 
48420 100 1 
48430 100 1 
48440 100 1 
48450 100 1 
48460 100 1 
48470 100 1 
48480 100 1 
48490 100 1 
48500 100 1 
48510 1 100 
48520 1 100 
48530 1 100 
48540 1 100 
48550 1 100 
48560 1 100 
48570 1 100 
48580 1 100 
48590 1 100 
48600 1 100 
48610 1 100 
48620 1 100 
48630 1 100 
48640 1 100 
48650 1 100 
48660 1 100 
48670 1 100 
48680 1 100 
48690 1 100 
48700 1 100 
48710 1 100 
48720 1 100 
48730 1 100 
48740 1 100 
48750 1 100 
48760 100 1 
48770 100 1 
48780 100 1 
48790 100 1 
48800 100 1 
48810 100 1 
48820 100 1 
48830 100 1 
48840 100 1 
48850 100 1 
48860 100 1 
48870 100 1 
48880 100 1 
48890 100 1 
48900 100 1 
48910 100 1 
48920 100 1 
48930 100 1 
48940 100 1 
48950 100 1 
48960 100 1 
48970 100 1 
48980 100 1 
48990 100 1 
49000 100 1 
49010 1 100 
49020 1 100 
49030 1 100 
49040 1 100 
49050 1 100 
49060 1 100 
49070 1 100 
49080 1 100 
49090 1 100 
49100 1 100 
49110 1 100 
49120 1 100 
49130 1 100 
49140 1 100 
49150 1 100 
49160 1 100 
49170 1 100 
49180 1 100 
49190 1 100 
49200 1 100 
49210 1 100 
49220 1 100 
49230 1 100 
49240 1 100 
49250 1 100 
49260 100 1 
49270 100 1 
49280 100 1 
49290 100 1 
49300 100 1 
49310 100 1 
49320 100 1 
49330 100 1 
49340 100 1 
49350 100 1 
49360 100 1 
49370 100 1 
49380 100 1 
49390 100 1 
49400 100 1 
49410 100 1 
49420 100 1 
49430 100 1 
49440 100 1 
49450 100 1 
49460 100 1 
49470 100 1 
49480 100 1 
49490 100 1 
49500 100 1 
49510 1 100 
49520 1 100 
49530 1 100 
49540 1 100 
49550 1 100 
49560 1 100 
49570 1 100 
49580 1 100 
49590 1 100 
49600 1 100 
49610 1 100 
49620 1 100 
49630 1 100 
49640 1 100 
49650 1 100 
49660 1 100 
49670 1 100 
49680 1 100 
49690 1 100 
49700 1 100 
49710 1 100 
49720 1 100 
49730 1 100 
49740 1 100 
49750 1 100 
49760 100 1 
49770 100 1 
49780 100 1 
49790 100 1 
49800 100 1 
49810 100 1 
49820 100 1 
49830 100 1 
49840 100 1 
49850 100 1 
49860 100 1 
49870 100 1 
49880 100 1 
49890 100 1 
49900 100 1 
49910 100 1 
49920 100 1 
49930 100 1 
49940 100 1 
49950 100 1 
49960 100 1 
49970 100 1 
49980 100 1 
49990 100 1 
50000 100 1 
