# Avida count data
# Tue Oct 18 13:18:33 2016
#  1: update
#  2: number of insts executed this update
#  3: number of organisms
#  4: number of different genotypes
#  5: number of different threshold genotypes
#  6: (deprecated) number of different species
#  7: (deprecated) number of different threshold species
#  8: (deprecated) number of different lineages
#  9: number of births in this update
# 10: number of deaths in this update
# 11: number of breed true
# 12: number of breed true organisms?
# 13: number of no-birth organisms
# 14: number of single-threaded organisms
# 15: number of multi-threaded organisms
# 16: number of modified organisms

0 30 1 1 1 0 0 0 1 0 1 1 1 1 0 0 
100 1470 49 30 2 0 0 0 0 0 0 20 29 49 0 0 
200 10800 362 277 40 0 0 0 7 5 1 119 207 362 0 0 
300 29610 993 763 116 0 0 0 30 24 14 372 562 993 0 0 
400 57060 1909 1476 217 0 0 0 83 76 35 681 1067 1909 0 0 
500 92040 3080 2427 350 0 0 0 168 156 60 1077 1758 3080 0 0 
600 107250 3580 2805 438 0 0 0 170 165 70 1378 2009 3580 0 0 
700 107850 3595 2883 424 0 0 0 179 179 60 1292 2022 3595 0 0 
800 107910 3598 2918 434 0 0 0 147 146 50 1280 2030 3598 0 0 
900 107910 3598 2842 440 0 0 0 164 163 64 1330 2031 3598 0 0 
1000 107760 3594 2900 436 0 0 0 157 155 65 1293 2027 3594 0 0 
1100 107880 3595 2853 442 0 0 0 173 174 74 1316 2045 3595 0 0 
1200 107940 3599 2879 441 0 0 0 188 187 69 1310 2041 3599 0 0 
1300 107940 3597 2826 450 0 0 0 164 165 72 1378 2013 3597 0 0 
1400 107790 3594 2823 470 0 0 0 177 176 60 1394 2057 3594 0 0 
1500 107850 3596 2844 461 0 0 0 186 185 74 1386 2011 3596 0 0 
1600 107910 3597 2740 445 0 0 0 183 183 70 1484 2019 3597 0 0 
1700 107940 3597 2782 450 0 0 0 189 190 77 1449 2026 3597 0 0 
1800 107850 3598 2801 465 0 0 0 198 195 68 1462 2044 3598 0 0 
1900 107820 3595 2805 423 0 0 0 194 193 75 1432 2022 3595 0 0 
2000 107970 3597 2815 438 0 0 0 171 173 64 1416 2019 3597 0 0 
2100 107910 3598 2758 445 0 0 0 215 214 88 1475 2016 3598 0 0 
2200 107820 3593 2783 435 0 0 0 204 205 88 1434 2020 3593 0 0 
2300 107820 3595 2792 436 0 0 0 209 208 97 1457 2024 3595 0 0 
2400 107820 3591 2799 411 0 0 0 150 153 75 1418 2046 3591 0 0 
2500 107820 3594 2792 409 0 0 0 180 180 85 1394 2009 3594 0 0 
2600 107880 3597 2819 412 0 0 0 148 147 66 1373 2041 3597 0 0 
2700 107880 3594 2758 438 0 0 0 164 166 75 1442 2021 3594 0 0 
2800 107850 3596 2715 434 0 0 0 201 200 87 1501 2048 3596 0 0 
2900 107850 3594 2763 441 0 0 0 169 170 78 1438 2044 3594 0 0 
3000 107820 3594 2713 424 0 0 0 177 177 75 1489 2006 3594 0 0 
3100 107790 3594 2748 412 0 0 0 168 167 75 1432 2024 3594 0 0 
3200 107880 3595 2715 438 0 0 0 214 215 93 1499 2017 3595 0 0 
3300 107820 3593 2734 436 0 0 0 150 151 58 1497 2045 3593 0 0 
3400 107850 3595 2765 421 0 0 0 170 170 71 1445 2001 3595 0 0 
3500 107760 3592 2760 436 0 0 0 179 179 77 1428 1996 3592 0 0 
3600 107850 3595 2775 437 0 0 0 169 169 59 1441 2021 3595 0 0 
3700 107820 3592 2767 440 0 0 0 184 186 73 1408 1995 3592 0 0 
3800 107970 3598 2777 458 0 0 0 178 179 73 1445 2031 3598 0 0 
3900 107760 3592 2745 459 0 0 0 197 197 78 1484 1991 3592 0 0 
4000 107910 3596 2745 433 0 0 0 193 194 95 1432 2044 3596 0 0 
4100 107970 3600 2813 424 0 0 0 179 178 70 1377 2012 3600 0 0 
4200 107790 3593 2765 409 0 0 0 207 207 79 1439 2013 3593 0 0 
4300 107820 3592 2794 438 0 0 0 186 188 86 1440 2012 3592 0 0 
4400 107730 3590 2788 434 0 0 0 162 163 71 1421 2031 3590 0 0 
4500 107880 3595 2827 418 0 0 0 178 179 76 1347 2023 3595 0 0 
4600 107880 3595 2800 424 0 0 0 200 201 73 1411 2022 3595 0 0 
4700 107820 3593 2720 446 0 0 0 185 186 77 1483 1987 3593 0 0 
4800 107670 3593 2767 394 0 0 0 203 199 85 1420 2010 3593 0 0 
4900 107790 3591 2776 414 0 0 0 164 166 63 1378 1994 3591 0 0 
5000 107910 3597 2768 452 0 0 0 204 204 68 1469 1990 3597 0 0 
5100 107940 3599 2754 419 0 0 0 165 164 72 1449 2005 3599 0 0 
5200 107820 3594 2815 386 0 0 0 189 189 68 1352 1998 3594 0 0 
5300 107760 3595 2812 386 0 0 0 179 176 81 1345 2025 3595 0 0 
5400 107880 3596 2856 397 0 0 0 166 166 58 1344 2017 3596 0 0 
5500 107790 3594 2778 411 0 0 0 185 184 74 1414 2021 3594 0 0 
5600 107820 3597 2820 395 0 0 0 196 193 88 1374 2019 3597 0 0 
5700 107760 3592 2804 413 0 0 0 155 155 55 1373 1989 3592 0 0 
5800 107910 3596 2818 411 0 0 0 170 171 52 1345 2020 3596 0 0 
5900 107760 3594 2813 402 0 0 0 201 199 64 1325 1964 3594 0 0 
6000 107760 3592 2854 377 0 0 0 169 169 56 1348 2020 3592 0 0 
6100 107880 3595 2833 410 0 0 0 171 172 83 1348 2026 3595 0 0 
6200 107730 3592 2768 410 0 0 0 152 151 64 1387 1996 3592 0 0 
6300 107760 3593 2765 425 0 0 0 180 179 78 1428 2019 3593 0 0 
6400 107850 3598 2771 420 0 0 0 153 150 58 1411 2034 3598 0 0 
6500 107760 3593 2773 432 0 0 0 220 219 100 1428 2003 3593 0 0 
6600 107940 3598 2789 432 0 0 0 198 198 89 1423 2042 3598 0 0 
6700 107760 3589 2755 421 0 0 0 185 188 75 1433 2002 3589 0 0 
6800 107670 3594 2801 419 0 0 0 209 204 82 1407 2017 3594 0 0 
6900 107790 3592 2767 418 0 0 0 184 185 83 1445 2027 3592 0 0 
7000 107910 3595 2777 420 0 0 0 160 162 70 1417 2028 3595 0 0 
7100 107850 3595 2781 426 0 0 0 180 180 80 1443 2024 3595 0 0 
7200 107820 3594 2781 432 0 0 0 171 171 82 1430 2027 3594 0 0 
7300 107820 3592 2692 416 0 0 0 228 230 95 1481 2011 3592 0 0 
7400 107730 3592 2764 415 0 0 0 175 174 75 1457 2013 3592 0 0 
7500 107790 3591 2763 448 0 0 0 201 203 89 1462 2019 3591 0 0 
7600 107820 3592 2754 406 0 0 0 209 211 97 1418 2026 3592 0 0 
7700 107910 3595 2716 439 0 0 0 185 187 90 1523 2017 3595 0 0 
7800 107940 3594 2742 440 0 0 0 174 178 71 1443 2014 3594 0 0 
7900 107790 3591 2739 415 0 0 0 169 171 77 1472 2015 3591 0 0 
8000 107820 3597 2786 407 0 0 0 174 171 78 1420 2020 3597 0 0 
8100 107790 3595 2743 421 0 0 0 171 169 75 1446 2027 3595 0 0 
8200 107760 3596 2729 412 0 0 0 207 203 103 1452 2025 3596 0 0 
8300 107790 3590 2764 401 0 0 0 164 167 80 1418 2017 3590 0 0 
8400 107850 3598 2729 405 0 0 0 235 232 96 1459 2012 3598 0 0 
8500 107880 3595 2779 428 0 0 0 149 150 59 1425 2021 3595 0 0 
8600 107640 3590 2751 427 0 0 0 170 168 84 1451 1999 3590 0 0 
8700 107760 3593 2766 418 0 0 0 168 167 73 1450 2023 3593 0 0 
8800 107670 3590 2796 426 0 0 0 175 174 71 1415 2012 3590 0 0 
8900 107850 3595 2777 412 0 0 0 201 201 91 1416 2026 3595 0 0 
9000 107820 3593 2787 425 0 0 0 186 187 76 1424 2013 3593 0 0 
9100 107790 3591 2740 423 0 0 0 197 199 80 1443 1984 3591 0 0 
9200 107850 3596 2754 436 0 0 0 195 194 83 1457 2008 3596 0 0 
9300 107760 3593 2691 440 0 0 0 179 178 81 1528 1996 3593 0 0 
9400 107820 3592 2768 435 0 0 0 213 215 86 1443 1997 3592 0 0 
9500 107790 3594 2749 421 0 0 0 191 190 89 1487 2011 3594 0 0 
9600 107790 3595 2727 436 0 0 0 216 214 99 1461 1982 3595 0 0 
9700 107850 3596 2772 406 0 0 0 181 180 76 1406 1995 3596 0 0 
9800 107790 3597 2766 417 0 0 0 146 142 60 1450 2013 3597 0 0 
9900 107880 3597 2784 377 0 0 0 209 208 78 1404 2014 3597 0 0 
10000 107760 3592 2754 405 0 0 0 180 180 73 1423 2000 3592 0 0 
10100 107610 3587 2742 379 0 0 0 170 170 66 1453 2027 3587 0 0 
10200 108000 3600 2766 397 0 0 0 151 151 59 1402 2019 3600 0 0 
10300 107850 3592 2758 401 0 0 0 177 180 77 1460 2050 3592 0 0 
10400 107700 3593 2770 392 0 0 0 171 168 71 1425 2025 3593 0 0 
10500 107940 3597 2760 392 0 0 0 224 225 90 1452 2039 3597 0 0 
10600 107880 3595 2765 376 0 0 0 172 173 64 1415 1998 3595 0 0 
10700 107850 3596 2733 385 0 0 0 221 220 106 1483 1991 3596 0 0 
10800 107940 3598 2730 406 0 0 0 225 225 98 1436 2000 3598 0 0 
10900 107880 3591 2783 378 0 0 0 211 216 84 1432 2003 3591 0 0 
11000 107730 3590 2753 415 0 0 0 187 188 89 1480 2026 3590 0 0 
11100 107820 3596 2777 386 0 0 0 201 199 71 1411 1993 3596 0 0 
11200 107700 3590 2753 395 0 0 0 175 175 65 1418 2019 3590 0 0 
11300 107790 3594 2754 390 0 0 0 178 177 91 1409 2015 3594 0 0 
11400 107850 3594 2773 402 0 0 0 176 177 78 1421 2018 3594 0 0 
11500 107790 3593 2729 405 0 0 0 162 162 81 1464 2018 3593 0 0 
11600 107820 3596 2717 407 0 0 0 197 195 86 1476 1998 3596 0 0 
11700 107850 3595 2772 406 0 0 0 152 152 71 1440 1991 3595 0 0 
11800 107820 3594 2770 379 0 0 0 229 229 103 1400 2006 3594 0 0 
11900 107880 3595 2754 399 0 0 0 182 183 71 1448 2008 3595 0 0 
12000 107880 3594 2754 410 0 0 0 228 230 107 1427 1998 3594 0 0 
12100 107790 3591 2725 397 0 0 0 173 175 79 1454 2025 3591 0 0 
12200 107880 3594 2738 389 0 0 0 167 169 61 1431 1993 3594 0 0 
12300 107730 3594 2751 403 0 0 0 174 171 76 1450 2036 3594 0 0 
12400 107910 3594 2695 410 0 0 0 177 180 79 1509 2005 3594 0 0 
12500 107910 3595 2752 393 0 0 0 175 177 80 1431 2013 3595 0 0 
12600 107880 3596 2745 410 0 0 0 206 206 92 1458 2023 3596 0 0 
12700 107850 3590 2736 416 0 0 0 167 172 85 1446 2038 3590 0 0 
12800 107820 3597 2785 380 0 0 0 186 183 74 1392 2018 3597 0 0 
12900 107910 3595 2738 397 0 0 0 196 198 68 1426 2009 3595 0 0 
13000 107850 3598 2760 410 0 0 0 212 209 102 1445 2052 3598 0 0 
13100 107880 3592 2735 414 0 0 0 211 215 92 1454 2040 3592 0 0 
13200 107760 3592 2702 422 0 0 0 174 174 74 1450 1989 3592 0 0 
13300 107790 3595 2734 430 0 0 0 185 183 83 1465 1991 3595 0 0 
13400 107640 3589 2743 382 0 0 0 179 178 72 1418 2047 3589 0 0 
13500 107700 3593 2767 405 0 0 0 202 199 87 1422 2041 3593 0 0 
13600 107940 3597 2784 395 0 0 0 205 206 86 1423 2057 3597 0 0 
13700 107760 3594 2730 390 0 0 0 223 221 97 1455 2023 3594 0 0 
13800 107730 3588 2770 393 0 0 0 190 193 77 1362 2033 3588 0 0 
13900 107670 3589 2772 366 0 0 0 189 189 83 1368 2045 3589 0 0 
14000 107910 3595 2769 393 0 0 0 224 226 97 1402 2060 3595 0 0 
14100 107730 3594 2751 389 0 0 0 171 168 61 1406 2044 3594 0 0 
14200 107880 3593 2719 390 0 0 0 216 219 93 1432 2054 3593 0 0 
14300 107700 3589 2765 379 0 0 0 201 202 77 1405 2034 3589 0 0 
14400 107910 3598 2769 393 0 0 0 188 187 84 1419 2063 3598 0 0 
14500 107940 3594 2770 387 0 0 0 214 218 94 1391 2072 3594 0 0 
14600 107790 3591 2818 380 0 0 0 194 196 69 1308 2074 3591 0 0 
14700 107850 3594 2752 392 0 0 0 193 194 75 1395 2085 3594 0 0 
14800 107850 3595 2743 389 0 0 0 217 217 98 1386 2066 3595 0 0 
14900 107880 3594 2745 376 0 0 0 212 214 104 1407 2085 3594 0 0 
15000 107820 3593 2769 364 0 0 0 210 211 81 1379 2055 3593 0 0 
15100 107820 3591 2678 385 0 0 0 210 213 102 1453 2096 3591 0 0 
15200 107820 3593 2733 393 0 0 0 268 269 123 1417 2082 3593 0 0 
15300 107820 3595 2783 369 0 0 0 212 211 77 1345 2079 3595 0 0 
15400 107820 3594 2729 399 0 0 0 225 225 105 1433 2078 3594 0 0 
15500 107730 3594 2751 390 0 0 0 235 232 94 1383 2076 3594 0 0 
15600 107790 3596 2730 393 0 0 0 254 251 116 1394 2088 3596 0 0 
15700 107700 3592 2738 390 0 0 0 257 255 117 1406 2068 3592 0 0 
15800 107880 3598 2686 387 0 0 0 256 254 109 1430 2048 3598 0 0 
15900 107850 3596 2691 376 0 0 0 221 220 99 1419 2092 3596 0 0 
16000 107760 3594 2768 381 0 0 0 251 249 102 1353 2031 3594 0 0 
16100 107850 3594 2751 387 0 0 0 223 224 82 1378 2071 3594 0 0 
16200 107820 3594 2753 384 0 0 0 266 266 110 1370 2080 3594 0 0 
16300 107820 3591 2754 371 0 0 0 226 229 99 1327 2084 3591 0 0 
16400 107820 3595 2786 395 0 0 0 233 232 91 1363 2075 3595 0 0 
16500 107940 3595 2730 384 0 0 0 246 249 113 1399 2091 3595 0 0 
16600 107850 3594 2748 398 0 0 0 261 262 114 1389 2080 3594 0 0 
16700 107820 3596 2796 386 0 0 0 250 248 95 1351 2029 3596 0 0 
16800 107910 3592 2791 370 0 0 0 248 253 99 1324 2043 3592 0 0 
16900 107760 3593 2745 377 0 0 0 245 244 96 1375 2062 3593 0 0 
17000 107850 3596 2808 396 0 0 0 221 220 87 1326 2051 3596 0 0 
17100 107760 3594 2768 402 0 0 0 264 262 109 1388 2047 3594 0 0 
17200 107700 3595 2739 398 0 0 0 232 227 91 1355 2054 3595 0 0 
17300 107910 3595 2771 375 0 0 0 239 241 107 1341 2072 3595 0 0 
17400 107880 3596 2748 385 0 0 0 265 265 103 1371 2073 3596 0 0 
17500 107880 3597 2773 360 0 0 0 227 226 97 1346 2035 3597 0 0 
17600 107700 3593 2791 409 0 0 0 255 252 109 1334 2070 3593 0 0 
17700 107910 3595 2779 407 0 0 0 246 248 99 1336 2053 3595 0 0 
17800 107820 3594 2752 367 0 0 0 227 227 95 1344 2059 3594 0 0 
17900 107880 3594 2782 386 0 0 0 230 232 76 1298 2044 3594 0 0 
18000 107940 3599 2836 390 0 0 0 281 280 117 1308 2055 3599 0 0 
18100 107820 3596 2863 386 0 0 0 241 239 74 1254 2035 3596 0 0 
18200 108000 3600 2819 386 0 0 0 250 250 98 1285 2048 3600 0 0 
18300 107910 3597 2790 375 0 0 0 242 242 88 1295 2024 3597 0 0 
18400 107910 3599 2797 361 0 0 0 239 237 88 1296 2024 3599 0 0 
18500 107910 3596 2874 382 0 0 0 239 240 82 1239 2047 3596 0 0 
18600 107880 3598 2817 368 0 0 0 280 278 97 1289 2040 3598 0 0 
18700 107910 3597 2819 374 0 0 0 223 223 82 1278 2041 3597 0 0 
18800 107820 3593 2809 380 0 0 0 236 237 82 1294 2027 3593 0 0 
18900 108000 3600 2839 348 0 0 0 287 287 97 1250 2027 3600 0 0 
19000 107970 3598 2798 378 0 0 0 242 243 89 1285 2032 3598 0 0 
19100 107970 3597 2860 367 0 0 0 239 241 85 1230 2075 3597 0 0 
19200 107880 3594 2889 356 0 0 0 247 249 82 1207 2015 3594 0 0 
19300 107970 3598 2836 348 0 0 0 266 267 103 1240 2036 3598 0 0 
19400 107970 3598 2833 358 0 0 0 282 283 110 1262 2082 3598 0 0 
19500 107910 3595 2848 367 0 0 0 257 259 100 1243 2006 3595 0 0 
19600 107910 3597 2851 374 0 0 0 239 239 86 1232 2028 3597 0 0 
19700 107880 3596 2870 358 0 0 0 247 247 94 1192 2050 3596 0 0 
19800 107970 3600 2900 364 0 0 0 258 257 85 1184 2032 3600 0 0 
19900 107970 3599 2902 362 0 0 0 247 247 83 1184 2048 3599 0 0 
20000 107970 3598 2860 383 0 0 0 254 255 91 1236 2030 3598 0 0 
20100 107910 3599 2911 355 0 0 0 229 227 73 1171 2037 3599 0 0 
20200 107910 3596 2888 349 0 0 0 228 229 77 1176 2026 3596 0 0 
20300 107910 3596 2892 351 0 0 0 233 234 91 1194 2067 3596 0 0 
20400 107970 3598 2834 357 0 0 0 222 223 80 1247 2001 3598 0 0 
20500 108000 3597 2873 364 0 0 0 261 264 88 1216 2028 3597 0 0 
20600 108000 3600 2977 357 0 0 0 259 259 110 1135 2043 3600 0 0 
20700 107940 3597 2912 359 0 0 0 197 198 60 1175 2033 3597 0 0 
20800 107970 3596 2926 348 0 0 0 268 271 100 1170 2026 3596 0 0 
20900 107910 3596 2920 352 0 0 0 239 240 70 1147 1997 3596 0 0 
21000 107970 3598 2914 370 0 0 0 238 239 81 1186 2028 3598 0 0 
21100 107880 3598 2899 348 0 0 0 230 228 76 1177 2025 3598 0 0 
21200 107880 3594 2884 354 0 0 0 259 261 104 1191 2030 3594 0 0 
21300 107910 3598 2889 349 0 0 0 251 250 81 1209 2006 3598 0 0 
21400 107880 3595 2925 371 0 0 0 235 236 101 1157 2018 3595 0 0 
21500 107910 3597 2901 363 0 0 0 234 234 83 1207 2049 3597 0 0 
21600 107940 3599 2895 346 0 0 0 261 260 94 1201 2047 3599 0 0 
21700 107910 3595 2912 364 0 0 0 253 255 89 1173 2050 3595 0 0 
21800 107790 3596 2889 357 0 0 0 266 263 93 1193 2002 3596 0 0 
21900 107850 3597 2894 360 0 0 0 253 251 92 1202 2035 3597 0 0 
22000 107760 3591 2855 371 0 0 0 214 215 85 1236 2048 3591 0 0 
22100 107910 3596 2913 350 0 0 0 240 241 82 1155 2018 3596 0 0 
22200 107940 3599 2879 376 0 0 0 255 254 85 1186 2017 3599 0 0 
22300 107970 3596 2855 371 0 0 0 209 212 84 1256 2032 3596 0 0 
22400 107850 3595 2873 363 0 0 0 226 226 82 1210 2038 3595 0 0 
22500 107940 3595 2909 357 0 0 0 278 281 101 1189 2038 3595 0 0 
22600 107970 3599 2953 371 0 0 0 237 237 78 1148 2029 3599 0 0 
22700 107910 3597 2914 346 0 0 0 253 253 87 1187 2001 3597 0 0 
22800 107910 3598 2895 358 0 0 0 217 216 89 1182 2018 3598 0 0 
22900 107940 3598 2884 355 0 0 0 260 260 100 1187 2051 3598 0 0 
23000 107940 3597 2899 364 0 0 0 240 241 82 1195 2048 3597 0 0 
23100 108000 3598 2900 360 0 0 0 249 251 93 1209 2048 3598 0 0 
23200 107910 3597 2898 356 0 0 0 268 268 85 1178 2023 3597 0 0 
23300 107790 3594 2863 357 0 0 0 219 218 73 1227 2030 3594 0 0 
23400 107910 3597 2870 367 0 0 0 251 251 84 1230 2060 3597 0 0 
23500 108000 3600 2920 361 0 0 0 244 244 91 1181 2034 3600 0 0 
23600 107970 3598 2882 361 0 0 0 271 272 84 1190 2041 3598 0 0 
23700 107910 3598 2874 347 0 0 0 226 225 92 1208 2068 3598 0 0 
23800 107850 3594 2862 353 0 0 0 238 239 81 1221 2041 3594 0 0 
23900 107940 3599 2860 372 0 0 0 211 210 87 1238 2033 3599 0 0 
24000 107850 3593 2884 358 0 0 0 244 246 84 1228 2062 3593 0 0 
24100 107880 3597 2867 364 0 0 0 212 211 78 1235 2032 3597 0 0 
24200 107760 3592 2884 351 0 0 0 236 236 78 1198 2037 3592 0 0 
24300 107880 3596 2903 356 0 0 0 207 207 69 1176 2016 3596 0 0 
24400 107940 3598 2882 341 0 0 0 236 236 83 1199 2028 3598 0 0 
24500 107880 3595 2910 349 0 0 0 263 264 99 1161 2056 3595 0 0 
24600 107850 3597 2847 365 0 0 0 239 237 90 1252 2033 3597 0 0 
24700 107880 3594 2919 345 0 0 0 226 228 74 1180 2047 3594 0 0 
24800 107910 3595 2860 388 0 0 0 231 233 84 1251 2050 3595 0 0 
24900 107940 3596 2887 363 0 0 0 221 223 80 1222 2063 3596 0 0 
25000 107910 3597 2894 356 0 0 0 246 246 86 1197 2051 3597 0 0 
25100 107850 3596 2864 374 0 0 0 252 251 82 1227 2060 3596 0 0 
25200 107850 3596 2883 358 0 0 0 255 254 94 1203 2028 3596 0 0 
25300 107910 3596 2901 361 0 0 0 178 179 72 1199 2053 3596 0 0 
25400 107850 3596 2887 349 0 0 0 212 211 76 1188 2065 3596 0 0 
25500 107910 3599 2951 326 0 0 0 240 238 77 1104 2062 3599 0 0 
25600 107910 3595 2957 333 0 0 0 236 238 81 1097 2065 3595 0 0 
25700 107820 3594 2909 341 0 0 0 251 251 80 1170 2041 3594 0 0 
25800 107910 3598 2869 337 0 0 0 239 238 88 1198 2053 3598 0 0 
25900 107940 3600 2920 339 0 0 0 208 206 68 1155 2043 3600 0 0 
26000 107940 3593 2941 325 0 0 0 221 226 63 1113 2043 3593 0 0 
26100 107910 3594 2886 341 0 0 0 227 230 83 1176 2054 3594 0 0 
26200 107940 3599 2943 349 0 0 0 189 188 65 1152 2055 3599 0 0 
26300 107940 3597 2885 354 0 0 0 260 261 89 1222 2023 3597 0 0 
26400 107940 3599 2903 340 0 0 0 237 236 86 1193 2031 3599 0 0 
26500 107820 3595 2946 342 0 0 0 219 218 82 1143 2096 3595 0 0 
26600 107910 3597 2924 356 0 0 0 251 251 80 1168 2060 3597 0 0 
26700 107970 3599 2950 327 0 0 0 271 271 85 1107 2041 3599 0 0 
26800 107790 3588 2963 343 0 0 0 258 263 87 1128 2054 3588 0 0 
26900 107970 3598 2959 333 0 0 0 251 252 78 1111 2091 3598 0 0 
27000 107940 3598 2956 329 0 0 0 223 223 77 1132 2062 3598 0 0 
27100 107850 3596 2922 335 0 0 0 230 229 64 1154 2050 3596 0 0 
27200 108000 3599 2878 370 0 0 0 252 253 98 1234 2082 3599 0 0 
27300 107820 3592 2923 335 0 0 0 187 189 55 1171 2041 3592 0 0 
27400 107850 3597 2971 321 0 0 0 255 253 86 1095 2064 3597 0 0 
27500 107970 3599 2924 333 0 0 0 284 284 103 1148 2032 3599 0 0 
27600 107880 3599 2966 350 0 0 0 257 254 67 1130 2044 3599 0 0 
27700 107910 3595 2917 343 0 0 0 258 260 89 1178 2068 3595 0 0 
27800 107910 3599 2932 331 0 0 0 251 249 97 1148 2046 3599 0 0 
27900 107910 3598 2921 344 0 0 0 247 246 79 1148 2033 3598 0 0 
28000 107790 3595 2943 342 0 0 0 250 248 87 1144 2044 3595 0 0 
28100 107910 3597 2973 338 0 0 0 250 250 82 1104 2045 3597 0 0 
28200 107910 3598 2910 350 0 0 0 228 227 94 1174 2071 3598 0 0 
28300 107940 3599 2920 371 0 0 0 246 245 89 1164 2077 3599 0 0 
28400 107790 3596 2929 367 0 0 0 229 226 87 1177 2062 3596 0 0 
28500 107970 3600 2936 358 0 0 0 244 243 91 1132 2052 3600 0 0 
28600 107940 3595 2966 350 0 0 0 208 211 63 1138 2079 3595 0 0 
28700 107820 3596 2906 332 0 0 0 220 218 70 1152 2071 3596 0 0 
28800 107850 3596 2923 338 0 0 0 259 258 89 1124 2063 3596 0 0 
28900 107880 3595 2935 338 0 0 0 249 250 78 1134 2072 3595 0 0 
29000 107760 3596 2955 344 0 0 0 239 235 90 1105 2046 3596 0 0 
29100 107820 3598 2959 350 0 0 0 260 256 86 1151 2030 3598 0 0 
29200 107940 3598 2917 370 0 0 0 280 280 102 1169 2084 3598 0 0 
29300 107940 3597 2939 339 0 0 0 243 244 78 1119 2059 3597 0 0 
29400 107970 3599 2952 340 0 0 0 277 277 103 1129 2070 3599 0 0 
29500 107940 3598 2887 344 0 0 0 252 252 91 1199 2063 3598 0 0 
29600 107940 3599 2910 336 0 0 0 234 233 89 1148 2061 3599 0 0 
29700 107910 3598 2928 341 0 0 0 229 228 89 1151 2047 3598 0 0 
29800 107910 3596 2898 345 0 0 0 279 280 102 1178 2047 3596 0 0 
29900 107880 3597 2890 356 0 0 0 232 231 87 1204 2057 3597 0 0 
30000 108000 3598 2912 346 0 0 0 231 233 93 1181 2058 3598 0 0 
30100 107880 3597 2912 355 0 0 0 259 258 92 1188 2073 3597 0 0 
30200 107850 3597 2855 351 0 0 0 239 237 82 1247 2090 3597 0 0 
30300 107970 3596 2901 353 0 0 0 249 252 99 1160 2079 3596 0 0 
30400 108000 3598 2910 335 0 0 0 288 290 91 1149 2048 3598 0 0 
30500 107940 3599 2911 358 0 0 0 279 278 100 1171 2064 3599 0 0 
30600 107880 3595 2903 350 0 0 0 245 246 96 1183 2068 3595 0 0 
30700 107940 3597 2957 347 0 0 0 271 272 108 1135 2094 3597 0 0 
30800 107880 3599 2891 356 0 0 0 245 242 95 1201 2067 3599 0 0 
30900 107940 3599 2909 354 0 0 0 258 257 95 1175 2036 3599 0 0 
31000 107880 3595 2927 356 0 0 0 255 256 78 1178 2044 3595 0 0 
31100 107910 3597 2906 334 0 0 0 204 204 81 1189 2054 3597 0 0 
31200 107880 3597 2899 356 0 0 0 260 259 87 1173 2056 3597 0 0 
31300 107970 3598 2932 324 0 0 0 258 259 93 1153 2075 3598 0 0 
31400 107910 3597 2868 352 0 0 0 247 247 102 1209 2069 3597 0 0 
31500 107940 3599 2861 353 0 0 0 269 268 103 1214 2056 3599 0 0 
31600 107940 3596 2916 362 0 0 0 234 236 83 1184 2063 3596 0 0 
31700 108000 3598 2881 350 0 0 0 284 286 107 1212 2068 3598 0 0 
31800 107940 3598 2885 372 0 0 0 269 269 109 1241 2055 3598 0 0 
31900 107940 3600 2911 366 0 0 0 276 274 97 1208 2043 3600 0 0 
32000 107940 3598 2881 372 0 0 0 243 243 89 1244 2073 3598 0 0 
32100 107970 3596 2851 353 0 0 0 252 255 85 1240 2053 3596 0 0 
32200 107940 3596 2852 368 0 0 0 237 239 88 1255 2037 3596 0 0 
32300 107880 3595 2852 358 0 0 0 259 260 86 1214 2071 3595 0 0 
32400 107940 3599 2855 368 0 0 0 289 288 107 1253 2057 3599 0 0 
32500 107970 3598 2845 381 0 0 0 229 230 88 1286 2131 3598 0 0 
32600 107910 3597 2812 382 0 0 0 249 249 95 1285 2046 3597 0 0 
32700 107880 3597 2829 386 0 0 0 313 312 120 1305 2091 3597 0 0 
32800 107910 3596 2807 364 0 0 0 227 228 102 1279 2093 3596 0 0 
32900 107880 3596 2818 370 0 0 0 308 308 118 1282 2049 3596 0 0 
33000 107910 3598 2792 376 0 0 0 269 268 114 1314 2066 3598 0 0 
33100 107940 3597 2797 372 0 0 0 267 268 106 1310 2087 3597 0 0 
33200 107790 3589 2827 367 0 0 0 284 288 112 1270 2083 3589 0 0 
33300 107820 3597 2836 365 0 0 0 313 310 104 1260 2038 3597 0 0 
33400 107910 3594 2813 385 0 0 0 264 267 118 1311 2063 3594 0 0 
33500 107880 3599 2778 391 0 0 0 321 318 125 1328 2037 3599 0 0 
33600 108000 3599 2786 403 0 0 0 285 286 108 1354 2083 3599 0 0 
33700 107970 3597 2756 408 0 0 0 286 288 130 1407 2090 3597 0 0 
33800 107940 3598 2785 372 0 0 0 247 247 108 1353 2064 3598 0 0 
33900 107940 3598 2769 382 0 0 0 315 315 119 1332 2075 3598 0 0 
34000 107940 3596 2744 381 0 0 0 301 303 118 1366 2080 3596 0 0 
34100 108000 3598 2782 380 0 0 0 324 326 123 1355 2061 3598 0 0 
34200 107940 3598 2762 427 0 0 0 278 278 97 1375 2082 3598 0 0 
34300 107970 3600 2800 412 0 0 0 305 304 109 1341 2052 3600 0 0 
34400 107940 3600 2784 389 0 0 0 304 302 125 1368 2086 3600 0 0 
34500 107820 3596 2763 375 0 0 0 293 291 122 1348 2083 3596 0 0 
34600 107880 3595 2749 414 0 0 0 277 278 132 1395 2065 3595 0 0 
34700 107910 3598 2787 381 0 0 0 271 270 101 1348 2108 3598 0 0 
34800 107820 3596 2786 397 0 0 0 276 274 113 1337 2077 3596 0 0 
34900 107940 3597 2768 368 0 0 0 306 307 117 1358 2078 3597 0 0 
35000 107940 3598 2838 372 0 0 0 319 319 121 1262 2073 3598 0 0 
35100 107820 3595 2816 372 0 0 0 269 268 97 1315 2080 3595 0 0 
35200 107910 3598 2776 396 0 0 0 290 289 107 1333 2072 3598 0 0 
35300 107910 3596 2753 384 0 0 0 309 310 123 1346 2045 3596 0 0 
35400 107970 3597 2754 380 0 0 0 266 268 114 1362 2091 3597 0 0 
35500 107910 3594 2752 377 0 0 0 335 338 134 1371 2093 3594 0 0 
35600 107940 3599 2776 374 0 0 0 314 313 129 1341 2076 3599 0 0 
35700 107910 3598 2801 401 0 0 0 293 292 107 1332 2089 3598 0 0 
35800 107970 3599 2794 396 0 0 0 248 248 93 1329 2076 3599 0 0 
35900 107910 3594 2743 380 0 0 0 259 262 108 1359 2102 3594 0 0 
36000 107970 3598 2779 381 0 0 0 325 326 129 1333 2060 3598 0 0 
36100 107970 3599 2688 407 0 0 0 281 281 112 1441 2073 3599 0 0 
36200 108000 3597 2749 377 0 0 0 293 296 120 1386 2065 3597 0 0 
36300 107970 3598 2790 395 0 0 0 269 270 111 1343 2059 3598 0 0 
36400 108000 3600 2842 365 0 0 0 288 288 116 1268 2070 3600 0 0 
36500 107940 3597 2735 357 0 0 0 277 278 98 1355 2080 3597 0 0 
36600 107910 3597 2791 391 0 0 0 281 281 115 1330 2091 3597 0 0 
36700 107970 3597 2740 380 0 0 0 323 325 129 1384 2076 3597 0 0 
36800 108000 3599 2779 394 0 0 0 286 287 106 1370 2069 3599 0 0 
36900 107940 3598 2819 380 0 0 0 319 319 136 1292 2077 3598 0 0 
37000 107970 3599 2797 374 0 0 0 298 298 117 1321 2051 3599 0 0 
37100 107940 3600 2826 368 0 0 0 288 286 102 1287 2058 3600 0 0 
37200 107940 3596 2783 375 0 0 0 320 322 123 1324 2072 3596 0 0 
37300 107910 3598 2814 401 0 0 0 273 272 114 1320 2062 3598 0 0 
37400 107910 3598 2786 394 0 0 0 265 264 100 1332 2059 3598 0 0 
37500 107910 3595 2832 367 0 0 0 247 249 90 1239 2099 3595 0 0 
37600 107880 3597 2810 396 0 0 0 276 275 109 1324 2072 3597 0 0 
37700 107940 3600 2791 379 0 0 0 260 258 101 1330 2047 3600 0 0 
37800 107970 3598 2821 379 0 0 0 252 253 104 1287 2077 3598 0 0 
37900 107970 3598 2760 408 0 0 0 279 280 119 1385 2071 3598 0 0 
38000 107970 3599 2799 386 0 0 0 285 285 101 1329 2075 3599 0 0 
38100 107880 3595 2793 391 0 0 0 307 308 128 1339 2051 3595 0 0 
38200 107940 3598 2778 374 0 0 0 279 279 107 1339 2062 3598 0 0 
38300 107970 3598 2758 377 0 0 0 317 318 131 1357 2059 3598 0 0 
38400 107970 3596 2786 399 0 0 0 306 309 124 1343 2089 3596 0 0 
38500 107880 3597 2797 392 0 0 0 251 250 91 1323 2072 3597 0 0 
38600 107850 3596 2760 381 0 0 0 316 315 129 1363 2078 3596 0 0 
38700 107910 3599 2802 370 0 0 0 312 310 118 1314 2090 3599 0 0 
38800 107940 3597 2771 379 0 0 0 296 297 117 1357 2097 3597 0 0 
38900 107910 3598 2788 377 0 0 0 298 297 122 1353 2088 3598 0 0 
39000 107970 3597 2820 380 0 0 0 253 255 104 1294 2054 3597 0 0 
39100 107940 3598 2760 396 0 0 0 306 306 115 1373 2055 3598 0 0 
39200 107880 3596 2785 387 0 0 0 283 283 102 1350 2054 3596 0 0 
39300 107910 3599 2824 378 0 0 0 275 273 113 1309 2074 3599 0 0 
39400 107820 3596 2766 418 0 0 0 305 303 123 1382 2088 3596 0 0 
39500 107970 3596 2762 397 0 0 0 259 262 119 1339 2064 3596 0 0 
39600 107940 3597 2790 392 0 0 0 244 245 92 1330 2057 3597 0 0 
39700 108000 3599 2759 375 0 0 0 302 303 123 1355 2071 3599 0 0 
39800 107910 3599 2788 395 0 0 0 337 335 133 1341 2098 3599 0 0 
39900 107910 3598 2783 367 0 0 0 248 247 85 1342 2069 3598 0 0 
40000 107970 3598 2731 395 0 0 0 322 323 129 1403 2045 3598 0 0 
40100 107940 3596 2767 388 0 0 0 328 330 132 1356 2082 3596 0 0 
40200 107820 3596 2802 374 0 0 0 289 287 117 1320 2061 3596 0 0 
40300 107970 3598 2754 386 0 0 0 325 326 139 1365 2045 3598 0 0 
40400 107970 3598 2827 365 0 0 0 313 314 108 1301 2062 3598 0 0 
40500 107970 3599 2813 382 0 0 0 263 263 113 1313 2079 3599 0 0 
40600 107910 3596 2793 375 0 0 0 309 310 136 1320 1998 3596 0 0 
40700 108000 3599 2744 387 0 0 0 309 310 126 1375 2094 3599 0 0 
40800 108000 3599 2794 390 0 0 0 263 264 104 1338 2099 3599 0 0 
40900 107880 3596 2787 382 0 0 0 309 309 133 1325 2020 3596 0 0 
41000 108000 3600 2842 369 0 0 0 294 294 127 1266 2060 3600 0 0 
41100 107940 3595 2759 380 0 0 0 323 326 136 1350 2020 3595 0 0 
41200 107970 3598 2811 368 0 0 0 289 290 115 1272 2048 3598 0 0 
41300 107880 3596 2868 331 0 0 0 254 254 91 1210 2082 3596 0 0 
41400 107940 3599 2754 385 0 0 0 315 314 146 1365 2045 3599 0 0 
41500 108000 3599 2771 356 0 0 0 295 296 110 1324 2017 3599 0 0 
41600 107940 3597 2813 391 0 0 0 309 310 115 1285 2035 3597 0 0 
41700 107940 3599 2791 369 0 0 0 285 284 106 1305 2016 3599 0 0 
41800 107910 3599 2808 377 0 0 0 292 290 109 1309 2063 3599 0 0 
41900 108000 3600 2777 378 0 0 0 300 300 126 1334 2052 3600 0 0 
42000 107820 3595 2787 378 0 0 0 318 317 133 1314 2044 3595 0 0 
42100 107910 3596 2832 384 0 0 0 297 298 114 1263 2090 3596 0 0 
42200 107850 3597 2789 380 0 0 0 288 286 120 1300 2057 3597 0 0 
42300 107850 3596 2736 392 0 0 0 298 297 119 1391 2053 3596 0 0 
42400 107850 3597 2740 397 0 0 0 309 307 134 1347 2019 3597 0 0 
42500 107910 3598 2805 357 0 0 0 269 268 104 1315 2053 3598 0 0 
42600 107940 3598 2791 375 0 0 0 315 315 117 1299 2063 3598 0 0 
42700 108000 3599 2790 380 0 0 0 316 317 128 1323 2076 3599 0 0 
42800 107880 3596 2822 395 0 0 0 321 321 131 1309 2050 3596 0 0 
42900 108000 3599 2788 399 0 0 0 299 300 123 1357 2057 3599 0 0 
43000 107910 3596 2777 385 0 0 0 307 308 129 1340 2076 3596 0 0 
43100 108000 3598 2755 372 0 0 0 317 319 113 1339 2063 3598 0 0 
43200 107880 3597 2760 375 0 0 0 364 363 153 1322 2043 3597 0 0 
43300 107880 3598 2763 365 0 0 0 339 337 148 1332 2053 3598 0 0 
43400 108000 3599 2758 394 0 0 0 274 275 106 1385 2101 3599 0 0 
43500 107940 3597 2756 372 0 0 0 327 328 117 1360 2053 3597 0 0 
43600 108000 3599 2753 365 0 0 0 325 326 141 1365 2023 3599 0 0 
43700 107970 3598 2816 406 0 0 0 271 272 115 1303 2067 3598 0 0 
43800 107970 3598 2733 404 0 0 0 307 308 126 1414 2070 3598 0 0 
43900 107880 3596 2806 385 0 0 0 293 293 119 1306 2064 3596 0 0 
44000 108000 3598 2740 384 0 0 0 258 260 105 1324 2040 3598 0 0 
44100 107880 3598 2818 378 0 0 0 250 248 99 1280 2078 3598 0 0 
44200 107970 3599 2747 369 0 0 0 302 302 139 1373 2080 3599 0 0 
44300 108000 3599 2768 379 0 0 0 319 320 140 1375 2078 3599 0 0 
44400 107820 3596 2812 358 0 0 0 313 311 128 1288 2047 3596 0 0 
44500 107940 3598 2663 387 0 0 0 301 301 131 1423 2064 3598 0 0 
44600 107940 3598 2700 388 0 0 0 299 299 141 1424 2068 3598 0 0 
44700 107940 3597 2714 389 0 0 0 350 351 153 1388 2034 3597 0 0 
44800 108000 3599 2737 408 0 0 0 305 306 117 1416 2047 3599 0 0 
44900 107880 3596 2753 392 0 0 0 321 321 134 1377 2047 3596 0 0 
45000 107910 3595 2713 385 0 0 0 283 285 124 1401 2044 3595 0 0 
45100 107940 3597 2818 377 0 0 0 285 286 128 1320 2066 3597 0 0 
45200 107940 3599 2733 384 0 0 0 310 309 128 1386 2059 3599 0 0 
45300 107910 3599 2764 378 0 0 0 367 365 136 1356 2066 3599 0 0 
45400 107820 3596 2763 373 0 0 0 323 321 141 1352 2065 3596 0 0 
45500 107910 3598 2729 406 0 0 0 300 299 120 1377 2043 3598 0 0 
45600 107910 3597 2725 385 0 0 0 361 361 142 1351 2018 3597 0 0 
45700 107790 3594 2681 399 0 0 0 282 281 119 1446 2064 3594 0 0 
45800 107910 3597 2728 407 0 0 0 332 332 157 1409 2055 3597 0 0 
45900 107880 3595 2702 374 0 0 0 306 307 127 1401 2072 3595 0 0 
46000 107880 3599 2764 373 0 0 0 320 317 117 1369 2087 3599 0 0 
46100 107820 3595 2722 407 0 0 0 317 316 128 1407 2065 3595 0 0 
46200 107970 3598 2772 366 0 0 0 268 269 106 1335 2080 3598 0 0 
46300 107880 3598 2714 412 0 0 0 290 288 123 1429 2042 3598 0 0 
46400 107940 3597 2730 384 0 0 0 328 329 132 1359 2075 3597 0 0 
46500 107910 3595 2700 394 0 0 0 284 286 112 1420 2070 3595 0 0 
46600 107880 3598 2725 400 0 0 0 317 315 148 1408 2042 3598 0 0 
46700 107970 3600 2684 390 0 0 0 322 321 143 1412 2068 3600 0 0 
46800 107820 3596 2783 379 0 0 0 302 300 117 1336 2089 3596 0 0 
46900 107940 3596 2726 393 0 0 0 292 294 132 1388 2064 3596 0 0 
47000 107820 3597 2764 394 0 0 0 281 278 108 1357 2085 3597 0 0 
47100 108000 3597 2675 404 0 0 0 312 315 141 1422 2073 3597 0 0 
47200 107970 3599 2722 387 0 0 0 342 342 142 1382 2042 3599 0 0 
47300 107880 3600 2690 397 0 0 0 317 313 130 1412 2047 3600 0 0 
47400 107970 3600 2756 405 0 0 0 298 297 126 1385 2085 3600 0 0 
47500 107880 3596 2707 386 0 0 0 316 316 140 1385 2061 3596 0 0 
47600 107880 3599 2744 372 0 0 0 302 299 142 1363 2070 3599 0 0 
47700 107880 3597 2705 397 0 0 0 319 318 149 1397 2034 3597 0 0 
47800 107880 3599 2753 410 0 0 0 332 329 129 1374 2062 3599 0 0 
47900 107940 3597 2791 380 0 0 0 355 356 141 1334 2083 3597 0 0 
48000 107940 3598 2697 377 0 0 0 333 333 146 1417 2049 3598 0 0 
48100 107880 3598 2668 378 0 0 0 301 299 137 1446 2078 3598 0 0 
48200 107970 3596 2703 379 0 0 0 360 363 150 1401 2091 3596 0 0 
48300 107910 3597 2668 408 0 0 0 309 309 152 1430 2050 3597 0 0 
48400 107910 3597 2696 413 0 0 0 334 334 134 1421 2073 3597 0 0 
48500 107940 3598 2685 403 0 0 0 312 312 135 1443 2060 3598 0 0 
48600 107940 3597 2714 363 0 0 0 270 271 114 1355 2077 3597 0 0 
48700 107790 3595 2696 396 0 0 0 322 320 147 1431 2056 3595 0 0 
48800 107790 3597 2753 391 0 0 0 310 306 130 1402 2076 3597 0 0 
48900 107940 3599 2790 408 0 0 0 345 344 142 1356 2097 3599 0 0 
49000 107880 3596 2699 402 0 0 0 308 308 137 1423 2067 3596 0 0 
49100 107790 3594 2782 408 0 0 0 329 328 134 1338 2064 3594 0 0 
49200 107940 3597 2732 396 0 0 0 323 324 134 1393 2074 3597 0 0 
49300 107910 3597 2729 394 0 0 0 306 306 128 1421 2074 3597 0 0 
49400 107970 3598 2713 388 0 0 0 323 324 139 1413 2102 3598 0 0 
49500 107940 3596 2757 400 0 0 0 289 291 112 1380 2095 3596 0 0 
49600 107850 3596 2716 389 0 0 0 305 304 131 1406 2068 3596 0 0 
49700 107970 3599 2766 387 0 0 0 317 317 110 1346 2074 3599 0 0 
49800 107910 3600 2748 397 0 0 0 343 340 137 1369 2061 3600 0 0 
49900 108000 3597 2765 382 0 0 0 271 274 112 1346 2077 3597 0 0 
50000 107940 3599 2733 393 0 0 0 328 327 135 1439 2076 3599 0 0 
50100 107940 3596 2756 379 0 0 0 302 304 134 1354 2080 3596 0 0 
50200 108000 3597 2764 375 0 0 0 290 293 132 1367 2083 3597 0 0 
50300 107940 3598 2684 371 0 0 0 334 334 154 1416 2065 3598 0 0 
50400 107910 3599 2708 398 0 0 0 289 287 123 1401 2073 3599 0 0 
50500 107850 3595 2746 381 0 0 0 251 251 102 1379 2106 3595 0 0 
50600 107970 3599 2784 402 0 0 0 336 336 125 1341 2073 3599 0 0 
50700 107880 3597 2728 402 0 0 0 325 324 117 1410 2069 3597 0 0 
50800 107970 3598 2714 382 0 0 0 313 314 134 1392 2078 3598 0 0 
50900 107940 3599 2731 376 0 0 0 285 284 110 1373 2084 3599 0 0 
51000 107970 3597 2744 385 0 0 0 303 305 125 1367 2085 3597 0 0 
51100 107970 3600 2699 372 0 0 0 276 275 113 1391 2078 3600 0 0 
51200 107940 3597 2735 412 0 0 0 281 282 107 1363 2061 3597 0 0 
51300 108000 3598 2707 393 0 0 0 317 319 140 1402 2060 3598 0 0 
51400 107910 3598 2709 396 0 0 0 335 334 152 1425 2072 3598 0 0 
51500 107940 3598 2749 390 0 0 0 264 264 92 1377 2094 3598 0 0 
51600 107910 3596 2700 404 0 0 0 327 328 145 1440 2062 3596 0 0 
51700 108000 3598 2758 407 0 0 0 332 334 138 1365 2043 3598 0 0 
51800 107850 3596 2744 389 0 0 0 294 293 121 1393 2100 3596 0 0 
51900 107910 3599 2738 394 0 0 0 322 320 135 1390 2056 3599 0 0 
52000 107910 3597 2743 394 0 0 0 314 314 122 1366 2071 3597 0 0 
52100 107970 3599 2738 411 0 0 0 312 312 121 1434 2050 3599 0 0 
52200 107940 3597 2718 380 0 0 0 320 321 128 1423 2078 3597 0 0 
52300 107940 3598 2694 389 0 0 0 341 341 140 1436 2070 3598 0 0 
52400 107970 3596 2701 369 0 0 0 358 361 147 1400 2038 3596 0 0 
52500 107940 3597 2731 382 0 0 0 364 365 156 1404 2047 3597 0 0 
52600 107970 3599 2736 398 0 0 0 347 347 154 1391 2092 3599 0 0 
52700 107970 3599 2680 389 0 0 0 301 301 124 1411 2078 3599 0 0 
52800 107970 3595 2711 406 0 0 0 299 303 120 1429 2042 3595 0 0 
52900 107910 3599 2750 380 0 0 0 318 316 129 1363 2054 3599 0 0 
53000 107940 3597 2770 399 0 0 0 341 342 146 1372 2074 3597 0 0 
53100 107940 3599 2741 383 0 0 0 306 305 132 1375 2076 3599 0 0 
53200 107880 3596 2735 390 0 0 0 319 319 131 1385 2046 3596 0 0 
53300 107910 3597 2792 387 0 0 0 319 319 123 1319 2081 3597 0 0 
53400 107970 3598 2738 384 0 0 0 369 370 172 1381 2064 3598 0 0 
53500 107910 3598 2787 376 0 0 0 303 302 113 1327 2108 3598 0 0 
53600 107970 3600 2746 394 0 0 0 306 305 116 1395 2097 3600 0 0 
53700 107970 3599 2766 388 0 0 0 319 319 125 1363 2065 3599 0 0 
53800 107970 3597 2738 367 0 0 0 290 292 126 1343 2076 3597 0 0 
53900 107850 3594 2778 404 0 0 0 340 341 141 1359 2075 3594 0 0 
54000 107940 3599 2755 360 0 0 0 362 361 151 1357 2072 3599 0 0 
54100 107940 3600 2793 390 0 0 0 336 334 138 1348 2119 3600 0 0 
54200 107850 3597 2714 401 0 0 0 329 327 145 1414 2046 3597 0 0 
54300 108000 3597 2766 373 0 0 0 303 306 128 1337 2051 3597 0 0 
54400 107940 3598 2704 390 0 0 0 357 357 152 1448 2073 3598 0 0 
54500 107940 3598 2744 390 0 0 0 344 344 146 1388 2078 3598 0 0 
54600 107970 3597 2754 378 0 0 0 323 325 129 1351 2070 3597 0 0 
54700 107970 3599 2748 404 0 0 0 275 275 109 1368 2035 3599 0 0 
54800 107880 3597 2705 391 0 0 0 325 324 143 1395 2101 3597 0 0 
54900 108000 3600 2754 385 0 0 0 339 339 128 1345 2074 3600 0 0 
55000 107910 3599 2733 382 0 0 0 325 323 129 1373 2051 3599 0 0 
55100 107910 3597 2764 381 0 0 0 343 343 140 1336 2044 3597 0 0 
55200 107940 3600 2734 381 0 0 0 322 320 129 1366 2053 3600 0 0 
55300 107940 3598 2803 388 0 0 0 333 333 136 1302 2068 3598 0 0 
55400 107940 3598 2713 418 0 0 0 344 344 145 1401 2068 3598 0 0 
55500 107910 3599 2768 376 0 0 0 342 340 139 1327 2074 3599 0 0 
55600 107970 3600 2746 391 0 0 0 329 328 164 1372 2067 3600 0 0 
55700 107880 3597 2764 388 0 0 0 351 350 137 1386 2087 3597 0 0 
55800 107910 3598 2768 384 0 0 0 310 309 129 1363 2062 3598 0 0 
55900 108000 3600 2737 392 0 0 0 305 305 121 1387 2062 3600 0 0 
56000 107940 3599 2707 397 0 0 0 287 286 116 1398 2016 3599 0 0 
56100 107910 3594 2748 391 0 0 0 302 305 113 1352 2064 3594 0 0 
56200 107940 3600 2742 382 0 0 0 335 333 131 1403 2051 3600 0 0 
56300 107940 3595 2773 390 0 0 0 329 332 129 1327 2062 3595 0 0 
56400 107820 3593 2733 376 0 0 0 291 292 94 1388 2063 3593 0 0 
56500 107910 3596 2761 372 0 0 0 324 325 135 1352 2080 3596 0 0 
56600 108000 3600 2742 373 0 0 0 285 285 104 1368 2059 3600 0 0 
56700 108000 3600 2775 382 0 0 0 275 275 117 1363 2068 3600 0 0 
56800 107970 3598 2762 397 0 0 0 335 336 137 1360 2076 3598 0 0 
56900 107970 3599 2769 399 0 0 0 322 322 124 1376 2088 3599 0 0 
57000 107940 3598 2785 391 0 0 0 341 341 132 1330 2101 3598 0 0 
57100 108000 3600 2745 378 0 0 0 307 307 128 1360 2099 3600 0 0 
57200 107880 3600 2729 373 0 0 0 316 312 141 1351 2093 3600 0 0 
57300 107970 3597 2790 363 0 0 0 327 329 129 1316 2069 3597 0 0 
57400 108000 3600 2750 417 0 0 0 307 307 126 1393 2057 3600 0 0 
57500 107940 3596 2829 383 0 0 0 304 306 108 1295 2103 3596 0 0 
57600 107970 3597 2757 366 0 0 0 324 326 136 1364 2075 3597 0 0 
57700 107970 3599 2810 370 0 0 0 318 318 139 1305 2062 3599 0 0 
57800 107970 3599 2775 375 0 0 0 292 292 117 1327 2080 3599 0 0 
57900 108000 3600 2786 398 0 0 0 328 328 150 1341 2076 3600 0 0 
58000 107940 3599 2773 397 0 0 0 292 291 114 1347 2090 3599 0 0 
58100 107940 3597 2777 395 0 0 0 289 290 120 1337 2067 3597 0 0 
58200 107970 3599 2778 401 0 0 0 295 295 126 1347 2073 3599 0 0 
58300 107850 3595 2743 402 0 0 0 315 315 137 1362 2077 3595 0 0 
58400 108000 3599 2796 388 0 0 0 317 318 129 1344 2084 3599 0 0 
58500 107970 3598 2787 364 0 0 0 320 321 138 1295 2093 3598 0 0 
58600 107910 3597 2791 364 0 0 0 315 315 129 1289 2075 3597 0 0 
58700 108000 3600 2779 390 0 0 0 317 317 130 1322 2121 3600 0 0 
58800 108000 3599 2808 372 0 0 0 266 267 122 1323 2097 3599 0 0 
58900 107880 3596 2756 376 0 0 0 332 332 138 1342 2087 3596 0 0 
59000 107940 3599 2753 394 0 0 0 317 316 117 1344 2068 3599 0 0 
59100 107850 3595 2771 391 0 0 0 311 311 126 1325 2089 3595 0 0 
59200 107940 3597 2770 369 0 0 0 320 321 133 1337 2066 3597 0 0 
59300 107940 3598 2737 394 0 0 0 343 343 148 1342 2051 3598 0 0 
59400 107970 3599 2772 387 0 0 0 313 313 121 1336 2068 3599 0 0 
59500 107910 3599 2799 389 0 0 0 333 331 151 1327 2068 3599 0 0 
59600 107940 3597 2759 414 0 0 0 347 348 142 1388 2059 3597 0 0 
59700 108000 3600 2796 386 0 0 0 278 278 101 1329 2078 3600 0 0 
59800 107850 3593 2761 384 0 0 0 329 331 136 1316 2063 3593 0 0 
59900 107910 3597 2779 388 0 0 0 308 308 114 1344 2080 3597 0 0 
60000 107940 3596 2791 367 0 0 0 305 307 118 1308 2089 3596 0 0 
60100 107970 3598 2807 379 0 0 0 317 318 113 1294 2069 3598 0 0 
60200 107850 3594 2749 376 0 0 0 319 320 154 1359 2053 3594 0 0 
60300 107880 3596 2804 374 0 0 0 339 339 131 1314 2060 3596 0 0 
60400 107940 3598 2833 373 0 0 0 323 323 117 1291 2081 3598 0 0 
60500 107910 3599 2811 377 0 0 0 293 291 111 1279 2037 3599 0 0 
60600 107910 3599 2822 388 0 0 0 352 350 130 1313 2048 3599 0 0 
60700 107880 3598 2809 387 0 0 0 322 320 112 1331 2088 3598 0 0 
60800 107850 3593 2791 393 0 0 0 358 360 164 1334 2043 3593 0 0 
60900 107910 3596 2797 375 0 0 0 302 303 112 1294 2090 3596 0 0 
61000 107970 3598 2806 406 0 0 0 331 332 131 1316 2079 3598 0 0 
61100 108000 3599 2800 385 0 0 0 300 301 121 1300 2071 3599 0 0 
61200 107940 3597 2737 392 0 0 0 258 259 111 1396 2067 3597 0 0 
61300 107940 3597 2782 376 0 0 0 337 338 132 1306 2087 3597 0 0 
61400 107730 3593 2745 378 0 0 0 299 297 129 1347 2069 3593 0 0 
61500 107910 3598 2782 372 0 0 0 332 331 125 1333 2081 3598 0 0 
61600 107940 3598 2799 396 0 0 0 298 298 140 1322 2083 3598 0 0 
61700 107910 3597 2771 376 0 0 0 321 321 128 1340 2073 3597 0 0 
61800 107940 3595 2788 380 0 0 0 316 319 136 1345 2080 3595 0 0 
61900 107910 3595 2829 388 0 0 0 313 315 124 1310 2078 3595 0 0 
62000 108000 3599 2791 377 0 0 0 323 324 142 1334 2094 3599 0 0 
62100 107910 3597 2781 381 0 0 0 328 328 144 1300 2042 3597 0 0 
62200 107850 3596 2809 364 0 0 0 302 301 112 1315 2090 3596 0 0 
62300 107820 3597 2787 346 0 0 0 322 319 123 1311 2087 3597 0 0 
62400 107970 3599 2834 402 0 0 0 287 287 107 1293 2080 3599 0 0 
62500 107970 3599 2795 395 0 0 0 323 323 111 1322 2075 3599 0 0 
62600 107940 3598 2800 351 0 0 0 334 334 128 1294 2101 3598 0 0 
62700 107970 3598 2765 399 0 0 0 314 315 127 1339 2092 3598 0 0 
62800 107970 3600 2791 395 0 0 0 304 303 120 1328 2089 3600 0 0 
62900 107970 3596 2765 371 0 0 0 334 337 140 1337 2071 3596 0 0 
63000 107820 3596 2758 380 0 0 0 275 273 106 1336 2073 3596 0 0 
63100 107910 3597 2796 359 0 0 0 316 316 115 1296 2076 3597 0 0 
63200 107850 3597 2777 379 0 0 0 302 300 124 1320 2082 3597 0 0 
63300 107940 3599 2785 371 0 0 0 315 314 115 1331 2081 3599 0 0 
63400 107940 3598 2753 389 0 0 0 314 314 129 1383 2072 3598 0 0 
63500 107970 3599 2767 412 0 0 0 336 336 141 1384 2048 3599 0 0 
63600 107940 3597 2763 387 0 0 0 361 362 159 1371 2073 3597 0 0 
63700 107820 3593 2737 392 0 0 0 326 327 129 1378 2083 3593 0 0 
63800 107910 3597 2770 381 0 0 0 301 301 117 1335 2117 3597 0 0 
63900 107910 3598 2742 398 0 0 0 322 321 134 1377 2080 3598 0 0 
64000 108000 3600 2720 392 0 0 0 301 301 103 1403 2050 3600 0 0 
64100 107940 3599 2814 361 0 0 0 299 298 115 1287 2091 3599 0 0 
64200 107880 3597 2788 400 0 0 0 301 300 127 1344 2070 3597 0 0 
64300 107970 3595 2771 378 0 0 0 299 303 116 1347 2077 3595 0 0 
64400 107940 3599 2715 395 0 0 0 315 314 124 1396 2101 3599 0 0 
64500 108000 3599 2778 399 0 0 0 342 343 142 1375 2069 3599 0 0 
64600 107790 3596 2710 382 0 0 0 333 330 126 1398 2058 3596 0 0 
64700 107940 3598 2758 369 0 0 0 340 340 152 1328 2094 3598 0 0 
64800 107940 3595 2763 388 0 0 0 330 333 140 1359 2070 3595 0 0 
64900 107940 3598 2747 404 0 0 0 292 292 130 1385 2058 3598 0 0 
65000 107940 3599 2757 399 0 0 0 334 333 126 1383 2091 3599 0 0 
65100 107910 3597 2755 373 0 0 0 302 302 128 1391 2065 3597 0 0 
65200 107910 3599 2759 401 0 0 0 332 330 140 1359 2021 3599 0 0 
65300 107940 3597 2777 379 0 0 0 324 325 150 1370 2134 3597 0 0 
65400 107790 3594 2729 384 0 0 0 326 325 143 1388 2080 3594 0 0 
65500 107970 3599 2704 372 0 0 0 316 316 121 1397 2072 3599 0 0 
65600 108000 3600 2735 406 0 0 0 274 274 110 1392 2097 3600 0 0 
65700 108000 3599 2761 407 0 0 0 308 309 131 1374 2105 3599 0 0 
65800 107880 3595 2769 398 0 0 0 306 307 122 1368 2056 3595 0 0 
65900 107940 3598 2743 361 0 0 0 329 329 130 1348 2045 3598 0 0 
66000 107970 3598 2732 384 0 0 0 308 309 133 1371 2081 3598 0 0 
66100 107880 3596 2820 373 0 0 0 328 328 119 1287 2055 3596 0 0 
66200 107970 3599 2761 387 0 0 0 296 296 115 1349 2095 3599 0 0 
66300 107880 3597 2774 413 0 0 0 365 364 142 1383 2081 3597 0 0 
66400 107940 3598 2734 390 0 0 0 275 275 108 1384 2077 3598 0 0 
66500 107970 3600 2723 401 0 0 0 339 338 144 1416 2061 3600 0 0 
66600 107970 3598 2758 381 0 0 0 339 340 152 1343 2090 3598 0 0 
66700 107880 3597 2799 370 0 0 0 293 292 117 1298 2089 3597 0 0 
66800 108000 3598 2693 396 0 0 0 346 348 148 1413 2069 3598 0 0 
66900 107940 3599 2762 384 0 0 0 303 302 106 1373 2087 3599 0 0 
67000 107970 3599 2685 401 0 0 0 349 349 149 1454 2085 3599 0 0 
67100 107940 3595 2755 398 0 0 0 308 311 135 1369 2100 3595 0 0 
67200 107880 3596 2786 376 0 0 0 319 319 121 1322 2099 3596 0 0 
67300 107940 3596 2729 413 0 0 0 338 340 126 1406 2072 3596 0 0 
67400 107970 3597 2717 396 0 0 0 321 323 137 1411 2087 3597 0 0 
67500 107940 3597 2742 379 0 0 0 328 329 139 1361 2090 3597 0 0 
67600 107880 3596 2744 390 0 0 0 348 348 149 1375 2063 3596 0 0 
67700 108000 3600 2706 392 0 0 0 287 287 129 1411 2091 3600 0 0 
67800 107940 3599 2763 404 0 0 0 340 339 166 1361 2097 3599 0 0 
67900 107880 3597 2770 373 0 0 0 268 267 103 1335 2115 3597 0 0 
68000 107940 3599 2726 395 0 0 0 318 317 131 1389 2066 3599 0 0 
68100 107910 3599 2746 367 0 0 0 344 342 140 1340 2078 3599 0 0 
68200 107940 3598 2746 381 0 0 0 303 303 122 1336 2074 3598 0 0 
68300 107910 3599 2720 399 0 0 0 310 308 135 1407 2067 3599 0 0 
68400 107940 3598 2791 398 0 0 0 313 313 138 1327 2083 3598 0 0 
68500 107940 3598 2759 406 0 0 0 280 280 106 1399 2098 3598 0 0 
68600 108000 3597 2760 393 0 0 0 265 268 113 1345 2072 3597 0 0 
68700 107970 3599 2714 389 0 0 0 304 304 110 1378 2022 3599 0 0 
68800 107970 3600 2759 386 0 0 0 371 370 159 1361 2086 3600 0 0 
68900 107970 3599 2786 379 0 0 0 299 299 113 1329 2078 3599 0 0 
69000 107880 3596 2759 369 0 0 0 313 313 126 1339 2121 3596 0 0 
69100 108000 3599 2749 410 0 0 0 287 288 127 1380 2059 3599 0 0 
69200 107910 3598 2776 397 0 0 0 350 349 130 1342 2075 3598 0 0 
69300 107910 3597 2756 389 0 0 0 319 319 141 1359 2078 3597 0 0 
69400 107760 3595 2677 368 0 0 0 309 306 142 1415 2098 3595 0 0 
69500 107880 3596 2735 388 0 0 0 335 335 123 1366 2089 3596 0 0 
69600 107940 3599 2753 394 0 0 0 304 303 130 1377 2067 3599 0 0 
69700 107970 3597 2767 375 0 0 0 320 322 131 1346 2074 3597 0 0 
69800 107880 3598 2731 404 0 0 0 341 339 161 1370 2061 3598 0 0 
69900 108000 3594 2758 400 0 0 0 317 323 124 1372 2097 3594 0 0 
70000 107910 3597 2784 387 0 0 0 251 251 105 1326 2044 3597 0 0 
70100 107910 3599 2761 369 0 0 0 341 339 138 1341 2073 3599 0 0 
70200 107940 3598 2773 382 0 0 0 301 301 130 1336 2092 3598 0 0 
70300 107970 3597 2784 362 0 0 0 316 318 125 1326 2079 3597 0 0 
70400 107940 3599 2740 400 0 0 0 332 331 125 1385 2074 3599 0 0 
70500 107940 3597 2806 363 0 0 0 294 295 134 1281 2064 3597 0 0 
70600 107850 3596 2785 379 0 0 0 312 311 132 1347 2082 3596 0 0 
70700 107940 3598 2750 364 0 0 0 302 302 132 1334 2077 3598 0 0 
70800 107910 3597 2784 368 0 0 0 337 337 146 1293 2079 3597 0 0 
70900 107970 3600 2772 361 0 0 0 281 280 123 1341 2072 3600 0 0 
71000 107790 3596 2774 394 0 0 0 284 281 115 1372 2043 3596 0 0 
71100 107910 3596 2749 375 0 0 0 276 277 115 1332 2081 3596 0 0 
71200 107910 3595 2791 384 0 0 0 328 330 138 1316 2058 3595 0 0 
71300 107850 3595 2735 390 0 0 0 278 278 127 1385 2103 3595 0 0 
71400 107940 3598 2781 365 0 0 0 311 311 124 1324 2102 3598 0 0 
71500 107850 3595 2739 379 0 0 0 282 282 128 1354 2058 3595 0 0 
71600 107910 3599 2803 365 0 0 0 330 328 130 1290 2067 3599 0 0 
71700 107940 3597 2817 377 0 0 0 274 275 103 1283 2095 3597 0 0 
71800 108000 3599 2803 393 0 0 0 333 334 141 1298 2081 3599 0 0 
71900 107940 3599 2754 371 0 0 0 314 313 116 1332 2066 3599 0 0 
72000 107940 3598 2761 400 0 0 0 343 343 136 1376 2076 3598 0 0 
72100 107970 3599 2742 409 0 0 0 315 315 125 1382 2085 3599 0 0 
72200 107880 3597 2798 400 0 0 0 349 348 149 1317 2064 3597 0 0 
72300 107970 3600 2747 396 0 0 0 254 253 103 1357 2054 3600 0 0 
72400 107970 3598 2780 381 0 0 0 303 304 127 1340 2072 3598 0 0 
72500 107880 3597 2746 396 0 0 0 310 309 127 1390 2077 3597 0 0 
72600 107910 3599 2766 398 0 0 0 293 291 107 1364 2066 3599 0 0 
72700 107850 3595 2826 388 0 0 0 321 321 132 1290 2114 3595 0 0 
72800 107940 3599 2707 406 0 0 0 305 304 120 1402 2075 3599 0 0 
72900 107790 3594 2780 378 0 0 0 321 320 127 1316 2040 3594 0 0 
73000 107940 3599 2792 384 0 0 0 308 307 135 1311 2104 3599 0 0 
73100 107940 3598 2790 382 0 0 0 316 316 124 1330 2069 3598 0 0 
73200 107940 3597 2766 382 0 0 0 303 304 109 1340 2079 3597 0 0 
73300 108000 3597 2742 386 0 0 0 362 365 144 1364 2055 3597 0 0 
73400 107910 3596 2768 406 0 0 0 291 292 128 1384 2088 3596 0 0 
73500 107940 3599 2785 405 0 0 0 333 332 120 1368 2079 3599 0 0 
73600 107910 3600 2787 370 0 0 0 326 323 126 1331 2055 3600 0 0 
73700 107850 3596 2790 386 0 0 0 322 321 132 1326 2094 3596 0 0 
73800 107880 3597 2800 376 0 0 0 304 303 126 1327 2072 3597 0 0 
73900 107970 3596 2824 379 0 0 0 292 295 112 1277 2045 3596 0 0 
74000 107970 3600 2734 402 0 0 0 343 342 147 1390 2081 3600 0 0 
74100 107850 3598 2747 390 0 0 0 316 313 128 1354 2079 3598 0 0 
74200 107970 3596 2757 390 0 0 0 303 306 115 1350 2063 3596 0 0 
74300 107910 3595 2735 398 0 0 0 313 315 128 1398 2060 3595 0 0 
74400 107970 3597 2730 394 0 0 0 305 307 121 1376 2078 3597 0 0 
74500 107880 3594 2785 382 0 0 0 305 307 137 1347 2099 3594 0 0 
74600 107940 3597 2804 384 0 0 0 345 346 153 1315 2099 3597 0 0 
74700 107970 3597 2788 400 0 0 0 324 326 124 1351 2076 3597 0 0 
74800 107970 3598 2790 375 0 0 0 308 309 141 1315 2085 3598 0 0 
74900 107910 3597 2704 406 0 0 0 311 311 143 1432 2071 3597 0 0 
75000 107940 3598 2800 361 0 0 0 319 319 129 1320 2134 3598 0 0 
75100 107940 3599 2787 402 0 0 0 297 296 133 1346 2063 3599 0 0 
75200 107940 3599 2789 389 0 0 0 327 326 128 1320 2117 3599 0 0 
75300 107970 3598 2762 376 0 0 0 309 310 123 1323 2060 3598 0 0 
75400 107850 3597 2793 385 0 0 0 320 318 129 1335 2130 3597 0 0 
75500 107940 3597 2735 385 0 0 0 318 319 140 1390 2080 3597 0 0 
75600 107940 3599 2753 400 0 0 0 295 294 127 1362 2074 3599 0 0 
75700 107910 3597 2698 424 0 0 0 305 305 120 1456 2081 3597 0 0 
75800 107910 3597 2768 373 0 0 0 292 292 116 1334 2103 3597 0 0 
75900 107910 3597 2789 407 0 0 0 318 318 128 1340 2088 3597 0 0 
76000 107850 3593 2762 395 0 0 0 307 309 122 1355 2062 3593 0 0 
76100 107940 3597 2753 421 0 0 0 322 323 136 1345 2068 3597 0 0 
76200 107880 3593 2800 376 0 0 0 307 310 119 1313 2047 3593 0 0 
76300 107940 3597 2769 390 0 0 0 272 273 93 1367 2086 3597 0 0 
76400 107970 3597 2761 379 0 0 0 293 295 127 1353 2091 3597 0 0 
76500 107910 3599 2756 384 0 0 0 323 321 130 1362 2066 3599 0 0 
76600 107970 3599 2761 395 0 0 0 297 297 131 1376 2084 3599 0 0 
76700 107940 3596 2779 381 0 0 0 266 268 110 1365 2083 3596 0 0 
76800 107970 3600 2751 370 0 0 0 329 328 126 1362 2085 3600 0 0 
76900 107940 3598 2721 380 0 0 0 322 322 130 1376 2073 3598 0 0 
77000 107940 3596 2766 408 0 0 0 323 325 124 1367 2084 3596 0 0 
77100 107940 3597 2748 383 0 0 0 294 295 128 1374 2108 3597 0 0 
77200 107880 3595 2861 384 0 0 0 333 334 127 1273 2083 3595 0 0 
77300 107880 3599 2808 390 0 0 0 333 330 113 1311 2051 3599 0 0 
77400 107850 3596 2767 414 0 0 0 312 311 127 1356 2049 3596 0 0 
77500 108000 3598 2789 386 0 0 0 288 290 114 1316 2094 3598 0 0 
77600 108000 3598 2790 381 0 0 0 285 287 113 1345 2066 3598 0 0 
77700 107880 3598 2783 376 0 0 0 303 301 122 1322 2096 3598 0 0 
77800 107910 3598 2746 374 0 0 0 343 342 120 1330 2082 3598 0 0 
77900 108000 3596 2746 392 0 0 0 283 287 130 1365 2069 3596 0 0 
78000 108000 3598 2809 392 0 0 0 300 302 122 1326 2070 3598 0 0 
78100 108000 3599 2755 391 0 0 0 296 297 111 1362 2070 3599 0 0 
78200 107910 3600 2795 398 0 0 0 315 312 118 1344 2035 3600 0 0 
78300 107970 3598 2797 385 0 0 0 291 292 114 1337 2092 3598 0 0 
78400 107940 3597 2793 378 0 0 0 362 363 164 1311 2066 3597 0 0 
78500 107970 3598 2747 380 0 0 0 305 306 135 1400 2087 3598 0 0 
78600 107970 3598 2685 386 0 0 0 342 343 162 1436 2069 3598 0 0 
78700 107940 3599 2767 388 0 0 0 323 322 154 1366 2085 3599 0 0 
78800 107940 3598 2790 389 0 0 0 333 333 139 1361 2072 3598 0 0 
78900 107850 3598 2778 381 0 0 0 281 278 105 1300 2066 3598 0 0 
79000 107910 3598 2789 406 0 0 0 289 288 124 1381 2108 3598 0 0 
79100 107940 3599 2735 397 0 0 0 359 358 146 1407 2067 3599 0 0 
79200 107940 3597 2739 389 0 0 0 300 301 140 1350 2098 3597 0 0 
79300 108000 3600 2785 387 0 0 0 316 316 123 1345 2110 3600 0 0 
79400 108000 3599 2763 376 0 0 0 298 299 140 1369 2081 3599 0 0 
79500 107850 3598 2822 377 0 0 0 296 293 114 1268 2131 3598 0 0 
79600 107970 3600 2753 399 0 0 0 354 353 147 1356 2103 3600 0 0 
79700 107910 3597 2758 408 0 0 0 284 284 110 1359 2082 3597 0 0 
79800 107910 3596 2776 374 0 0 0 324 325 128 1336 2090 3596 0 0 
79900 107970 3599 2742 414 0 0 0 284 284 106 1400 2092 3599 0 0 
80000 107940 3599 2728 403 0 0 0 314 313 130 1395 2081 3599 0 0 
80100 107910 3598 2811 380 0 0 0 308 307 127 1322 2082 3598 0 0 
80200 107880 3598 2778 395 0 0 0 323 321 129 1336 2073 3598 0 0 
80300 107970 3599 2746 393 0 0 0 273 273 115 1353 2059 3599 0 0 
80400 107880 3595 2766 389 0 0 0 344 345 139 1358 2092 3595 0 0 
80500 108000 3600 2788 392 0 0 0 318 318 113 1327 2056 3600 0 0 
80600 107970 3598 2801 399 0 0 0 301 302 118 1297 2091 3598 0 0 
80700 107910 3596 2787 389 0 0 0 327 328 123 1334 2070 3596 0 0 
80800 107940 3598 2769 410 0 0 0 322 322 116 1369 2078 3598 0 0 
80900 107970 3598 2753 417 0 0 0 373 374 149 1362 2096 3598 0 0 
81000 107970 3600 2755 394 0 0 0 315 314 124 1366 2069 3600 0 0 
81100 108000 3599 2754 388 0 0 0 334 335 140 1385 2116 3599 0 0 
81200 108000 3599 2819 398 0 0 0 332 333 122 1314 2111 3599 0 0 
81300 107940 3599 2812 376 0 0 0 267 266 109 1290 2119 3599 0 0 
81400 107910 3599 2728 385 0 0 0 312 310 128 1366 2098 3599 0 0 
81500 107970 3599 2753 412 0 0 0 322 322 133 1380 2071 3599 0 0 
81600 107790 3594 2726 399 0 0 0 333 332 156 1437 2065 3594 0 0 
81700 107820 3597 2783 392 0 0 0 320 317 137 1340 2105 3597 0 0 
81800 107940 3599 2771 394 0 0 0 311 310 118 1347 2122 3599 0 0 
81900 108000 3597 2717 410 0 0 0 292 295 106 1406 2061 3597 0 0 
82000 107940 3599 2752 377 0 0 0 312 311 133 1365 2088 3599 0 0 
82100 107940 3598 2757 384 0 0 0 330 330 156 1397 2122 3598 0 0 
82200 107910 3598 2720 408 0 0 0 312 311 150 1417 2079 3598 0 0 
82300 107910 3598 2778 412 0 0 0 295 294 125 1352 2058 3598 0 0 
82400 107820 3595 2817 392 0 0 0 295 294 124 1318 2087 3595 0 0 
82500 107970 3598 2730 398 0 0 0 297 298 134 1391 2094 3598 0 0 
82600 107940 3598 2747 414 0 0 0 288 288 115 1388 2072 3598 0 0 
82700 107940 3598 2786 370 0 0 0 322 322 135 1321 2123 3598 0 0 
82800 108000 3598 2749 369 0 0 0 304 306 128 1376 2092 3598 0 0 
82900 107940 3597 2810 372 0 0 0 326 327 118 1296 2106 3597 0 0 
83000 107940 3599 2820 406 0 0 0 281 280 106 1304 2093 3599 0 0 
83100 107880 3598 2812 381 0 0 0 311 309 132 1313 2095 3598 0 0 
83200 107970 3600 2784 394 0 0 0 269 268 111 1351 2094 3600 0 0 
83300 107970 3599 2754 394 0 0 0 270 270 117 1370 2085 3599 0 0 
83400 107940 3598 2784 411 0 0 0 306 306 131 1367 2096 3598 0 0 
83500 107940 3597 2753 379 0 0 0 324 325 145 1364 2097 3597 0 0 
83600 107820 3597 2750 403 0 0 0 338 335 153 1367 2087 3597 0 0 
83700 107910 3598 2717 391 0 0 0 314 313 129 1384 2086 3598 0 0 
83800 107940 3598 2780 403 0 0 0 351 351 139 1364 2102 3598 0 0 
83900 107940 3597 2777 395 0 0 0 260 261 102 1334 2115 3597 0 0 
84000 107850 3595 2741 402 0 0 0 336 336 138 1395 2073 3595 0 0 
84100 108000 3600 2780 401 0 0 0 320 320 128 1351 2095 3600 0 0 
84200 107910 3596 2797 369 0 0 0 319 320 131 1298 2102 3596 0 0 
84300 107940 3598 2784 383 0 0 0 287 287 121 1335 2119 3598 0 0 
84400 107820 3599 2783 391 0 0 0 315 310 122 1344 2050 3599 0 0 
84500 107940 3597 2764 384 0 0 0 283 284 126 1357 2087 3597 0 0 
84600 107910 3597 2791 377 0 0 0 271 271 101 1290 2073 3597 0 0 
84700 107970 3597 2813 396 0 0 0 310 312 111 1325 2077 3597 0 0 
84800 107910 3598 2775 369 0 0 0 332 331 127 1341 2073 3598 0 0 
84900 107850 3596 2779 384 0 0 0 280 279 105 1338 2072 3596 0 0 
85000 107850 3596 2797 391 0 0 0 311 310 129 1333 2066 3596 0 0 
85100 107940 3596 2769 382 0 0 0 294 296 130 1343 2079 3596 0 0 
85200 107970 3599 2783 376 0 0 0 301 301 121 1318 2088 3599 0 0 
85300 107940 3597 2768 392 0 0 0 295 296 121 1341 2087 3597 0 0 
85400 108000 3598 2758 394 0 0 0 293 295 120 1327 2069 3598 0 0 
85500 107970 3597 2776 379 0 0 0 291 293 129 1324 2091 3597 0 0 
85600 107940 3598 2796 397 0 0 0 304 304 127 1339 2085 3598 0 0 
85700 108000 3600 2791 388 0 0 0 298 298 121 1353 2083 3600 0 0 
85800 107970 3599 2782 371 0 0 0 290 290 117 1338 2085 3599 0 0 
85900 107910 3597 2796 397 0 0 0 313 313 121 1315 2069 3597 0 0 
86000 107910 3599 2809 361 0 0 0 346 344 139 1301 2096 3599 0 0 
86100 107970 3598 2808 376 0 0 0 271 272 100 1304 2088 3598 0 0 
86200 107970 3596 2818 379 0 0 0 316 319 118 1273 2089 3596 0 0 
86300 107970 3600 2786 397 0 0 0 291 290 99 1356 2069 3600 0 0 
86400 107910 3599 2810 365 0 0 0 299 297 118 1283 2102 3599 0 0 
86500 107880 3600 2747 418 0 0 0 333 329 149 1384 2037 3600 0 0 
86600 107940 3598 2760 357 0 0 0 298 298 120 1355 2111 3598 0 0 
86700 107850 3596 2742 393 0 0 0 325 324 128 1384 2094 3596 0 0 
86800 107940 3599 2712 387 0 0 0 284 283 124 1406 2067 3599 0 0 
86900 107850 3595 2742 399 0 0 0 325 325 133 1406 2100 3595 0 0 
87000 107910 3597 2735 388 0 0 0 323 323 139 1397 2074 3597 0 0 
87100 107970 3600 2809 393 0 0 0 346 345 133 1326 2078 3600 0 0 
87200 107970 3600 2785 359 0 0 0 299 298 117 1311 2098 3600 0 0 
87300 107970 3599 2791 397 0 0 0 307 307 117 1332 2066 3599 0 0 
87400 108000 3597 2760 382 0 0 0 299 302 141 1352 2090 3597 0 0 
87500 108000 3600 2772 414 0 0 0 290 290 102 1375 2105 3600 0 0 
87600 107880 3598 2803 381 0 0 0 301 299 118 1337 2076 3598 0 0 
87700 107910 3597 2760 375 0 0 0 305 305 133 1354 2075 3597 0 0 
87800 107910 3597 2766 388 0 0 0 337 337 137 1361 2098 3597 0 0 
87900 107910 3595 2783 379 0 0 0 285 287 122 1340 2080 3595 0 0 
88000 107820 3594 2763 395 0 0 0 346 346 142 1354 2045 3594 0 0 
88100 107940 3596 2727 404 0 0 0 309 311 124 1379 2046 3596 0 0 
88200 107940 3597 2739 385 0 0 0 314 315 142 1394 2086 3597 0 0 
88300 107970 3600 2787 389 0 0 0 311 310 122 1352 2091 3600 0 0 
88400 107910 3596 2741 385 0 0 0 330 331 151 1372 2080 3596 0 0 
88500 107940 3596 2742 421 0 0 0 331 333 136 1403 2063 3596 0 0 
88600 107910 3598 2769 394 0 0 0 354 353 127 1347 2064 3598 0 0 
88700 107970 3598 2771 398 0 0 0 360 361 147 1361 2083 3598 0 0 
88800 107940 3599 2775 397 0 0 0 319 318 128 1318 2074 3599 0 0 
88900 107970 3599 2740 400 0 0 0 308 308 136 1367 2058 3599 0 0 
89000 107940 3600 2781 389 0 0 0 281 279 122 1349 2099 3600 0 0 
89100 107850 3595 2808 370 0 0 0 288 288 121 1307 2093 3595 0 0 
89200 107940 3596 2792 391 0 0 0 312 314 109 1353 2085 3596 0 0 
89300 107910 3597 2727 394 0 0 0 341 341 140 1394 2066 3597 0 0 
89400 107940 3598 2749 388 0 0 0 298 298 120 1368 2080 3598 0 0 
89500 107970 3599 2779 391 0 0 0 317 317 133 1340 2071 3599 0 0 
89600 108000 3600 2775 382 0 0 0 281 281 104 1344 2059 3600 0 0 
89700 107940 3598 2803 403 0 0 0 371 371 152 1327 2048 3598 0 0 
89800 107940 3600 2801 372 0 0 0 361 359 146 1337 2087 3600 0 0 
89900 107940 3598 2795 388 0 0 0 277 277 101 1326 2075 3598 0 0 
90000 107910 3598 2768 392 0 0 0 317 316 120 1366 2120 3598 0 0 
90100 107940 3598 2778 391 0 0 0 332 332 135 1325 2084 3598 0 0 
90200 107940 3598 2742 394 0 0 0 303 303 130 1402 2068 3598 0 0 
90300 107940 3600 2746 372 0 0 0 307 305 132 1359 2049 3600 0 0 
90400 107910 3598 2813 373 0 0 0 277 276 106 1306 2079 3598 0 0 
90500 107880 3598 2764 381 0 0 0 333 331 138 1366 2055 3598 0 0 
90600 107940 3596 2786 384 0 0 0 324 326 126 1325 2085 3596 0 0 
90700 107940 3598 2776 396 0 0 0 294 294 119 1357 2092 3598 0 0 
90800 107820 3594 2825 371 0 0 0 308 308 126 1293 2052 3594 0 0 
90900 107940 3597 2789 379 0 0 0 304 305 115 1323 2061 3597 0 0 
91000 107940 3599 2802 379 0 0 0 293 292 126 1320 2092 3599 0 0 
91100 107910 3599 2800 391 0 0 0 305 303 121 1318 2072 3599 0 0 
91200 108000 3599 2785 373 0 0 0 319 320 123 1301 2073 3599 0 0 
91300 107940 3599 2796 375 0 0 0 288 287 117 1306 2072 3599 0 0 
91400 107940 3598 2790 396 0 0 0 304 304 133 1349 2068 3598 0 0 
91500 107970 3598 2784 398 0 0 0 298 299 114 1340 2046 3598 0 0 
91600 107940 3596 2768 394 0 0 0 304 306 114 1337 2070 3596 0 0 
91700 108000 3600 2766 403 0 0 0 305 305 117 1353 2048 3600 0 0 
91800 108000 3598 2765 396 0 0 0 319 321 127 1372 2067 3598 0 0 
91900 108000 3599 2751 369 0 0 0 319 320 130 1330 2064 3599 0 0 
92000 107910 3596 2765 385 0 0 0 290 291 119 1348 2062 3596 0 0 
92100 107910 3599 2769 378 0 0 0 334 332 129 1326 2056 3599 0 0 
92200 107790 3598 2771 395 0 0 0 324 319 118 1371 2105 3598 0 0 
92300 107940 3596 2741 389 0 0 0 273 275 123 1378 2084 3596 0 0 
92400 107940 3599 2737 367 0 0 0 272 271 113 1370 2085 3599 0 0 
92500 107940 3598 2808 383 0 0 0 302 302 115 1299 2102 3598 0 0 
92600 107940 3598 2778 369 0 0 0 305 305 124 1338 2058 3598 0 0 
92700 107940 3598 2797 389 0 0 0 318 318 128 1295 2053 3598 0 0 
92800 107970 3599 2776 384 0 0 0 300 300 115 1333 2074 3599 0 0 
92900 107880 3595 2732 403 0 0 0 302 303 130 1399 2062 3595 0 0 
93000 107970 3598 2782 378 0 0 0 311 312 127 1316 2049 3598 0 0 
93100 108000 3599 2799 419 0 0 0 312 313 110 1347 2065 3599 0 0 
93200 107940 3597 2774 397 0 0 0 333 334 135 1352 2059 3597 0 0 
93300 107940 3599 2822 366 0 0 0 284 283 119 1272 2107 3599 0 0 
93400 108000 3600 2834 393 0 0 0 341 341 150 1280 2081 3600 0 0 
93500 107880 3598 2761 379 0 0 0 323 321 125 1320 2080 3598 0 0 
93600 107970 3599 2865 349 0 0 0 293 293 125 1246 2114 3599 0 0 
93700 107910 3600 2783 395 0 0 0 330 327 137 1335 2072 3600 0 0 
93800 108000 3600 2805 367 0 0 0 297 297 134 1317 2066 3600 0 0 
93900 107940 3597 2793 374 0 0 0 291 292 119 1332 2064 3597 0 0 
94000 108000 3599 2793 406 0 0 0 306 307 111 1341 2040 3599 0 0 
94100 107970 3597 2803 394 0 0 0 280 282 101 1299 2069 3597 0 0 
94200 107880 3596 2802 356 0 0 0 288 288 108 1296 2082 3596 0 0 
94300 107940 3597 2781 372 0 0 0 302 303 105 1336 2065 3597 0 0 
94400 107970 3598 2840 372 0 0 0 287 288 119 1253 2102 3598 0 0 
94500 107940 3597 2784 369 0 0 0 313 314 132 1299 2091 3597 0 0 
94600 107970 3600 2765 387 0 0 0 296 295 105 1375 2105 3600 0 0 
94700 107880 3599 2794 371 0 0 0 320 317 116 1307 2074 3599 0 0 
94800 107880 3597 2831 361 0 0 0 296 295 120 1294 2098 3597 0 0 
94900 107910 3598 2821 375 0 0 0 313 312 128 1313 2082 3598 0 0 
95000 107880 3596 2813 371 0 0 0 306 306 123 1312 2074 3596 0 0 
95100 108000 3599 2832 376 0 0 0 314 315 111 1282 2090 3599 0 0 
95200 107910 3596 2834 369 0 0 0 290 291 118 1265 2080 3596 0 0 
95300 107790 3593 2778 365 0 0 0 289 289 122 1325 2054 3593 0 0 
95400 107880 3597 2815 398 0 0 0 289 288 128 1305 2090 3597 0 0 
95500 107910 3595 2771 378 0 0 0 298 300 109 1350 2068 3595 0 0 
95600 107850 3597 2795 358 0 0 0 352 350 142 1330 2084 3597 0 0 
95700 107940 3598 2796 372 0 0 0 311 311 112 1319 2087 3598 0 0 
95800 107880 3596 2864 387 0 0 0 281 281 113 1248 2099 3596 0 0 
95900 107910 3596 2779 368 0 0 0 327 328 106 1293 2048 3596 0 0 
96000 107940 3596 2832 389 0 0 0 294 296 120 1280 2077 3596 0 0 
96100 107820 3596 2809 370 0 0 0 280 278 116 1280 2078 3596 0 0 
96200 107880 3596 2855 367 0 0 0 283 283 113 1233 2094 3596 0 0 
96300 107970 3597 2848 364 0 0 0 298 300 131 1253 2090 3597 0 0 
96400 107910 3597 2827 395 0 0 0 282 282 108 1316 2058 3597 0 0 
96500 107970 3600 2843 400 0 0 0 304 303 123 1285 2088 3600 0 0 
96600 107910 3598 2764 371 0 0 0 299 298 123 1349 2061 3598 0 0 
96700 107970 3598 2791 396 0 0 0 314 315 123 1330 2071 3598 0 0 
96800 107880 3596 2831 404 0 0 0 354 354 128 1284 2062 3596 0 0 
96900 107940 3597 2797 387 0 0 0 321 322 132 1311 2074 3597 0 0 
97000 107970 3598 2774 392 0 0 0 289 290 113 1355 2080 3598 0 0 
97100 107970 3599 2827 383 0 0 0 271 271 103 1282 2067 3599 0 0 
97200 107940 3598 2819 397 0 0 0 319 319 129 1315 2106 3598 0 0 
97300 107910 3597 2779 374 0 0 0 330 330 131 1334 2057 3597 0 0 
97400 107970 3598 2827 392 0 0 0 343 344 140 1285 2082 3598 0 0 
97500 107970 3598 2758 388 0 0 0 321 322 136 1355 2090 3598 0 0 
97600 107940 3594 2779 371 0 0 0 299 303 117 1335 2080 3594 0 0 
97700 108000 3599 2731 396 0 0 0 304 305 121 1379 2071 3599 0 0 
97800 107970 3598 2759 386 0 0 0 317 318 124 1336 2105 3598 0 0 
97900 107880 3596 2754 421 0 0 0 346 346 137 1365 2080 3596 0 0 
98000 107970 3599 2751 402 0 0 0 328 328 127 1370 2054 3599 0 0 
98100 107910 3597 2760 423 0 0 0 323 323 128 1366 2066 3597 0 0 
98200 107910 3598 2746 402 0 0 0 336 335 148 1375 2112 3598 0 0 
98300 107880 3595 2786 408 0 0 0 318 319 125 1361 2088 3595 0 0 
98400 107970 3597 2759 388 0 0 0 329 331 133 1360 2063 3597 0 0 
98500 108000 3595 2763 382 0 0 0 303 308 110 1339 2073 3595 0 0 
98600 107910 3597 2736 418 0 0 0 348 348 142 1394 2045 3597 0 0 
98700 107940 3597 2788 394 0 0 0 306 307 112 1358 2127 3597 0 0 
98800 107880 3597 2739 394 0 0 0 324 323 137 1368 2096 3597 0 0 
98900 107910 3597 2770 389 0 0 0 311 311 119 1345 2106 3597 0 0 
99000 107790 3594 2753 376 0 0 0 323 322 127 1334 2100 3594 0 0 
99100 107910 3596 2759 394 0 0 0 302 303 116 1356 2089 3596 0 0 
99200 107850 3599 2786 392 0 0 0 335 331 129 1329 2073 3599 0 0 
99300 107940 3598 2749 386 0 0 0 306 306 129 1344 2084 3598 0 0 
99400 107760 3593 2748 369 0 0 0 266 265 126 1353 2070 3593 0 0 
99500 107880 3593 2787 388 0 0 0 322 325 124 1311 2058 3593 0 0 
99600 108000 3600 2836 384 0 0 0 293 293 119 1274 2084 3600 0 0 
99700 107910 3596 2821 394 0 0 0 311 312 131 1297 2094 3596 0 0 
99800 107940 3597 2818 376 0 0 0 305 306 113 1276 2077 3597 0 0 
99900 107880 3596 2758 392 0 0 0 317 317 142 1360 2078 3596 0 0 
100000 107940 3599 2806 374 0 0 0 332 331 135 1330 2106 3599 0 0 
