# Avida Dominant Data
# Tue Oct 18 13:18:33 2016
#  1: Update
#  2: Average Merit of the Dominant Genotype
#  3: Average Gestation Time of the Dominant Genotype
#  4: Average Fitness of the Dominant Genotype
#  5: Repro Rate?
#  6: Size of Dominant Genotype
#  7: Copied Size of Dominant Genotype
#  8: Executed Size of Dominant Genotype
#  9: Abundance of Dominant Genotype
# 10: Number of Births
# 11: Number of Dominant Breed True?
# 12: Dominant Gene Depth
# 13: Dominant Breed In
# 14: Max Fitness?
# 15: Genotype ID of Dominant Genotype
# 16: Name of the Dominant Genotype

0 0 0 0 0 100 0 0 1 0 0 0 0 2.22507e-308 1 100-aaaaa 
100 97 389 0.249357 0.00257069 100 100 0 15 0 0 0 0 0.249357 1 100-aaaaa 
200 97 389 0.249357 0.00257069 100 100 0 7 0 0 2 0 0.249357 121 100-aaaat 
300 98 385 0.254545 0.0025974 102 102 0 6 0 0 9 0 0.254545 1406 102-aaaac 
400 85 358 0.23743 0.0027933 98 98 0 7 0 0 10 0 0.23743 2316 098-aaaal 
500 90 374 0.240642 0.0026738 100 100 0 7 1 0 8 0 0.240642 7241 100-aaait 
600 96 390 0.246154 0.0025641 104 104.115 0 9 0 0 15 0 0.246154 15894 104-aaabp 
700 95 379 0.25066 0.00263852 101 101 0 6 1 0 10 0 0.25066 23525 101-aaani 
800 85 362 0.234807 0.00276243 100 100 0 8 0 0 17 0 0.234807 39272 100-aabbu 
900 131.774 363 0.363014 0.00275482 98 98 0 6 1 0 30 0 0.523416 46904 098-aaalb 
1000 98 379 0.258575 0.00263852 103 103 0 6 1 1 20 0 0.258575 59976 103-aaaid 
1100 96 371 0.25876 0.00269542 101 101 0 7 0 0 20 0 0.25876 54471 101-aaazo 
1200 85 358 0.23743 0.0027933 99 99 0 9 1 1 22 0 0.23743 79760 099-aablx 
1300 92 350 0.262857 0.00285714 95 95 0 7 0 0 28 0 0.262857 88304 095-aaaan 
1400 198 375 0.528 0.00266667 102 101.556 0 6 0 0 36 0 0.528 105842 102-aabbx 
1500 96 370 0.259459 0.0027027 102 102 0 8 1 1 30 0 0.259459 98386 102-aabel 
1600 800 365 2.19178 0.00273973 103 103 0 9 3 2 60 0 2.19178 126068 103-aaarv 
1700 380 360 1.05556 0.00277778 101 101 0 7 0 0 49 0 1.05556 134236 101-aacev 
1800 180 355 0.507042 0.0028169 96 96 0 7 0 0 35 0 0.507042 134300 096-aaami 
1900 2784 364 7.64835 0.00274725 102 102 0 11 1 1 55 0 7.64835 160942 102-aacct 
2000 6336 379 16.7177 0.00263852 104 104 0 6 0 0 65 0 16.7177 172101 104-aaawi 
2100 6208 368 16.8696 0.00271739 102 102.261 0 10 4 3 72 0 16.8696 182018 102-aacmg 
2200 5824 363 16.0441 0.00275482 102 102 0 9 0 0 69 0 16.0441 190089 102-aacqa 
2300 6336 380 16.6737 0.00263158 104 104 0 10 5 2 69 0 16.6737 192823 104-aabjk 
2400 6080 362 16.7956 0.00276243 100 100 0 11 4 3 73 0 16.7956 202210 100-aacyt 
2500 6336 372 17.0323 0.00268817 101 101 0 9 0 0 65 0 17.0323 210002 101-aaczn 
2600 6016 354 16.9944 0.00282486 99 99 0 15 3 3 69 0 16.9944 223870 099-aacro 
2700 6272 375 16.7253 0.00266667 103 103 0 7 0 0 85 0 16.7253 235179 103-aadaz 
2800 6272 375 16.7253 0.00266667 103 103 0 12 0 0 85 0 16.7253 235179 103-aadaz 
2900 25344 374 67.7647 0.0026738 103 103 0 11 4 1 92 0 67.7647 263984 103-aadls 
3000 25088 373 67.2601 0.00268097 102 102 0 14 7 5 95 0 67.2601 277230 102-aaegu 
3100 24576 353 69.6204 0.00283286 98 98.0421 0 11 1 0 93 0 69.6204 279988 098-aabwr 
3200 24576 365 67.3315 0.00273973 101 101 0 11 1 1 103 0 67.3315 297480 101-aaehh 
3300 5952 361 16.4875 0.00277008 100 100 0 7 0 0 73 0 16.4875 267282 100-aadiq 
3400 24832 372 66.7527 0.00268817 103 103 0 11 0 0 100 0 66.7527 313194 103-aaeaz 
3500 100352 379 264.781 0.00263852 104 103.95 0 8 2 1 114 0 264.781 333939 104-aacpz 
3600 25344 381 66.5197 0.00262467 103 103 0 10 0 0 108 0 66.5197 340183 103-aaelx 
3700 103424 388 266.557 0.00257732 105 104.916 0 8 4 1 125 0 266.557 351226 105-aabpq 
3800 100352 379 264.781 0.00263852 103 103 0 10 0 0 125 0 264.781 354159 103-aaesf 
3900 99328 368 269.913 0.00271739 101 101.125 0 10 2 2 132 0 269.913 372403 101-aafmz 
4000 99328 381 260.703 0.00262467 104 104 0 9 2 2 135 0 260.703 383487 104-aadmc 
4100 102400 383 267.363 0.00261097 105 105 0 11 0 0 131 0 267.363 386505 105-aacbk 
4200 99328 372 267.011 0.00268817 103 103 0 11 1 1 128 0 267.011 395753 103-aafpe 
4300 99328 372 267.011 0.00268817 103 103 0 8 0 0 128 0 267.011 395753 103-aafpe 
4400 99328 373 266.295 0.00268097 101 101 0 8 0 0 142 0 266.295 428707 101-aagdp 
4500 100352 373 269.04 0.00268097 102 102 0 11 1 1 143 0 269.04 430012 102-aagsy 
4600 100352 374 268.321 0.0026738 103 103 0 8 0 0 143 0 268.321 442486 103-aaggw 
4700 96256 364 264.44 0.00274725 100 100 0 10 0 0 131 0 264.44 455406 100-aafce 
4800 96256 362 265.901 0.00276243 101 101 0 10 2 2 142 0 265.901 466751 101-aagpr 
4900 99328 371 267.73 0.00269542 101 101 0 11 2 2 146 0 267.73 453971 101-aagky 
5000 98304 377 260.753 0.00265252 103 102.971 0 9 0 0 133 0 260.753 476394 103-aagpw 
5100 106496 397 268.252 0.00251889 106 106 0 13 0 0 161 0 268.252 502398 106-aabjv 
5200 100352 376 266.894 0.00265957 102 102.033 0 10 0 0 152 0 266.894 483415 102-aahkt 
5300 98304 363 270.81 0.00275482 101 101.273 0 8 0 0 153 0 270.81 519768 101-aahku 
5400 104448 383 272.71 0.00261097 105 105 0 14 0 0 138 0 272.71 519424 105-aadmg 
5500 98304 368 267.13 0.00271739 99 99 0 8 3 3 157 0 267.13 546245 099-aaelv 
5600 96256 352 273.455 0.00284091 97 97 0 9 0 0 160 0 273.455 559548 097-aabii 
5700 97280 360 270.222 0.00277778 99 98.9675 0 9 0 0 154 0 270.222 551198 099-aaena 
5800 98304 367 267.858 0.0027248 100 100.094 0 8 0 0 170 0 267.858 580984 100-aagab 
5900 96256 365 263.715 0.00273973 99 99 0 9 0 0 154 0 263.715 578986 099-aaesi 
6000 100352 367 273.439 0.0027248 101 101 0 8 0 0 176 0 273.439 599577 101-aaiio 
6100 100352 375 267.605 0.00266667 104 104 0 9 1 1 165 0 267.605 597515 104-aagic 
6200 101376 378 268.19 0.0026455 102 102 0 10 2 1 157 0 268.19 618743 102-aaizh 
6300 194560 355 548.056 0.0028169 99 98.7586 0 7 1 0 176 0 548.056 637592 099-aafhv 
6400 194560 369 527.263 0.00271003 100 100 0 7 0 0 168 0 527.263 642644 100-aagxz 
6500 802816 367 2187.51 0.0027248 102 102 0 10 5 4 186 0 2187.51 658716 102-aajjy 
6600 102400 371 276.011 0.00269542 104 104 0 7 0 0 163 0 276.011 654037 104-aagow 
6700 802816 368 2181.57 0.00271739 102 102 0 11 3 1 194 0 2181.57 678887 102-aajsy 
6800 786432 372 2114.06 0.00268817 101 101 0 11 1 1 196 0 2114.06 689159 101-aajrh 
6900 794624 366 2171.1 0.00273224 102 102 0 11 3 2 201 0 2171.1 702194 102-aakdn 
7000 737280 356 2071.01 0.00280899 100 100 0 14 0 0 205 0 2071.01 708041 100-aahst 
7100 827392 376 2200.51 0.00265957 104 104 0 10 1 1 195 0 2200.51 717939 104-aaheo 
7200 811008 373 2174.28 0.00268097 102 102 0 10 0 0 201 0 2174.28 724138 102-aakoh 
7300 786432 359 2190.62 0.00278552 100 100 0 9 1 1 209 0 2190.62 733220 100-aaiat 
7400 778240 367 2120.54 0.0027248 101 101 0 8 2 2 210 0 2120.54 737244 101-aakoa 
7500 786432 369 2131.25 0.00271003 100 100 0 9 3 2 213 0 2131.25 765705 100-aailo 
7600 786432 361 2178.48 0.00277008 101 100.85 0 9 3 2 212 0 2178.48 776301 101-aalch 
7700 786432 364 2160.53 0.00274725 100 100 0 9 0 0 205 0 2160.53 784620 100-aaitq 
7800 786432 367 2142.87 0.0027248 100 100 0 8 3 2 213 0 2142.87 802018 100-aaizp 
7900 786432 364 2160.53 0.00274725 100 100 0 11 0 0 219 0 2160.53 802293 100-aajah 
8000 794624 366 2171.1 0.00273224 101 101 0 9 0 0 211 0 2171.1 819544 101-aalqg 
8100 745472 348 2142.16 0.00287356 97 97 0 8 0 0 211 0 2142.16 825213 097-aabts 
8200 819200 476 1721.01 0.00210084 104 104 0 10 2 1 225 0 1721.01 842078 104-aaimr 
8300 794624 370 2147.63 0.0027027 101 100.965 0 8 0 0 209 0 2147.63 851000 101-aambj 
8400 811008 372 2180.13 0.00268817 101 101 0 9 0 0 232 0 2180.13 861018 101-aamem 
8500 770048 359 2144.98 0.00278552 98 98 0 10 2 0 222 0 2144.98 867488 098-aaeaw 
8600 770048 356 2163.06 0.00280899 100 100 0 10 0 0 232 0 2163.06 890461 100-aakbw 
8700 786432 362 2172.46 0.00276243 101 101 0 7 0 0 224 0 2172.46 894249 101-aamqn 
8800 753664 360 2093.51 0.00277778 100 100.189 0 8 2 1 228 0 2093.51 902726 100-aakin 
8900 802816 382 2101.61 0.0026178 104 104 0 9 0 0 235 0 2101.61 924567 104-aajba 
9000 770048 362 2127.2 0.00276243 100 100 0 11 0 0 235 0 2127.2 915446 100-aakms 
9100 786432 368 2137.04 0.00271739 102 102 0 14 0 0 226 0 2137.04 940662 102-aanex 
9200 770048 364 2115.52 0.00274725 99 98.871 0 9 2 2 232 0 2115.52 953386 099-aahzt 
9300 794624 372 2136.09 0.00268817 101 101.027 0 11 0 0 228 0 2136.09 952574 101-aanhw 
9400 794624 371 2141.84 0.00269542 101 101 0 9 1 1 235 0 2141.84 977248 101-aanqm 
9500 778240 351 2217.21 0.002849 99 99 0 13 3 2 235 0 2217.21 975029 099-aaifh 
9600 5.8327e+06 358 16292.5 0.0027933 101 101 0 13 7 3 265 0 16292.5 1003709 101-aanzx 
9700 802816 372 2158.11 0.00268817 101 101 0 10 0 0 257 0 2158.11 1001873 101-aaobw 
9800 5.96378e+06 363 16429.1 0.00275482 103 103 0 16 1 0 269 0 16429.1 1018042 103-aamgz 
9900 5.96378e+06 362 16474.5 0.00276243 103 103 0 11 0 0 270 0 16474.5 1024700 103-aamjs 
10000 5.76717e+06 364 15843.9 0.00274725 101 101 0 10 2 1 268 0 15843.9 1045470 101-aaowj 
10100 5.96378e+06 371 16074.9 0.00269542 104 103.968 0 9 3 0 274 0 16074.9 1049134 104-aajti 
10200 6.29146e+06 373 16867.2 0.00268097 102 102 0 10 0 0 285 0 16867.2 1065511 102-aapmt 
10300 5.96378e+06 369 16162 0.00271003 103 102.85 0 13 3 2 278 0 16162 1069243 103-aangh 
10400 6.5536e+06 375 17476.3 0.00266667 104 104 0 14 4 2 286 0 17476.3 1081248 104-aakau 
10500 6.42253e+06 369 17405.2 0.00271003 101 101 0 12 2 1 276 0 17405.2 1085926 101-aapru 
10600 6.42253e+06 370 17358.2 0.0027027 101 101 0 9 0 0 281 0 17358.2 1097735 101-aapsy 
10700 6.42253e+06 370 17358.2 0.0027027 102 101.939 0 9 2 1 282 0 17358.2 1114109 102-aaqna 
10800 6.35699e+06 361 17609.4 0.00277008 100 100 0 15 0 0 293 0 17609.4 1127885 100-aamlz 
10900 5.89824e+06 367 16071.5 0.0027248 102 102 0 10 0 0 292 0 16071.5 1120284 102-aaqny 
11000 6.02931e+06 359 16794.7 0.00278552 102 102 0 10 0 0 293 0 16794.7 1137670 102-aaqxr 
11100 6.35699e+06 367 17321.5 0.0027248 100 100.2 0 11 5 3 284 0 17321.5 1155382 100-aamtx 
11200 6.22592e+06 365 17057.3 0.00273973 99 99 0 12 2 1 279 0 17057.3 1174201 099-aaizd 
11300 6.02931e+06 359 16794.7 0.00278552 102 102 0 11 0 0 295 0 16794.7 1175972 102-aarko 
11400 6.22592e+06 362 17198.7 0.00276243 99 99 0 9 2 1 278 0 17198.7 1182911 099-aajas 
11500 6.48806e+06 379 17118.9 0.00263852 105 104.739 0 8 1 1 299 0 17118.9 1208945 105-aaghs 
11600 6.48806e+06 378 17164.2 0.0026455 104 104 0 13 1 1 286 0 17164.2 1209421 104-aalhf 
11700 6.09485e+06 350 17413.9 0.00285714 96 96.0606 0 9 2 1 281 0 17413.9 1225813 096-aabeu 
11800 5.89824e+06 349 16900.4 0.00286533 97 97 0 13 2 1 305 0 16900.4 1236291 097-aackn 
11900 6.22592e+06 365 17057.3 0.00273973 99 99 0 9 1 0 281 0 17057.3 1235295 099-aajmg 
12000 6.16038e+06 364 16924.1 0.00274725 98 98 0 16 3 1 286 0 16924.1 1256986 098-aafik 
12100 6.22592e+06 357 17439.6 0.00280112 98 98 0 11 2 1 306 0 17439.6 1271573 098-aafkm 
12200 6.35699e+06 373 17042.9 0.00268097 99 99 0 13 1 1 297 0 17042.9 1277362 099-aajus 
12300 6.22592e+06 357 17439.6 0.00280112 98 98 0 12 1 0 297 0 17439.6 1275623 098-aafks 
12400 6.48806e+06 373 17394.3 0.00268097 102 102 0 10 0 0 303 0 17394.3 1297382 102-aasrs 
12500 6.29146e+06 368 17096.3 0.00271739 99 99 0 10 4 2 303 0 17096.3 1321634 099-aakdr 
12600 6.16038e+06 359 17159.8 0.00278552 97 97 0 11 1 1 291 0 17159.8 1323045 097-aacwa 
12700 6.02931e+06 353 17080.2 0.00283286 97 97.0085 0 13 3 1 319 0 17080.2 1320715 097-aacvu 
12800 6.22592e+06 365 17057.3 0.00273973 98 97.9667 0 12 0 0 294 0 17057.3 1353770 098-aafxe 
12900 6.22592e+06 351 17737.7 0.002849 97 97.0556 0 9 0 0 322 0 17737.7 1365511 097-aadci 
13000 6.61914e+06 376 17604.1 0.00265957 105 105 0 9 1 1 302 0 17604.1 1373964 105-aahkv 
13100 6.48806e+06 367 17678.6 0.0027248 101 100.878 0 10 1 1 311 0 17678.6 1381105 101-aasun 
13200 6.42253e+06 367 17500.1 0.0027248 99 98.9298 0 11 1 1 308 0 17500.1 1388146 099-aakrz 
13300 6.09485e+06 346 17615.2 0.00289017 95 95 0 12 0 0 298 0 17615.2 1376664 095-aaaww 
13400 6.5536e+06 279 23489.6 0.00358423 105 105 0 10 1 1 308 0 23489.6 1406816 105-aahti 
13500 6.42253e+06 369 17405.2 0.00271003 101 101 0 10 0 0 309 0 17405.2 1408519 101-aasym 
13600 5.96378e+06 339 17592.3 0.00294985 93 93 0 9 1 0 297 0 17592.3 1431628 093-aaado 
13700 6.75021e+06 382 17670.7 0.0026178 105 105 0 9 5 4 321 0 17670.7 1452098 105-aaihs 
13800 6.16038e+06 263 23423.5 0.00380228 97 97 0 12 2 2 330 0 23423.5 1454188 097-aadvj 
13900 6.16038e+06 263 23423.5 0.00380228 97 97 0 12 0 0 330 0 23423.5 1454188 097-aadvj 
14000 6.29146e+06 366 17189.8 0.00273224 100 100 0 11 1 1 318 0 17189.8 1481433 100-aapna 
14100 6.35699e+06 362 17560.8 0.00276243 99 99.0467 0 10 0 0 309 0 17560.8 1467249 099-aalfv 
14200 6.22592e+06 265 23494 0.00377358 97 97 0 10 3 2 336 0 23494 1514651 097-aaeqf 
14300 6.22592e+06 264 23583 0.00378788 97 97 0 9 3 2 335 0 23583 1511575 097-aaeqc 
14400 6.09485e+06 263 23174.3 0.00380228 97 97 0 11 4 1 339 0 23174.3 1527561 097-aaewo 
14500 6.16038e+06 263 23423.5 0.00380228 96 96 0 9 1 1 338 0 23423.5 1539239 096-aacev 
14600 6.16038e+06 262 23512.9 0.00381679 97 97 0 9 0 0 347 0 23512.9 1555366 097-aafih 
14700 6.16038e+06 262 23512.9 0.00381679 97 97 0 17 0 0 347 0 23512.9 1555366 097-aafih 
14800 6.48806e+06 284 22845.3 0.00352113 105 105 0 11 3 3 334 0 22845.3 1581649 105-aakmq 
14900 6.22592e+06 368 16918.3 0.00271739 101 101 0 11 0 0 336 0 16918.3 1578759 101-aatqu 
15000 6.16038e+06 265 23246.7 0.00377358 97 97 0 9 0 0 348 0 23246.7 1607227 097-aaghe 
15100 6.16038e+06 263 23423.5 0.00380228 96 96 0 13 5 4 346 0 23423.5 1617376 096-aackm 
15200 6.16038e+06 263 23423.5 0.00380228 97 97 0 10 2 1 350 0 23423.5 1631264 097-aagsa 
15300 6.5536e+06 281 23322.4 0.00355872 105 105 0 9 3 1 331 0 23322.4 1640010 105-aalmx 
15400 6.61914e+06 280 23639.8 0.00357143 105 105 0 11 1 0 337 0 23639.8 1655808 105-aalsz 
15500 6.16038e+06 263 23423.5 0.00380228 97 97 0 11 2 1 350 0 23423.5 1631264 097-aagsa 
15600 6.61914e+06 283 23389.2 0.00353357 105 105 0 11 0 0 333 0 23389.2 1665669 105-aalwy 
15700 6.09485e+06 263 23174.3 0.00380228 97 97 0 11 5 2 358 0 23174.3 1686726 097-aahtr 
15800 6.22592e+06 266 23405.7 0.0037594 97 97 0 12 2 1 363 0 23405.7 1711887 097-aaihj 
15900 6.16038e+06 261 23603 0.00383142 97 97 0 24 0 0 351 0 23603 1719526 097-aaijz 
16000 6.16038e+06 261 23603 0.00383142 96 96 0 12 2 0 355 0 23603 1734106 096-aadhl 
16100 6.09485e+06 259 23532.2 0.003861 98 98 0 11 0 0 367 0 23532.2 1742101 098-aaidj 
16200 6.29146e+06 267 23563.5 0.00374532 98 98 0 13 1 1 361 0 23563.5 1771771 098-aaijc 
16300 6.09485e+06 260 23441.7 0.00384615 96 96 0 11 0 0 359 0 23441.7 1759127 096-aadqo 
16400 6.09485e+06 259 23532.2 0.003861 97 97 0 10 5 2 357 0 23532.2 1770458 097-aajgk 
16500 6.48806e+06 274 23679.1 0.00364964 103 103 0 9 2 2 367 0 23679.1 1809128 103-aarcc 
16600 6.16038e+06 262 23512.9 0.00381679 96 96 0 10 0 0 361 0 23512.9 1821374 096-aaesp 
16700 6.16038e+06 258 23877.5 0.00387597 96 96 0 9 3 3 376 0 23877.5 1821899 096-aaeta 
16800 6.22592e+06 263 23672.7 0.00380228 97 97 0 10 2 1 389 0 23672.7 1842456 097-aakll 
16900 6.29146e+06 264 23831.3 0.00378788 99 99 0 11 0 0 374 0 23831.3 1861347 099-aamnw 
17000 6.10889e+06 264.214 23120.9 0.00378482 97 97 0 8 0 0 374 0 23246.7 1877308 097-aalda 
17100 5.89824e+06 259 22773.1 0.003861 99 99 0 12 4 1 399 0 22773.1 1901436 099-aamrd 
17200 6.10513e+06 264.157 23111.7 0.00378564 97 97 0 12 1 1 376 0 23246.7 1901594 097-aalph 
17300 5.76717e+06 263 21928.4 0.00380228 99 99 0 12 0 0 392 0 21928.4 1930395 099-aamug 
17400 6.16038e+06 264 23334.8 0.00378788 97 97 0 10 0 0 381 0 23334.8 1934377 097-aamjm 
17500 6.16038e+06 266 23159.3 0.0037594 97 97 0 12 1 1 373 0 23159.3 1951614 097-aamqx 
17600 5.8327e+06 251 23237.9 0.00398406 95 95 0 9 0 0 413 0 23237.9 1976887 095-aacot 
17700 6.43513e+06 282.192 22804 0.00354369 103 103 0 11 0 0 413 0 22926 1985968 103-aarod 
17800 5.96378e+06 259 23026.2 0.003861 96 96 0 12 2 1 403 0 23026.2 1957627 096-aahaa 
17900 6.29146e+06 259 24291.3 0.003861 97 97 0 13 0 0 407 0 24291.3 2013570 097-aanso 
18000 5.89824e+06 251 23499 0.00398406 92 92 0 9 1 1 420 0 23499 2034467 092-aaafv 
18100 6.42253e+06 272 23612.2 0.00367647 99 99 0 11 1 1 419 0 23612.2 2037215 099-aanfk 
18200 6.20116e+06 265.622 23345.7 0.00376476 97 97 0 13 0 0 385 0 23405.7 2052104 097-aaodq 
18300 6.09485e+06 261 23351.9 0.00383142 96 96 0 16 0 0 383 0 23351.9 2049779 096-aaicf 
18400 6.16038e+06 264 23334.8 0.00378788 97 97 0 10 1 0 407 0 23334.8 2023599 097-aanyt 
18500 6.1072e+06 263.188 23204.6 0.00379957 97 97 0 9 0 0 382 0 23334.8 2092874 097-aaonb 
18600 6.16038e+06 262 23512.9 0.00381679 98 98 0 12 0 0 428 0 23512.9 2096194 098-aakaz 
18700 6.16038e+06 259 23785.3 0.003861 98 98 0 11 0 0 424 0 23785.3 2111188 098-aakcm 
18800 6.02931e+06 355 16984 0.0028169 96 96 0 10 0 0 427 0 16984 2150521 096-aairh 
18900 5.57056e+06 251 22193.5 0.00398406 93 93.037 0 9 0 0 432 0 22193.5 2165488 093-aaaup 
19000 6.61914e+06 287 23063.2 0.00348432 108 108 0 10 0 0 445 0 23063.2 2161797 108-aabny 
19100 6.02931e+06 244 24710.3 0.00409836 93 93 0 14 2 1 446 0 24710.3 2184038 093-aaavg 
19200 6.16038e+06 261 23603 0.00383142 95 95 0 10 4 2 433 0 23603 2206261 095-aadll 
19300 6.16038e+06 279 22080.2 0.00358423 104 104 0 12 3 2 444 0 22080.2 2223812 104-aaopg 
19400 6.09485e+06 259 23532.2 0.003861 97 97 0 11 5 2 398 0 23532.2 2230156 097-aapks 
19500 6.02931e+06 258 23369.4 0.00387597 97 97 0 9 2 2 400 0 23369.4 2257943 097-aapop 
19600 6.09485e+06 262 23262.8 0.00381679 96 96 0 8 4 3 401 0 23262.8 2267217 096-aajel 
19700 6.16038e+06 264 23334.8 0.00378788 96 96 0 11 1 0 397 0 23334.8 2259650 096-aajdf 
19800 6.48806e+06 270 24029.9 0.0037037 103 103 0 8 1 1 475 0 24029.9 2304169 103-aasrn 
19900 6.09485e+06 263 23174.3 0.00380228 96 96 0 11 0 0 398 0 23174.3 2316440 096-aajjd 
20000 6.09485e+06 263 23174.3 0.00380228 96 96 0 12 1 0 398 0 23174.3 2316440 096-aajjd 
20100 6.22592e+06 261 23854.1 0.00383142 95 95 0 9 2 2 447 0 23854.1 2349691 095-aaecy 
20200 6.48806e+06 270 24029.9 0.0037037 102 102 0 10 5 4 453 0 24029.9 2357836 102-aavjx 
20300 6.16038e+06 261 23603 0.00383142 95 95 0 12 3 2 448 0 23603 2378815 095-aaegl 
20400 6.09485e+06 262 23262.8 0.00381679 96 96 0 8 0 0 402 0 23262.8 2398341 096-aajpy 
20500 6.22592e+06 266 23405.7 0.0037594 97 97 0 8 0 0 410 0 23405.7 2408917 097-aaqhb 
20600 6.09485e+06 259 23532.2 0.003861 95 95 0 8 0 0 447 0 23532.2 2428310 095-aaekp 
20700 6.16038e+06 263 23423.5 0.00380228 96 96 0 8 0 0 452 0 23423.5 2444460 096-aajsg 
20800 5.96378e+06 251 23760.1 0.00398406 93 93 0 9 4 2 461 0 23760.1 2454500 093-aabge 
20900 6.02931e+06 259 23279.2 0.003861 96 96 0 10 0 0 475 0 23279.2 2474408 096-aajuf 
21000 6.02931e+06 252 23925.8 0.00396825 93 93 0 9 3 2 462 0 23925.8 2467003 093-aabgx 
21100 6.61914e+06 287 23063.2 0.00348432 107 107 0 10 1 1 481 0 23063.2 2505973 107-aadfm 
21200 6.68467e+06 288 23210.7 0.00347222 107 107 0 11 0 0 490 0 23210.7 2523983 107-aadhl 
21300 6.02931e+06 266 22666.6 0.0037594 99 99 0 9 1 0 481 0 22666.6 2523289 099-aapaj 
21400 6.22592e+06 265 23494 0.00377358 98 98 0 11 2 0 499 0 23494 2550625 098-aalnb 
21500 6.22592e+06 260 23945.8 0.00384615 95 95 0 11 4 3 463 0 23945.8 2558266 095-aaewn 
21600 6.16038e+06 273 22565.5 0.003663 103 103 0 10 6 4 517 0 22565.5 2582102 103-aatej 
21700 6.48806e+06 346 18751.6 0.00289017 108 108 0 11 2 2 495 0 18751.6 2595787 108-aadah 
21800 7.2745e+06 319 22804.1 0.0031348 114 114 0 11 0 0 510 0 22804.1 2602116 114-aaavm 
21900 6.16038e+06 259 23785.3 0.003861 98 98 0 9 0 0 500 0 23785.3 2624452 098-aalqw 
22000 5.8327e+06 247 23614.2 0.00404858 90 90 0 9 0 0 478 0 23614.2 2631890 090-aaagz 
22100 6.09485e+06 254 23995.5 0.00393701 95 95 0 15 2 1 478 0 23995.5 2630563 095-aafbu 
22200 5.96378e+06 261 22849.7 0.00383142 96 96 0 10 3 3 493 0 22849.7 2673544 096-aaket 
22300 6.75021e+06 299 22575.9 0.00334448 113 113 0 9 1 0 532 0 22575.9 2692710 113-aabax 
22400 6.09485e+06 255 23901.4 0.00392157 96 96 0 10 0 0 529 0 23901.4 2705176 096-aakgr 
22500 5.89824e+06 265 22257.5 0.00377358 100 100 0 9 2 1 492 0 22257.5 2710796 100-aasts 
22600 6.88128e+06 287 23976.6 0.00348432 106 106 0 9 0 0 514 0 23976.6 2714470 106-aagmi 
22700 5.89824e+06 251 23499 0.00398406 92 92 0 9 2 2 502 0 23499 2732622 092-aaamm 
22800 5.79525e+06 251.429 23049.1 0.00397729 95 95 0 7 0 0 544 0 23145.7 2767864 095-aafjy 
22900 6.75021e+06 297 22728 0.003367 110 110 0 7 2 2 518 0 22728 2780396 110-aaboh 
23000 6.48806e+06 273 23765.8 0.003663 102 102 0 10 6 3 504 0 23765.8 2786156 102-aawrz 
23100 6.61914e+06 288 22983.1 0.00347222 109 109 0 10 0 0 547 0 22983.1 2804685 109-aacmf 
23200 5.6361e+06 242 23289.7 0.00413223 90 90 0 10 0 0 505 0 23289.7 2788346 090-aaamg 
23300 6.02931e+06 255 23644.4 0.00392157 94 94 0 9 0 0 517 0 23644.4 2811519 094-aabzh 
23400 6.22592e+06 279 22315.1 0.00358423 104 104 0 8 0 0 500 0 22315.1 2860361 104-aapxm 
23500 7.20896e+06 272 26503.5 0.00367647 111 111 0 9 0 0 550 0 26503.5 2873982 111-aabxf 
23600 6.09485e+06 274 22244 0.00364964 105 105 0 7 3 1 549 0 22244 2882414 105-aaqfe 
23700 5.89824e+06 258 22861.4 0.00387597 96 96 0 11 0 0 521 0 22861.4 2903678 096-aakst 
23800 6.16038e+06 259 23785.3 0.003861 97 97 0 11 0 0 516 0 23785.3 2898819 097-aarel 
23900 6.02931e+06 265 22752.1 0.00377358 100 100 0 8 0 0 526 0 22752.1 2932674 100-aatql 
24000 6.75021e+06 294 22959.9 0.00340136 107 107 0 11 0 0 547 0 22959.9 2943202 107-aaegd 
24100 5.89824e+06 250 23593 0.004 93 93 0 12 0 0 521 0 23593 2946734 093-aabvt 
24200 6.81574e+06 296 23026.2 0.00337838 106 106 0 13 1 0 545 0 23026.2 2978937 106-aahiq 
24300 6.09485e+06 247 24675.5 0.00404858 94 94 0 10 2 1 525 0 24675.5 2975946 094-aacfq 
24400 6.09485e+06 269 22657.4 0.00371747 100 100 0 9 1 0 533 0 22657.4 3007196 100-aatxk 
24500 6.09485e+06 266 22913 0.0037594 98 98 0 10 2 1 542 0 22913 3022226 098-aamov 
24600 6.09485e+06 253 24090.3 0.00395257 93 93 0 11 3 1 531 0 24090.3 3019384 093-aabwv 
24700 5.13566e+06 271 18950.8 0.00369004 99 99 0 9 0 0 533 0 22732 3060431 099-aaqtm 
24800 6.61914e+06 292 22668.3 0.00342466 106 106 0 8 0 0 556 0 22668.3 3072646 106-aahpx 
24900 6.72836e+06 255.667 26316.8 0.00391136 104 104 0 12 4 3 581 0 26368 3072397 104-aaqwj 
25000 6.59897e+06 253.692 26011.6 0.0039418 104 104 0 8 0 0 579 0 26059.6 3103642 104-aarbk 
25100 7.4711e+06 311 24022.8 0.00321543 131 131 0 7 3 2 593 0 24022.8 3116439 131-aaaok 
25200 6.58773e+06 254.521 25882.7 0.00392897 105 105 0 14 1 0 591 0 25957.4 3131993 105-aardj 
25300 5.76717e+06 255 22616.3 0.00392157 96 96 0 8 0 0 595 0 22616.3 3132815 096-aalde 
25400 6.09485e+06 254 23995.5 0.00393701 93 93 0 12 0 0 545 0 23995.5 3151967 093-aacbn 
25500 6.09485e+06 254 23995.5 0.00393701 93 93 0 13 1 0 545 0 23995.5 3151967 093-aacbn 
25600 5.57056e+06 247 22552.9 0.00404858 90 90 0 8 2 0 551 0 22552.9 3181663 090-aaars 
25700 6.40141e+06 238.678 26820.2 0.00418977 100 100 0 11 4 1 599 0 26872.5 3192452 100-aauhr 
25800 5.57056e+06 247 22552.9 0.00404858 90 90 0 12 1 0 551 0 22552.9 3181663 090-aaars 
25900 6.68467e+06 262 25514 0.00381679 105 105 0 10 0 0 610 0 25514 3218816 105-aarkp 
26000 6.39842e+06 238.632 26812.8 0.00419057 100 100 0 9 2 2 599 0 26872.5 3192452 100-aauhr 
26100 6.75021e+06 242 27893.4 0.00413223 108 108 0 12 0 0 622 0 27893.4 3263920 108-aaffp 
26200 6.81574e+06 288 23665.8 0.00347222 106 106 0 14 1 1 580 0 23665.8 3266617 106-aahxs 
26300 6.61914e+06 286 23143.8 0.0034965 103 103 0 13 5 2 581 0 23143.8 3293788 103-aauzx 
26400 6.75021e+06 255 26471.4 0.00392157 105 105 0 9 3 2 610 0 26471.4 3301789 105-aarry 
26500 6.61914e+06 286 23143.8 0.0034965 103 103 0 8 2 2 583 0 23143.8 3325050 103-aavas 
26600 7.34003e+06 284 25845.2 0.00352113 116 116 0 9 2 2 632 0 25845.2 3344623 116-aacqe 
26700 5.89824e+06 223 26449.5 0.0044843 96 96 0 9 1 0 566 0 26449.5 3354765 096-aallv 
26800 7.40557e+06 285 25984.4 0.00350877 117 117 0 9 1 0 630 0 25984.4 3372939 117-aaczi 
26900 7.34003e+06 284 25845.2 0.00352113 117 117 0 10 2 2 633 0 25845.2 3392721 117-aadde 
27000 6.31231e+06 240.318 26266.3 0.00416117 101 101 0 8 0 0 620 0 26377.6 3397253 101-aazhd 
27100 6.5536e+06 280 23405.7 0.00357143 107 107 0 12 2 0 577 0 23405.7 3403662 107-aaexn 
27200 7.60218e+06 287 26488.4 0.00348432 118 118 0 9 3 2 649 0 26488.4 3430266 118-aabov 
27300 6.48806e+06 242 26810.2 0.00413223 101 101 0 8 0 0 621 0 26810.2 3456499 101-aazmm 
27400 7.20896e+06 317 22741.2 0.00315457 116 116 0 8 5 1 616 0 22741.2 3460597 116-aadbs 
27500 6.09485e+06 254 23995.5 0.00393701 96 96 0 11 3 3 595 0 23995.5 3477357 096-aalsj 
27600 6.68467e+06 245 27284.4 0.00408163 104 104 0 9 1 1 585 0 27284.4 3483372 104-aarxz 
27700 6.09485e+06 225 27088.2 0.00444444 96 96 0 11 1 0 581 0 27088.2 3503285 096-aaltp 
27800 7.32617e+06 286.788 25545.5 0.0034869 116 116 0 8 3 1 638 0 25575 3513702 116-aadhe 
27900 7.07789e+06 248 28539.9 0.00403226 109 109 0 9 0 0 656 0 28539.9 3543953 109-aaemh 
28000 6.81574e+06 284 23999.1 0.00352113 104 104 0 11 0 0 652 0 23999.1 3536520 104-aasce 
28100 6.94682e+06 247 28124.8 0.00404858 108 108 0 10 1 1 656 0 28124.8 3552824 108-aagfn 
28200 7.53664e+06 288 26168.9 0.00347222 116 116 0 10 5 3 661 0 26168.9 3586516 116-aadto 
28300 6.16038e+06 236 26103.3 0.00423729 102 102 0 10 0 0 590 0 26103.3 3595966 102-aayuk 
28400 6.68467e+06 234 28567 0.0042735 103 103 0 8 3 2 654 0 28567 3623945 103-aavky 
28500 6.75021e+06 251 26893.3 0.00398406 106 106 0 7 2 2 665 0 26893.3 3636477 106-aaivv 
28600 7.14342e+06 247 28920.7 0.00404858 110 110 0 7 0 0 667 0 28920.7 3652775 110-aacvd 
28700 7.01235e+06 246 28505.5 0.00406504 109 109 0 10 5 4 672 0 28505.5 3658971 109-aafhh 
28800 6.75021e+06 240 28125.9 0.00416667 109 109 0 9 4 2 698 0 28125.9 3684414 109-aafnu 
28900 5.96378e+06 230 25929.5 0.00434783 102 102 0 9 0 0 598 0 25929.5 3688344 102-aayxy 
29000 7.35038e+06 291.158 25245.1 0.00343458 119 119 0 8 1 0 669 0 25361.5 3697158 119-aabiw 
29100 6.09485e+06 223 27331.2 0.0044843 96 96 0 10 2 1 600 0 27331.2 3707528 096-aalwu 
29200 6.71483e+06 240.46 27924.8 0.00415871 109 109 0 10 0 0 705 0 28009.2 3737354 109-aafye 
29300 6.81574e+06 236 28880.3 0.00423729 106 106 0 10 0 0 685 0 28880.3 3748111 106-aajet 
29400 6.75021e+06 243 27778.6 0.00411523 108 108 0 7 5 2 690 0 27778.6 3780073 108-aahcf 
29500 5.89824e+06 206 28632.2 0.00485437 91 91 0 11 2 2 620 0 28632.2 3796313 091-aaapv 
29600 5.89824e+06 206 28632.2 0.00485437 91 91 0 11 0 0 622 0 28632.2 3809541 091-aaaqr 
29700 5.89824e+06 206 28632.2 0.00485437 91 91 0 10 1 0 620 0 28632.2 3802711 091-aaaqe 
29800 7.01235e+06 248 28275.6 0.00403226 108 108 0 11 2 1 693 0 28275.6 3834337 108-aahfx 
29900 5.89824e+06 206 28632.2 0.00485437 91 91 0 10 1 1 622 0 28632.2 3856221 091-aaavg 
30000 5.89824e+06 233 25314.3 0.00429185 98 98 0 9 1 0 628 0 25314.3 3873771 098-aanbt 
30100 5.96378e+06 223 26743.4 0.0044843 94 94 0 8 0 0 606 0 26743.4 3867926 094-aadaq 
30200 5.96378e+06 206 28950.4 0.00485437 92 92 0 12 0 0 630 0 28950.4 3905352 092-aaayg 
30300 5.96378e+06 218 27356.8 0.00458716 91 91 0 9 1 1 632 0 27356.8 3904152 091-aaazm 
30400 6.09485e+06 225 27088.2 0.00444444 94 94 0 17 6 4 613 0 27088.2 3898756 094-aadbv 
30500 5.96378e+06 206 28950.4 0.00485437 91 91 0 10 0 0 629 0 28950.4 3952050 091-aaben 
30600 5.8327e+06 227 25694.7 0.00440529 96 96 0 9 2 2 642 0 25694.7 3972356 096-aamge 
30700 7.01235e+06 257 27285.4 0.00389105 118 118 0 11 5 4 715 0 27285.4 3989486 118-aacom 
30800 6.94682e+06 245 28354.4 0.00408163 109 109 0 8 4 2 734 0 28354.4 3988019 109-aagwl 
30900 5.8327e+06 200 29163.5 0.005 91 91 0 10 1 1 644 0 29163.5 4009363 091-aablo 
31000 6.68467e+06 235 28445.4 0.00425532 104 104 0 10 6 3 713 0 28445.4 4039930 104-aaste 
31100 6.94682e+06 236 29435.7 0.00423729 106 106 0 10 0 0 724 0 29435.7 4063012 106-aajxw 
31200 6.94682e+06 238 29188.3 0.00420168 106 106 0 11 1 1 719 0 29188.3 4070678 106-aajym 
31300 6.94682e+06 238 29188.3 0.00420168 106 106 0 8 0 0 726 0 29188.3 4076924 106-aajzt 
31400 6.94682e+06 238 29188.3 0.00420168 107 107 0 9 0 0 733 0 29188.3 4107366 107-aafza 
31500 6.09485e+06 219 27830.4 0.00456621 98 98 0 12 1 1 657 0 27830.4 4113776 098-aankr 
31600 5.96378e+06 214 27868.1 0.0046729 95 95 0 12 2 1 654 0 27868.1 4101109 095-aagtv 
31700 6.5536e+06 256 25600 0.00390625 106 106 0 10 4 2 724 0 25600 4150496 106-aakjf 
31800 5.70163e+06 226 25228.5 0.00442478 97 97 0 9 0 0 662 0 25228.5 4136992 097-aarwq 
31900 5.96378e+06 202 29523.6 0.0049505 92 92 0 9 3 2 653 0 29523.6 4190390 092-aabfu 
32000 7.07789e+06 244 29007.7 0.00409836 109 109 0 10 2 1 744 0 29007.7 4195547 109-aahlt 
32100 5.8327e+06 202 28874.8 0.0049505 91 91 0 14 6 4 660 0 28874.8 4193043 091-aabwh 
32200 5.8327e+06 231 25249.8 0.004329 99 99 0 11 2 2 670 0 25249.8 4213806 099-aarws 
32300 5.8327e+06 200 29163.5 0.005 91 91 0 11 0 0 663 0 29163.5 4223297 091-aabyt 
32400 6.02931e+06 205 29411.3 0.00487805 93 93 0 11 4 2 668 0 29411.3 4267585 093-aacpi 
32500 5.8327e+06 201 29018.4 0.00497512 91 91 0 11 0 0 667 0 29018.4 4278780 091-aacgl 
32600 6.09485e+06 214 28480.6 0.0046729 96 96 0 14 6 5 683 0 28480.6 4288442 096-aamtx 
32700 5.8327e+06 202 28874.8 0.0049505 91 91 0 12 0 0 664 0 28874.8 4308404 091-aaclh 
32800 5.96378e+06 204 29234.2 0.00490196 93 93 0 13 1 1 677 0 29234.2 4328970 093-aacry 
32900 6.02931e+06 205 29411.3 0.00487805 93 93 0 13 0 0 673 0 29411.3 4335697 093-aacst 
33000 6.02931e+06 214 28174.4 0.0046729 95 95 0 10 0 0 683 0 28174.4 4371289 095-aahrf 
33100 6.02931e+06 213 28306.6 0.00469484 95 95 0 14 1 1 688 0 28306.6 4381930 095-aahtq 
33200 6.61914e+06 226 29288.2 0.00442478 107 107 0 11 5 4 770 0 29288.2 4400173 107-aagnd 
33300 5.8327e+06 201 29018.4 0.00497512 91 91 0 13 4 2 681 0 29018.4 4421601 091-aadph 
33400 6.5536e+06 230 28493.9 0.00434783 104 104 0 11 1 1 750 0 28493.9 4431861 104-aavtm 
33500 6.09485e+06 214 28480.6 0.0046729 95 95 0 13 4 3 681 0 28480.6 4448784 095-aailg 
33600 5.70163e+06 200 28508.2 0.005 92 92 0 13 1 1 679 0 28508.2 4470428 092-aabpv 
33700 6.09485e+06 214 28480.6 0.0046729 95 95 0 11 7 2 682 0 28480.6 4471854 095-aaisq 
33800 6.16038e+06 213 28922 0.00469484 95 95 0 9 3 2 701 0 28922 4500395 095-aajbu 
33900 5.89824e+06 204 28912.9 0.00490196 91 91 0 10 2 2 689 0 28912.9 4516137 091-aaems 
34000 6.16038e+06 217 28388.9 0.00460829 95 95 0 13 4 0 700 0 28388.9 4523002 095-aajji 
34100 6.22592e+06 216 28823.7 0.00462963 96 96 0 8 0 0 703 0 28823.7 4518024 096-aanot 
34200 5.8327e+06 203 28732.5 0.00492611 91 91 0 12 1 0 689 0 28732.5 4573579 091-aafaq 
34300 6.09485e+06 219 27830.4 0.00456621 101 101 0 11 0 0 706 0 27830.4 4554037 101-abaiu 
34400 6.16038e+06 212 29058.4 0.00471698 95 95 0 11 1 1 718 0 29058.4 4593592 095-aakdb 
34500 7.07789e+06 243 29127.1 0.00411523 109 109 0 11 1 1 804 0 29127.1 4613156 109-aairu 
34600 5.89824e+06 204 28912.9 0.00490196 91 91 0 11 1 0 699 0 28912.9 4630530 091-aafti 
34700 6.22592e+06 214 29093.1 0.0046729 95 95 0 16 5 2 718 0 29093.1 4635185 095-aakmz 
34800 5.76717e+06 210 27462.7 0.0047619 95 95 0 8 0 0 711 0 27462.7 4661984 095-aakun 
34900 5.96378e+06 226 26388.4 0.00442478 95 95 0 11 0 0 720 0 26388.4 4692364 095-aaldp 
35000 5.96378e+06 204 29234.2 0.00490196 91 91 0 11 5 3 706 0 29234.2 4694820 091-aagpd 
35100 5.89824e+06 203 29055.4 0.00492611 91 91 0 13 1 1 707 0 29055.4 4714670 091-aagwx 
35200 5.89824e+06 219 26932.6 0.00456621 99 99 0 12 0 0 704 0 26932.6 4741210 099-aaskw 
35300 6.16038e+06 213 28922 0.00469484 95 95 0 11 2 1 731 0 28922 4746799 095-aalxh 
35400 5.89824e+06 203 29055.4 0.00492611 92 92 0 14 2 1 713 0 29055.4 4774244 092-aadcc 
35500 6.22592e+06 217 28690.9 0.00460829 95 95 0 12 2 0 738 0 28690.9 4771752 095-aamfs 
35600 5.89824e+06 205 28771.9 0.00487805 91 91 0 14 1 0 709 0 28771.9 4805502 091-aaifr 
35700 5.89824e+06 206 28632.2 0.00485437 91 91 0 9 1 0 709 0 28632.2 4822269 091-aaijo 
35800 5.89824e+06 206 28632.2 0.00485437 91 91 0 11 1 1 712 0 28632.2 4844933 091-aaism 
35900 5.89824e+06 206 28632.2 0.00485437 91 91 0 16 0 0 718 0 28632.2 4855263 091-aaixq 
36000 6.29146e+06 268 23475.6 0.00373134 112 112 0 10 5 2 749 0 23475.6 4885243 112-aadsh 
36100 5.8327e+06 206 28314.1 0.00485437 91 91 0 10 3 1 742 0 28314.1 4894620 091-aajgy 
36200 5.8327e+06 205 28452.2 0.00487805 91 91 0 15 4 3 724 0 28452.2 4902775 091-aajkj 
36300 6.29146e+06 262 24013.2 0.00381679 96 96 0 10 1 0 761 0 24013.2 4917466 096-aapta 
36400 6.22592e+06 225 27670.8 0.00444444 103 103 0 8 0 0 747 0 27670.8 4938635 103-aazch 
36500 5.96378e+06 208 28672 0.00480769 91 91 0 9 5 2 732 0 28672 4948881 091-aakbp 
36600 5.8327e+06 204 28591.7 0.00490196 92 92 0 14 3 1 726 0 28591.7 4972509 092-aadrd 
36700 5.8327e+06 205 28452.2 0.00487805 91 91 0 15 6 2 723 0 28452.2 4992300 091-aakrm 
36800 5.76717e+06 202 28550.3 0.0049505 92 92 0 13 2 0 730 0 28550.3 5000155 092-aadtr 
36900 5.89824e+06 211 27953.7 0.00473934 96 96 0 12 1 1 736 0 27953.7 5030411 096-aaqfs 
37000 5.8327e+06 204 28591.7 0.00490196 91 91 0 11 0 0 729 0 28591.7 5049972 091-aalil 
37100 5.8327e+06 204 28591.7 0.00490196 92 92 0 14 1 0 739 0 28591.7 5051212 092-aaeae 
37200 6.22592e+06 213 29229.7 0.00469484 97 97 0 16 3 1 760 0 29229.7 5092003 097-aatrc 
37300 6.16038e+06 212 29058.4 0.00471698 95 95 0 9 0 0 758 0 29058.4 5109619 095-aapvv 
37400 5.96378e+06 212 28131 0.00471698 95 95 0 10 0 0 772 0 28131 5122608 095-aapyd 
37500 5.96378e+06 207 28810.5 0.00483092 91 91 0 10 0 0 736 0 28810.5 5131335 091-aambv 
37600 5.8327e+06 204 28591.7 0.00490196 90 90 0 13 3 3 745 0 28591.7 5144824 090-aaccp 
37700 5.8327e+06 205 28452.2 0.00487805 90 90 0 11 0 0 750 0 28452.2 5173353 090-aaceq 
37800 5.96378e+06 207 28810.5 0.00483092 92 92 0 8 0 0 766 0 28810.5 5193212 092-aaeqo 
37900 5.89824e+06 201 29344.5 0.00497512 91 91 0 11 1 0 771 0 29344.5 5187322 091-aamlm 
38000 5.8327e+06 207 28177.3 0.00483092 95 95 0 11 1 1 776 0 28177.3 5231011 095-aaqsq 
38100 5.8327e+06 206 28314.1 0.00485437 91 91 0 9 6 3 765 0 28314.1 5240336 091-aamyi 
38200 5.96378e+06 207 28810.5 0.00483092 91 91 0 14 1 0 741 0 28810.5 5266992 091-aanhs 
38300 5.89824e+06 203 29055.4 0.00492611 92 92 0 16 1 0 782 0 29055.4 5257350 092-aafbr 
38400 5.94388e+06 205.696 28896.2 0.00486156 92 92 0 13 4 1 776 0 28950.4 5270556 092-aafel 
38500 5.89824e+06 217 27180.8 0.00460829 100 100 0 14 2 1 805 0 27180.8 5309986 100-aaydj 
38600 6.22592e+06 219 28428.9 0.00456621 99 99 0 12 1 0 832 0 28428.9 5316439 099-aaunt 
38700 6.09485e+06 206 29586.6 0.00485437 93 93 0 13 0 0 756 0 29586.6 5334313 093-aaezd 
38800 5.76717e+06 203 28409.7 0.00492611 90 90 0 12 4 3 761 0 28409.7 5341597 090-aacvz 
38900 5.96378e+06 210 28398.9 0.0047619 91 91 0 10 4 1 761 0 28398.9 5343681 091-aaojx 
39000 5.96378e+06 210 28398.9 0.0047619 91 91 0 11 1 1 771 0 28398.9 5404739 091-aapcl 
39100 5.76717e+06 203 28409.7 0.00492611 90 90 0 16 1 0 773 0 28409.7 5399447 090-aaddr 
39200 5.96378e+06 207 28810.5 0.00483092 91 91 0 10 4 3 750 0 28810.5 5436509 091-aapoh 
39300 5.8327e+06 205 28452.2 0.00487805 91 91 0 13 5 4 792 0 28452.2 5459819 091-aapxe 
39400 5.70163e+06 203 28086.9 0.00492611 91 91 0 11 2 1 794 0 28086.9 5460194 091-aapya 
39500 6.02931e+06 207 29127.1 0.00483092 93 93 0 12 3 0 775 0 29127.1 5481195 093-aafmp 
39600 6.02931e+06 207 29127.1 0.00483092 92 92 0 10 0 0 793 0 29127.1 5490567 092-aagnz 
39700 5.89824e+06 215 27433.7 0.00465116 92 92.0362 0 12 2 1 804 0 27433.7 5508813 092-aagqs 
39800 6.02931e+06 207 29127.1 0.00483092 93 93 0 12 1 1 781 0 29127.1 5545431 093-aafsi 
39900 5.70163e+06 204 27949.2 0.00490196 90 90 0 13 0 0 782 0 27949.2 5558293 090-aaebb 
40000 5.8327e+06 203 28732.5 0.00492611 92 92 0 11 0 0 785 0 28732.5 5560425 092-aagxv 
40100 5.96378e+06 207 28810.5 0.00483092 94 94 0 14 2 1 825 0 28810.5 5594289 094-aafsy 
40200 5.70163e+06 197 28942.3 0.00507614 89 89 0 11 0 0 802 0 28942.3 5608652 089-aaamg 
40300 6.09485e+06 205 29731 0.00487805 94 94 0 14 2 2 824 0 29731 5624573 094-aafzl 
40400 6.09485e+06 205 29731 0.00487805 94 94 0 11 0 0 825 0 29731 5653554 094-aagfm 
40500 5.76717e+06 203 28409.7 0.00492611 90 90 0 10 0 0 795 0 28409.7 5666485 090-aaerv 
40600 5.89824e+06 204 28912.9 0.00490196 91 91 0 10 4 2 811 0 28912.9 5674909 091-aasjs 
40700 6.09485e+06 208 29302.2 0.00480769 95 95 0 9 3 1 820 0 29302.2 5705909 095-aatqr 
40800 6.29146e+06 223 28212.8 0.0044843 101 101 0 10 1 0 859 0 28212.8 5718326 101-abbzg 
40900 5.96378e+06 205 29091.6 0.00487805 92 92 0 9 1 0 806 0 29091.6 5707707 092-aahnl 
41000 1.88744e+08 225 838861 0.00444444 104 104 0 10 7 5 815 0 838861 5766976 104-aazqd 
41100 1.84549e+08 199 927384 0.00502513 88 88 0 11 8 5 827 0 927384 5778815 088-aaadf 
41200 1.90841e+08 210 908766 0.0047619 92 92 0 11 2 1 826 0 908766 5789616 092-aahup 
41300 1.84549e+08 201 918156 0.00497512 89 89 0 14 3 3 831 0 918156 5808161 089-aabem 
41400 1.80355e+08 197 915508 0.00507614 88 88 0 12 1 1 834 0 915508 5829027 088-aaail 
41500 1.80355e+08 198 910884 0.00505051 88 88 0 11 0 0 835 0 910884 5838598 088-aaaka 
41600 1.95035e+08 218 894657 0.00458716 100 100 0 9 3 2 848 0 894657 5872601 100-aaznd 
41700 1.84549e+08 200 922747 0.005 88 88 0 12 1 1 840 0 922747 5875529 088-aaaom 
41800 1.80355e+08 212 850731 0.00471698 96 96 0 10 0 0 842 0 850731 5869721 096-aatcd 
41900 1.82452e+08 206 885690 0.00485437 93 93 0 13 0 0 849 0 885690 5912196 093-aagzm 
42000 2.03424e+08 274 742422 0.00364964 102 102 0 10 0 0 849 0 742422 5936884 102-abbsp 
42100 1.84549e+08 215 858369 0.00465116 88 88 0 14 2 1 848 0 858369 5945856 088-aaawy 
42200 1.99229e+08 217 918108 0.00460829 96 96 0 13 1 0 848 0 918108 5971828 096-aatxy 
42300 1.84549e+08 199 927384 0.00502513 88 88 0 10 1 1 856 0 927384 5990017 088-aabcp 
42400 1.99229e+08 216 922359 0.00462963 95 95 0 12 0 0 850 0 922359 6001684 095-aaucb 
42500 1.82452e+08 198 921476 0.00505051 89 89 0 9 5 3 847 0 921476 6010707 089-aacuq 
42600 1.84549e+08 215 858369 0.00465116 88 88 0 15 4 3 850 0 858369 5982701 088-aabcg 
42700 2.01327e+08 219 919300 0.00456621 97 97 0 10 4 2 864 0 919300 6048391 097-aavyi 
42800 1.74064e+08 198 879109 0.00505051 89 89 0 15 3 2 865 0 879109 6070867 089-aadbx 
42900 1.80355e+08 197 915508 0.00507614 87 87 0 12 2 1 861 0 915508 6079022 087-aaakt 
43000 2.05521e+08 243 845765 0.00411523 100 100 0 11 2 0 872 0 845765 6091910 100-aazxn 
43100 1.80355e+08 204 884093 0.00490196 92 92 0 14 2 0 856 0 884093 6134067 092-aajdj 
43200 1.84549e+08 200 922747 0.005 88 88 0 17 4 2 869 0 922747 6152962 088-aabvv 
43300 1.86647e+08 200 933233 0.005 90 90 0 14 4 3 861 0 933233 6169047 090-aafnc 
43400 1.80355e+08 198 910884 0.00505051 88 88 0 14 1 0 865 0 910884 6163331 088-aabwx 
43500 1.97132e+08 218 904277 0.00458716 95 95 0 12 1 0 888 0 904277 6207370 095-aauvz 
43600 1.61481e+08 250 645923 0.004 99 98.6296 0 12 0 0 863 0 645923 6219472 099-aawdv 
43700 1.74064e+08 210 828874 0.0047619 100 100 0 11 1 1 884 0 828874 6237168 100-abage 
43800 1.78258e+08 204 873813 0.00490196 94 94 0 10 1 1 884 0 873813 6252084 094-aaibt 
43900 1.82452e+08 192 950272 0.00520833 89 89 0 8 1 1 876 0 950272 6286768 089-aadtd 
44000 1.80355e+08 210 858834 0.0047619 98 98 0 9 3 2 889 0 858834 6285706 098-aarvr 
44100 1.82452e+08 197 926153 0.00507614 87 87 0 14 3 2 873 0 926153 6323763 087-aabil 
44200 1.78258e+08 210 848847 0.0047619 86 86 0 13 3 3 890 0 848847 6333710 086-aaaga 
44300 1.95035e+08 216 902940 0.00462963 95 95 0 13 5 3 874 0 902940 6351435 095-aavqi 
44400 1.74064e+08 189 920972 0.00529101 83 83 0 12 5 4 890 0 920972 6359939 083-aaabd 
44500 1.82452e+08 191 955247 0.0052356 89 89 0 16 1 0 884 0 955247 6378748 089-aadvv 
44600 1.78258e+08 202 882465 0.0049505 91 91 0 14 5 4 907 0 882465 6414608 091-aauyf 
44700 1.80355e+08 208 867092 0.00480769 93 93 0 11 4 4 898 0 867092 6430169 093-aajhi 
44800 1.84549e+08 199 927384 0.00502513 88 88 0 12 3 2 894 0 927384 6433678 088-aadmp 
44900 1.82452e+08 198 921476 0.00505051 87 87 0 11 2 0 884 0 921476 6451567 087-aackm 
45000 2.07618e+08 259 801614 0.003861 129 129 0 12 6 3 903 0 801614 6483231 129-aabqf 
45100 1.78258e+08 193 923616 0.00518135 87 87 0 15 3 3 912 0 923616 6488998 087-aactw 
45200 1.80355e+08 209 862943 0.00478469 96 96 0 14 3 3 916 0 862943 6518786 096-aawva 
45300 1.78258e+08 241 739659 0.00414938 87 87 0 11 2 1 912 0 739659 6537770 087-aadcg 
45400 1.78258e+08 198 900293 0.00505051 87 87 0 16 3 2 910 0 900293 6547708 087-aadek 
45500 1.80355e+08 198 910884 0.00505051 87 87 0 9 1 1 914 0 910884 6573594 087-aadie 
45600 1.78258e+08 197 904863 0.00507614 87 87 0 12 0 0 915 0 904863 6586494 087-aadki 
45700 2.03424e+08 228 892209 0.00438596 108 108 0 13 1 1 920 0 892209 6606416 108-aaksv 
45800 1.82452e+08 199 916845 0.00502513 88 88 0 11 3 3 907 0 916845 6607372 088-aaegp 
45900 1.84549e+08 191 966227 0.0052356 89 89 0 11 7 2 905 0 966227 6636929 089-aaeop 
46000 1.74064e+08 190 916124 0.00526316 83 83 0 11 2 1 911 0 916124 6644369 083-aaaoc 
46100 1.82452e+08 184 991588 0.00543478 88 88 0 13 5 4 911 0 991588 6641600 088-aaemi 
46200 1.71966e+08 200 859832 0.005 90 90 0 13 2 1 935 0 859832 6677942 090-aagkm 
46300 1.84549e+08 193 956214 0.00518135 89 89 0 11 1 1 915 0 956214 6709996 089-aaexe 
46400 1.90841e+08 222 859643 0.0045045 102 102 0 12 1 1 942 0 859643 6725647 102-abcti 
46500 1.71966e+08 205 838861 0.00487805 95 95 0 13 0 0 939 0 838861 6726608 095-aawtz 
46600 1.78258e+08 205 869551 0.00487805 91 91 0 13 4 3 930 0 869551 6762464 091-aavwa 
46700 1.82452e+08 197 926153 0.00507614 88 88 0 17 2 2 921 0 926153 6770788 088-aafiw 
46800 1.67772e+08 188 892405 0.00531915 83 83 0 11 0 0 937 0 892405 6811188 083-aaaxy 
46900 1.74064e+08 215 809598 0.00465116 101 101 0 10 1 1 951 0 809598 6823503 101-abdql 
47000 1.88744e+08 201 939023 0.00497512 91 91 0 10 7 4 955 0 939023 6841471 091-aawbw 
47100 1.84549e+08 194 951285 0.00515464 89 89 0 12 1 1 928 0 951285 6854085 089-aafpu 
47200 1.71966e+08 189 909875 0.00529101 83 83 0 18 4 3 921 0 909875 6861158 083-aabcd 
47300 1.76161e+08 201 876422 0.00497512 90 90 0 12 2 2 949 0 876422 6884344 090-aagti 
47400 1.74064e+08 189 920972 0.00529101 83 83 0 10 2 1 930 0 920972 6899446 083-aabhb 
47500 1.82452e+08 199 916845 0.00502513 95 95 0 12 4 1 936 0 916845 6930309 095-aaxpm 
47600 1.82452e+08 186 980926 0.00537634 89 89 0 10 4 3 938 0 980926 6956237 089-aagbi 
47700 1.90841e+08 201 949457 0.00497512 91 91 0 11 0 0 966 0 949457 6952700 091-aawjz 
47800 1.74064e+08 188 925870 0.00531915 84 84 0 14 0 0 964 0 925870 6974709 084-aaayh 
47900 1.69869e+08 186 913276 0.00537634 83 83 0 11 5 1 940 0 913276 7007829 083-aabtz 
48000 1.71966e+08 189 909875 0.00529101 83 83 0 13 4 4 931 0 909875 6990405 083-aabqz 
48100 1.69869e+08 186 913276 0.00537634 83 83 0 11 4 3 940 0 913276 7007829 083-aabtz 
48200 1.76161e+08 195 903389 0.00512821 86 86 0 17 2 1 937 0 903389 7060544 086-aabwh 
48300 1.84549e+08 202 913611 0.0049505 88 88 0 12 0 0 949 0 913611 7079837 088-aahba 
48400 1.82452e+08 196 930879 0.00510204 88 88 0 11 0 0 944 0 930879 7092778 088-aahbo 
48500 1.86647e+08 202 923993 0.0049505 89 89 0 14 4 3 969 0 923993 7117096 089-aagqu 
48600 1.84549e+08 202 913611 0.0049505 88 88 0 14 1 0 955 0 913611 7132878 088-aahej 
48700 1.88744e+08 206 916231 0.00485437 95 95 0 12 5 3 978 0 916231 7126665 095-aaysm 
48800 1.65675e+08 185 895541 0.00540541 83 83 0 13 5 3 950 0 895541 7160347 083-aaclz 
48900 1.86647e+08 200 933233 0.005 100 100 0 11 6 6 962 0 933233 7156953 100-abcmk 
49000 1.78258e+08 195 914143 0.00512821 86 86 0 12 1 1 943 0 914143 7208900 086-aacep 
49100 1.90841e+08 195 978671 0.00512821 93 93 0 12 3 2 983 0 978671 7227174 093-aamer 
49200 1.97132e+08 212 929869 0.00471698 95 95 0 12 2 1 973 0 929869 7244267 095-aazhg 
49300 1.88744e+08 209 903080 0.00478469 95 95 0 11 4 1 987 0 903080 7267456 095-aazkg 
49400 1.82452e+08 189 965356 0.00529101 89 89 0 13 0 0 960 0 965356 7273065 089-aahro 
49500 1.90841e+08 196 973678 0.00510204 93 93 0 10 4 3 995 0 973678 7302576 093-aamjs 
49600 1.95035e+08 218 894657 0.00458716 94 94 0 13 3 2 998 0 894657 7321870 094-aappd 
49700 1.84549e+08 216 854395 0.00462963 103 103 0 16 1 0 1004 0 854395 7335701 103-abdrw 
49800 1.95035e+08 221 882512 0.00452489 94 94 0 9 0 0 995 0 882512 7355843 094-aaqbi 
49900 1.71966e+08 188 914715 0.00531915 83 83 0 10 6 3 964 0 914715 7358607 083-aaczv 
50000 1.80355e+08 180 1.00197e+06 0.00555556 89 89 0 10 0 0 983 0 1.00197e+06 7389034 089-aaiog 
50100 1.92938e+08 221 873023 0.00452489 94 94 0 10 1 1 992 0 873023 7400067 094-aaqpq 
50200 1.71966e+08 189 909875 0.00529101 84 84 0 12 2 0 969 0 909875 7406065 084-aabmc 
50300 1.84549e+08 213 866429 0.00469484 88 88 0 14 0 0 996 0 866429 7427687 088-aaicx 
50400 1.92938e+08 195 989426 0.00512821 94 94 0 10 0 0 1010 0 989426 7435455 094-aaqyk 
50500 1.82452e+08 186 980926 0.00537634 88 88 0 14 2 2 991 0 980926 7466324 088-aaihq 
50600 1.86647e+08 200 933233 0.005 91 91 0 11 4 4 1000 0 933233 7472010 091-aaxir 
50700 1.95035e+08 213 915658 0.00469484 94 94 0 14 3 3 1000 0 915658 7519412 094-aascw 
50800 1.74064e+08 188 925870 0.00531915 83 83 0 10 2 2 971 0 925870 7522864 083-aadgf 
50900 1.71966e+08 194 886425 0.00515464 87 87 0 10 1 0 976 0 886425 7539037 087-aagot 
51000 1.82452e+08 200 912261 0.005 95 95 0 12 0 0 997 0 912261 7561145 095-abawa 
51100 1.71966e+08 187 919607 0.00534759 83 83 0 14 0 0 980 0 919607 7586359 083-aadku 
51200 1.78258e+08 193 923616 0.00518135 85 85 0 11 1 0 989 0 923616 7593286 085-aaawt 
51300 1.82452e+08 185 986228 0.00540541 88 88 0 15 3 3 1005 0 986228 7626695 088-aajlt 
51400 1.82452e+08 185 986228 0.00540541 89 88.9887 0 15 3 1 1005 0 986228 7638723 089-aajzd 
51500 1.80355e+08 196 920179 0.00510204 88 88 0 12 1 0 1003 0 920179 7626562 088-aajmb 
51600 1.69869e+08 185 918212 0.00540541 84 84 0 10 0 0 994 0 918212 7668821 084-aabtb 
51700 1.82452e+08 209 872977 0.00478469 89 89 0 11 0 0 1007 0 872977 7700782 089-aakhq 
51800 1.90841e+08 210 908766 0.0047619 96 96 0 11 5 3 1009 0 908766 7708170 096-aazak 
51900 1.84549e+08 186 992201 0.00537634 89 89 0 12 2 2 1022 0 992201 7745218 089-aakow 
52000 1.84549e+08 186 992201 0.00537634 89 89 0 17 4 1 1022 0 992201 7745218 089-aakow 
52100 1.71966e+08 189 909875 0.00529101 84 84 0 12 0 0 998 0 909875 7769479 084-aabyq 
52200 1.84549e+08 186 992201 0.00537634 89 89 0 13 4 2 1023 0 992201 7775000 089-aaktt 
52300 1.71966e+08 190 905087 0.00526316 84 84 0 10 2 1 1002 0 905087 7793797 084-aacbt 
52400 1.80355e+08 193 934482 0.00518135 90 90 0 12 0 0 1006 0 934482 7831855 090-aajfs 
52500 1.82452e+08 193 945348 0.00518135 90 90 0 11 3 1 1010 0 945348 7843742 090-aajho 
52600 1.71966e+08 187 919607 0.00534759 83 83 0 11 2 1 1008 0 919607 7856774 083-aaegy 
52700 1.84549e+08 202 913611 0.0049505 94 94 0 11 3 2 1048 0 913611 7887511 094-aavtz 
52800 1.71966e+08 188 914715 0.00531915 93 93 0 11 2 1 1034 0 914715 7905510 093-aaoed 
52900 1.74064e+08 188 925870 0.00531915 83 83 0 12 3 0 1009 0 925870 7900757 083-aaely 
53000 1.71966e+08 180 955369 0.00555556 87 87 0 12 2 1 1038 0 955369 7937708 087-aaiit 
53100 1.82452e+08 185 986228 0.00540541 90 90 0 11 4 3 1031 0 986228 7967113 090-aajvk 
53200 1.74064e+08 181 961677 0.00552486 87 87 0 10 4 1 1040 1 961677 7963290 087-aailu 
53300 1.78258e+08 187 953251 0.00534759 94 94 0 11 5 3 1025 0 953251 7989395 094-aawhj 
53400 1.82452e+08 185 986228 0.00540541 90 90 0 12 0 0 1038 0 986228 7993431 090-aajyl 
53500 1.71966e+08 188 914715 0.00531915 83 83 0 14 6 3 1016 0 914715 8026370 083-aaeum 
53600 1.95035e+08 198 985026 0.00505051 95 95 0 13 3 2 1067 0 985026 8052235 095-abciq 
53700 1.69869e+08 185 918212 0.00540541 83 83 0 13 0 0 1027 0 918212 8057203 083-aaexa 
53800 1.97132e+08 222 887983 0.0045045 95 95 0 14 3 2 1067 0 887983 8073380 095-abcjm 
53900 2.05521e+08 218 942756 0.00458716 106 106 0 10 6 2 1077 0 942756 8095270 106-aaqlm 
54000 1.78258e+08 191 933288 0.0052356 90 90 0 11 2 0 1028 0 933288 8106798 090-aakru 
54100 1.76161e+08 198 889701 0.00505051 100 100 0 9 4 2 1055 0 889701 8155090 100-abfis 
54200 1.95035e+08 198 985026 0.00505051 94 94 0 9 3 2 1069 0 985026 8172569 094-aaxei 
54300 1.76161e+08 187 942036 0.00534759 84 84 0 10 2 1 1029 0 942036 8188996 084-aacss 
54400 1.92938e+08 211 914398 0.00473934 98 98 0 12 0 0 1081 0 914398 8197547 098-aauar 
54500 1.90841e+08 195 978671 0.00512821 94 94 0 12 7 3 1089 0 978671 8223845 094-aaxon 
54600 1.84549e+08 211 874642 0.00473934 89 89 0 12 3 1 1068 0 874642 8246303 089-aamhd 
54700 1.67772e+08 184 911805 0.00543478 83 83 0 15 2 1 1041 0 911805 8236548 083-aafov 
54800 1.82452e+08 210 868820 0.0047619 88 88 0 11 6 5 1056 0 868820 8289558 088-aanwy 
54900 1.71966e+08 179 960707 0.00558659 87 87 0 15 2 2 1063 0 960707 8245753 087-aakak 
55000 1.84549e+08 187 986895 0.00534759 89 89 0 12 4 1 1057 0 986895 8316274 089-aamkv 
55100 1.90841e+08 195 978671 0.00512821 94 94 0 13 3 2 1073 0 978671 8328665 094-aayqq 
55200 1.86647e+08 192 972117 0.00520833 93 93 0 11 1 0 1080 0 972117 8358224 093-aapyd 
55300 1.74064e+08 229 760103 0.00436681 84 84 0 10 0 0 1042 0 760103 8371668 084-aadfr 
55400 1.74064e+08 180 967020 0.00555556 87 87 0 10 2 2 1075 0 967020 8385703 087-aakql 
55500 1.71966e+08 187 919607 0.00534759 84 84 0 14 4 4 1048 0 919607 8410738 084-aadih 
55600 1.95035e+08 197 990026 0.00507614 94 94 0 12 5 5 1092 0 990026 8429272 094-aazoy 
55700 2.07618e+08 218 952376 0.00458716 102 102 0 14 5 5 1085 0 952376 8455474 102-abeop 
55800 1.69869e+08 188 903560 0.00531915 83 83 0 10 2 1 1054 0 903560 8464574 083-aafyw 
55900 1.92938e+08 197 979381 0.00507614 95 95 0 11 4 2 1089 0 979381 8479429 095-abdcu 
56000 1.97132e+08 223 884001 0.0044843 96 96 0 12 3 0 1085 0 884001 8504312 096-abaqe 
56100 1.82452e+08 183 997007 0.00546448 89 89 0 10 0 0 1093 0 997007 8536174 089-aandk 
56200 1.82452e+08 183 997007 0.00546448 89 89 0 12 0 0 1094 0 997007 8544123 089-aanei 
56300 1.80355e+08 184 980191 0.00543478 88 88 0 9 2 1 1072 0 980191 8557405 088-aaqak 
56400 1.82452e+08 183 997007 0.00546448 88 88 0 10 0 0 1099 0 997007 8572571 088-aaqcw 
56500 1.80355e+08 209 862943 0.00478469 88 88 0 12 1 1 1095 0 862943 8600147 088-aaqgz 
56600 1.80355e+08 183 985547 0.00546448 89 89 0 13 1 0 1091 0 985547 8600826 089-aankm 
56700 1.80355e+08 183 985547 0.00546448 89 89 0 10 5 3 1093 0 985547 8646802 089-aanow 
56800 1.84549e+08 184 1.00299e+06 0.00543478 89 89 0 12 1 0 1102 0 1.00299e+06 8655045 089-aanpm 
56900 1.71966e+08 187 919607 0.00534759 83 83 0 12 5 2 1080 0 919607 8682753 083-aagfc 
57000 1.80355e+08 206 875510 0.00485437 89 89 0 11 0 0 1095 0 875510 8634180 089-aannr 
57100 1.80355e+08 189 954260 0.00529101 88 88 0 15 6 2 1109 0 954260 8695598 088-aaqqv 
57200 1.76161e+08 205 859321 0.00487805 93 93 0 13 2 2 1098 0 859321 8739661 093-aargc 
57300 1.88744e+08 206 916231 0.00485437 93 93 0 13 2 2 1088 0 916231 8736415 093-aarga 
57400 1.80355e+08 188 959335 0.00531915 94 94 0 11 3 2 1118 0 959335 8773528 094-abcri 
57500 1.92938e+08 194 994526 0.00515464 94 94 0 13 4 1 1150 0 994526 8788134 094-abcto 
57600 1.74064e+08 189 920972 0.00529101 84 84 0 23 4 1 1079 0 920972 8802601 084-aadqj 
57700 1.82452e+08 194 940475 0.00515464 96 96 0 9 1 1 1130 0 940475 8836565 096-abccz 
57800 1.82452e+08 193 945348 0.00518135 95 95 0 11 5 4 1129 0 945348 8854412 095-abfrd 
57900 1.80355e+08 214 842781 0.0046729 94 94 0 10 3 3 1126 0 842781 8866191 094-abdmc 
58000 1.95035e+08 195 1.00018e+06 0.00512821 95 95 0 10 1 0 1159 0 1.00018e+06 8886651 095-abgab 
58100 1.74064e+08 181 961677 0.00552486 88 88 0 12 1 1 1106 0 961677 8902946 088-aarpg 
58200 1.86647e+08 194 962096 0.00515464 96 96 0 10 0 0 1134 0 962096 8913333 096-abcnq 
58300 2.03313e+08 224 907649 0.00446429 98 97.9342 0 10 4 3 1147 0 908142 8939894 098-aauqc 
58400 1.88744e+08 193 977947 0.00518135 91 91 0 9 3 1 1149 0 977947 8972085 091-aazik 
58500 1.69869e+08 187 908392 0.00534759 83 83 0 12 2 2 1097 0 908392 8965520 083-aagkf 
58600 1.80355e+08 198 910884 0.00505051 96 96 0 13 0 0 1153 0 910884 8987793 096-abdaz 
58700 1.78258e+08 198 900293 0.00505051 99 99 0 12 0 0 1136 0 900293 9010194 099-abede 
58800 1.84549e+08 195 946407 0.00512821 96 96 0 9 0 0 1138 0 946407 9018563 096-abdhp 
58900 1.80355e+08 193 934482 0.00518135 94 94 0 11 1 1 1139 0 934482 9058711 094-abeui 
59000 1.76161e+08 183 962627 0.00546448 88 88 0 12 1 1 1132 0 962627 9053572 088-aasit 
59100 1.78258e+08 182 979439 0.00549451 88 88 0 16 3 0 1144 0 979439 9083430 088-aasna 
59200 1.86647e+08 219 852267 0.00456621 95 95 0 14 0 0 1147 0 852267 9118600 095-abhoo 
59300 1.88744e+08 203 929772 0.00492611 100 100 0 13 0 0 1151 0 929772 9121582 100-abigr 
59400 1.76161e+08 183 962627 0.00546448 88 88 0 14 2 2 1135 0 962627 9138949 088-aasvc 
59500 1.84549e+08 201 918156 0.00497512 100 100 0 11 4 0 1147 0 918156 9143598 100-abijg 
59600 1.88744e+08 204 925214 0.00490196 101 101 0 12 5 3 1176 0 925214 9196440 101-abhtv 
59700 1.74064e+08 181 961677 0.00552486 87 87 0 10 2 2 1142 0 961677 9212424 087-aamms 
59800 1.82452e+08 198 921476 0.00505051 100 100 0 10 3 0 1155 0 921476 9221902 100-abiya 
59900 1.88744e+08 205 920701 0.00487805 101 101 0 10 4 3 1183 0 920701 9238308 101-abhwg 
60000 1.76161e+08 181 973264 0.00552486 88 88 0 15 6 4 1160 0 973264 9269062 088-aatvh 
60100 1.71966e+08 179 960707 0.00558659 88 88 0 12 5 2 1143 0 960707 9244087 088-aatqf 
60200 2.05521e+08 196 1.04858e+06 0.00510204 100 100 0 13 3 2 1195 0 1.04858e+06 9299037 100-abjgu 
60300 1.82452e+08 201 907723 0.00497512 99 99 0 10 0 0 1172 0 907723 9320833 099-abflg 
60400 1.99229e+08 213 935349 0.00469484 100 100 0 13 4 2 1210 0 935349 9335355 100-abjll 
60500 1.92938e+08 221 873023 0.00452489 94 94 0 10 2 1 1185 0 873023 9321351 094-abhae 
60600 1.84549e+08 200 922747 0.005 100 100 0 9 5 3 1179 0 922747 9382227 100-abjtt 
60700 1.71966e+08 180 955369 0.00555556 88 88 0 11 5 1 1155 0 955369 9391946 088-aauwz 
60800 1.78258e+08 194 918855 0.00515464 88 88 0 13 1 1 1156 0 918855 9398999 088-aauyi 
60900 1.76161e+08 179 984138 0.00558659 87 87 0 13 3 2 1190 0 984138 9412710 087-aamtc 
61000 1.76161e+08 180 978671 0.00555556 88 88 0 10 0 0 1161 0 978671 9395791 088-aauxs 
61100 1.74064e+08 179 972422 0.00558659 88 88 0 15 3 1 1162 0 972422 9458976 088-aavoq 
61200 1.97132e+08 208 947751 0.00480769 102 102 0 13 1 1 1232 0 947751 9493975 102-abhwy 
61300 1.99229e+08 195 1.02169e+06 0.00512821 97 97 0 12 5 3 1236 0 1.02169e+06 9507710 097-abaqz 
61400 1.74064e+08 183 951167 0.00546448 88 88 0 14 4 4 1172 0 951167 9537395 088-aawgt 
61500 1.76161e+08 198 889701 0.00505051 100 100 0 9 0 0 1173 0 889701 9549919 100-abkxg 
61600 1.74064e+08 183 951167 0.00546448 88 88 0 9 1 0 1172 0 951167 9537395 088-aawgt 
61700 1.90841e+08 197 968735 0.00507614 93 93 0 12 10 5 1227 0 968735 9569108 093-aavlg 
61800 1.82452e+08 207 881412 0.00483092 88 88 0 10 0 0 1192 0 881412 9561562 088-aawjb 
61900 1.82452e+08 193 945348 0.00518135 93 93 0 11 2 2 1207 0 945348 9605124 093-aavse 
62000 1.78258e+08 212 840839 0.00471698 92 92 0 9 2 1 1206 0 840839 9638817 092-aapeg 
62100 1.77892e+08 207.826 855965 0.00481174 90 90 0 19 0 0 1175 0 857009 9657617 090-aampf 
62200 1.80355e+08 193 934482 0.00518135 93 93 0 11 0 0 1213 0 934482 9680250 093-aawha 
62300 1.80355e+08 193 934482 0.00518135 93 93 0 14 1 0 1213 0 934482 9680250 093-aawha 
62400 1.71966e+08 179 960707 0.00558659 87 87 0 10 2 2 1175 0 960707 9687356 087-aanmo 
62500 1.71966e+08 180 955369 0.00555556 87 87 0 13 1 1 1182 0 955369 9734729 087-aanpx 
62600 1.97132e+08 198 995618 0.00505051 96 96 0 10 4 2 1265 0 995618 9753140 096-abfqz 
62700 1.69869e+08 194 875615 0.00515464 93 93 0 13 1 1 1187 0 875615 9767754 093-aaxdx 
62800 1.76161e+08 182 967916 0.00549451 87 87 0 10 2 1 1219 0 967916 9789894 087-aanwo 
62900 1.76161e+08 183 962627 0.00546448 87 87 0 11 0 0 1221 0 962627 9806471 087-aanyv 
63000 1.71966e+08 177 971562 0.00564972 87 87 0 14 0 0 1182 0 971562 9811201 087-aanzx 
63100 1.76161e+08 194 908045 0.00515464 87 87 0 18 4 2 1185 0 908045 9827883 087-aaocy 
63200 1.78258e+08 207 861149 0.00483092 87 87 0 17 3 1 1223 0 861149 9858506 087-aaoix 
63300 1.74064e+08 180 967020 0.00555556 87 87 0 15 0 0 1187 0 967020 9848154 087-aaoht 
63400 1.76161e+08 207 851018 0.00483092 87 87 0 14 5 1 1225 0 851018 9887787 087-aaopu 
63500 1.78258e+08 216 825268 0.00462963 93 93 0 12 4 3 1236 0 825268 9925793 093-aazln 
63600 1.80355e+08 184 980191 0.00543478 89 89 0 15 3 1 1241 0 980191 9932207 089-aappz 
63700 1.78258e+08 215 829107 0.00465116 92 92 0 13 5 4 1240 0 829107 9950451 092-aapjx 
63800 1.90841e+08 197 968735 0.00507614 94 94 0 9 3 1 1249 0 968735 9958450 094-abkwo 
63900 1.97132e+08 197 1.00067e+06 0.00507614 95 95 0 12 1 1 1248 0 1.00067e+06 9975157 095-abjxd 
64000 1.74064e+08 179 972422 0.00558659 87 87 0 12 0 0 1195 0 972422 10009461 087-aaprn 
64100 1.92938e+08 196 984377 0.00510204 95 95 0 9 2 1 1300 0 984377 10026105 095-abkdt 
64200 1.95035e+08 197 990026 0.00507614 95 94.907 0 11 2 0 1257 0 990026 10048342 095-abkhn 
64300 1.86647e+08 201 928590 0.00497512 100 100 0 11 1 0 1257 0 928590 10075066 100-abmrf 
64400 1.76161e+08 179 984138 0.00558659 87 87 0 20 1 1 1240 0 984138 10069920 087-aaqdf 
64500 1.90841e+08 200 954204 0.005 93 93 0 10 2 1 1313 0 954204 10096629 093-abbbs 
64600 1.90841e+08 193 988813 0.00518135 94 94 0 10 0 0 1315 0 988813 10125298 094-abmki 
64700 1.90841e+08 221 863533 0.00452489 93 93 0 11 0 0 1254 0 863533 10123689 093-abbhx 
64800 1.74064e+08 178 977885 0.00561798 87 87 0 9 2 1 1248 0 977885 10172097 087-aarcs 
64900 1.80355e+08 185 974892 0.00540541 88 88 0 13 4 2 1266 0 974892 10187417 088-aaxmq 
65000 1.88744e+08 190 993388 0.00526316 94 94 0 11 0 0 1326 0 993388 10199538 094-abngd 
65100 1.78258e+08 179 995854 0.00558659 87 87 0 11 0 0 1261 0 995854 10188053 087-aargj 
65200 1.92938e+08 192 1.00489e+06 0.00520833 95 95 0 13 3 1 1270 0 1.00489e+06 10237051 095-ablmw 
65300 1.78258e+08 179 995854 0.00558659 87 87 0 13 1 0 1262 0 995854 10231838 087-aarqj 
65400 1.76161e+08 181 973264 0.00552486 88 88 0 13 3 2 1254 0 973264 10251776 088-aaxrq 
65500 1.76161e+08 205 859321 0.00487805 87 87 0 16 0 0 1274 0 859321 10289160 087-aarzp 
65600 1.92938e+08 212 910085 0.00471698 106 106 0 9 0 0 1332 0 910085 10290173 106-aavjs 
65700 1.76161e+08 205 859321 0.00487805 87 87 0 14 0 0 1271 0 859321 10299491 087-aasbi 
65800 1.80355e+08 184 980191 0.00543478 89 89 0 11 5 3 1267 0 980191 10340862 089-aapya 
65900 1.84549e+08 208 887257 0.00480769 95 95 0 11 3 2 1270 0 887257 10377662 095-abmgf 
66000 1.78258e+08 181 984850 0.00552486 88 88 0 11 6 4 1283 0 984850 10395479 088-aayil 
66100 1.78258e+08 190 938200 0.00526316 93 93 0 12 3 1 1271 0 938200 10394345 093-abeus 
66200 1.97132e+08 220 896056 0.00454545 112 112 0 12 0 0 1341 0 896056 10431117 112-aahku 
66300 1.95035e+08 203 960764 0.00492611 94 94 0 10 5 3 1290 0 960764 10446260 094-aborg 
66400 1.80355e+08 181 996437 0.00552486 88 88 0 11 0 0 1287 0 996437 10461018 088-aayuz 
66500 1.95035e+08 208 937669 0.00480769 101 101 0 12 3 2 1352 0 937669 10452845 101-abkoc 
66600 1.76161e+08 188 937025 0.00531915 93 93 0 14 6 4 1290 0 937025 10489936 093-abfpd 
66700 1.80355e+08 183 985547 0.00546448 88 88 0 12 3 2 1279 0 985547 10524372 088-aazej 
66800 1.80355e+08 197 915508 0.00507614 100 100 0 12 3 2 1281 0 915508 10535213 100-abohu 
66900 1.80355e+08 205 879781 0.00487805 89 89 0 10 4 3 1285 0 879781 10560740 089-aaqgc 
67000 1.82452e+08 205 890011 0.00487805 89 89 0 10 2 1 1284 0 890011 10567884 089-aaqgm 
67100 1.86647e+08 191 977207 0.0052356 89 89 0 12 3 1 1287 0 977207 10586161 089-aaqhp 
67200 1.86647e+08 194 962096 0.00515464 94 94 0 10 5 5 1305 0 962096 10618213 094-abqiz 
67300 1.61481e+08 200 807404 0.005 88 88 0 12 1 1 1282 0 807404 10629708 088-aazvc 
67400 1.80355e+08 206 875510 0.00485437 88 88 0 14 0 0 1281 0 875510 10647258 088-aazyu 
67500 1.95035e+08 197 990026 0.00507614 94 94 0 12 2 2 1376 0 990026 10676183 094-abqte 
67600 1.92938e+08 196 984377 0.00510204 95 95 0 11 4 2 1312 0 984377 10675228 095-abpke 
67700 1.95035e+08 219 890571 0.00456621 95 95 0 13 2 0 1315 0 890571 10704268 095-abpsj 
67800 1.78258e+08 182 979439 0.00549451 88 88 0 8 0 0 1285 0 979439 10730564 088-abaoy 
67900 1.90841e+08 215 887632 0.00465116 93 93 0 10 3 1 1315 0 887632 10739103 093-abgwl 
68000 1.92938e+08 195 989426 0.00512821 94 94 0 12 1 1 1388 0 989426 10757214 094-abrkd 
68100 1.92938e+08 219 880995 0.00456621 96 96 0 11 4 2 1321 0 880995 10763843 096-abjdb 
68200 1.85183e+08 216.302 856127 0.00462318 112 112 0 10 0 0 1301 0 860122 10798670 112-aahrm 
68300 1.97132e+08 195 1.01093e+06 0.00512821 95 95 0 10 2 0 1331 0 1.01093e+06 10818509 095-abrbn 
68400 1.86647e+08 188 992801 0.00531915 89 89 0 10 3 1 1308 0 992801 10832380 089-aaqye 
68500 1.92938e+08 195 989426 0.00512821 95 95 0 9 0 0 1325 0 989426 10826612 095-abrec 
68600 1.86647e+08 187 998110 0.00534759 89 89 0 15 4 3 1310 0 998110 10865872 089-aarbf 
68700 1.99229e+08 200 996147 0.005 95 95 0 10 0 0 1330 0 996147 10847570 095-abrnj 
68800 1.99229e+08 197 1.01132e+06 0.00507614 96 96 0 13 7 4 1337 0 1.01132e+06 10898000 096-abkfp 
68900 1.99229e+08 222 897430 0.0045045 95 95 0 12 0 0 1333 0 897430 10932723 095-abstb 
69000 1.99229e+08 200 996147 0.005 95 95 0 10 1 1 1332 0 996147 10921237 095-absnq 
69100 1.97132e+08 195 1.01093e+06 0.00512821 95 95 0 8 0 0 1340 0 1.01093e+06 10968522 095-abtfe 
69200 1.97132e+08 195 1.01093e+06 0.00512821 95 95 0 15 6 3 1340 0 1.01093e+06 10939038 095-absus 
69300 1.78258e+08 183 974087 0.00546448 88 88 0 12 2 1 1327 0 974087 10984994 088-abbha 
69400 1.86647e+08 198 942659 0.00505051 100 100 0 17 0 0 1351 0 942659 11018097 100-abqfz 
69500 1.88744e+08 193 977947 0.00518135 94 94 0 14 5 2 1346 0 977947 11038800 094-abtyd 
69600 1.95035e+08 220 886523 0.00454545 96 96 0 10 4 3 1339 0 886523 11051085 096-ablaj 
69700 1.76161e+08 190 927162 0.00526316 94 94 0 12 3 2 1333 0 927162 11065026 094-abuew 
69800 2.01327e+08 204 986895 0.00490196 99 99 0 10 2 0 1365 0 986895 11079128 099-abngy 
69900 1.84549e+08 208 887257 0.00480769 94 94 0 11 2 1 1323 0 887257 11110800 094-abutm 
70000 1.95035e+08 200 975176 0.005 94 94 0 13 0 0 1353 0 975176 11118255 094-abuve 
70100 1.86647e+08 211 884581 0.00473934 91 91 0 10 1 1 1371 0 884581 11145451 091-aazwo 
70200 1.95035e+08 200 975176 0.005 94 94 0 10 1 1 1355 0 975176 11165813 094-abvhf 
70300 1.82452e+08 181 1.00802e+06 0.00552486 88 88 0 12 1 1 1351 0 1.00802e+06 11174442 088-abbvg 
70400 1.82452e+08 195 935652 0.00512821 88 88 0 10 5 4 1341 0 935652 11193241 088-abbwb 
70500 1.95035e+08 194 1.00534e+06 0.00515464 95 95 0 15 1 1 1370 0 1.00534e+06 11222275 095-abwei 
70600 1.80355e+08 186 969651 0.00537634 88 88 0 13 0 0 1385 0 969651 11243019 088-abbze 
70700 1.92938e+08 194 994526 0.00515464 95 95 0 15 3 3 1357 0 994526 11251910 095-abwjd 
70800 1.90841e+08 196 973678 0.00510204 97 97 0 15 5 5 1454 0 973678 11265725 097-abcph 
70900 1.97132e+08 199 990615 0.00502513 96 96 0 14 1 1 1350 0 990615 11284212 096-ablwr 
71000 1.82452e+08 189 965356 0.00529101 89 89 0 10 4 4 1396 0 965356 11300939 089-aarxo 
71100 1.82452e+08 198 921476 0.00505051 100 100 0 12 0 0 1388 0 921476 11328029 100-abrvd 
71200 1.88744e+08 258 731565 0.00387597 92 92 0 11 0 0 1390 0 731565 11351607 092-aaqev 
71300 1.88744e+08 198 953251 0.00505051 94 94 0 14 0 0 1380 0 953251 11368887 094-abxsj 
71400 1.96038e+08 203.478 963428 0.00491456 100 100 0 10 0 0 1376 0 966335 11372424 100-absaq 
71500 1.95035e+08 196 995077 0.00510204 94 94 0 11 4 3 1377 0 995077 11387851 094-abxya 
71600 1.97132e+08 209 943217 0.00478469 99 99 0 10 0 0 1388 0 943217 11415214 099-abpai 
71700 1.71966e+08 201 855555 0.00497512 98 98 0 12 0 0 1411 0 855555 11444339 098-aaxxf 
71800 1.90841e+08 210 908766 0.0047619 97 97 0 11 0 0 1484 0 908766 11467695 097-abcyi 
71900 1.92938e+08 219 880995 0.00456621 95 95 0 13 4 3 1397 0 880995 11474136 095-abxuu 
72000 1.95035e+08 207 942199 0.00483092 99 99 0 10 0 0 1391 0 942199 11466759 099-abphk 
72100 1.95035e+08 220 886523 0.00454545 95 95 0 11 0 0 1404 0 886523 11514201 095-abyby 
72200 1.97132e+08 224 880055 0.00446429 95 95 0 12 6 4 1398 0 880055 11535948 095-abyes 
72300 1.82452e+08 208 877174 0.00480769 89 89 0 12 1 1 1389 0 877174 11520226 089-aasmw 
72400 1.76161e+08 193 912750 0.00518135 89 89 0 13 1 1 1433 0 912750 11555421 089-aassh 
72500 1.78258e+08 217 821465 0.00460829 88 88 0 19 5 5 1427 0 821465 11564717 088-abcji 
72600 1.82452e+08 182 1.00248e+06 0.00549451 88 88 0 11 4 4 1398 0 1.00248e+06 11612107 088-abcmx 
72700 1.80355e+08 198 910884 0.00505051 88 88 0 8 1 1 1436 0 910884 11624572 088-abcon 
72800 1.78258e+08 186 958376 0.00537634 88 88 0 11 1 0 1431 0 958376 11614342 088-abcni 
72900 1.74064e+08 187 930821 0.00534759 89 89 0 15 1 0 1429 0 930821 11661364 089-aatmp 
73000 1.84549e+08 183 1.00847e+06 0.00546448 89 89 0 14 0 0 1399 0 1.00847e+06 11663633 089-aatpf 
73100 1.80355e+08 186 969651 0.00537634 89 89 0 11 3 2 1423 0 969651 11688500 089-aatso 
73200 1.78258e+08 212 840839 0.00471698 93 93 0 10 0 0 1404 0 840839 11709087 093-abmiv 
73300 1.84549e+08 184 1.00299e+06 0.00543478 89 89 0 12 4 3 1403 0 1.00299e+06 11722695 089-aatxv 
73400 1.90841e+08 200 954204 0.005 99 99 0 11 3 3 1438 0 954204 11756130 099-abqnl 
73500 1.95035e+08 203 960764 0.00492611 94 94 0 16 4 2 1420 0 960764 11767186 094-accnf 
73600 1.80355e+08 186 969651 0.00537634 89 89 0 12 1 1 1433 0 969651 11788642 089-aauho 
73700 1.90841e+08 192 993963 0.00520833 94 94 0 12 1 1 1425 0 993963 11785261 094-accqx 
73800 1.84549e+08 182 1.01401e+06 0.00549451 89 89 0 11 1 0 1406 0 1.01401e+06 11822792 089-aauob 
73900 1.80355e+08 187 964466 0.00534759 88 88 0 13 4 3 1452 0 964466 11835243 088-abdjz 
74000 1.92938e+08 202 955139 0.0049505 94 94 0 11 2 1 1412 0 955139 11841947 094-acdez 
74100 1.78258e+08 184 968793 0.00543478 89 89 0 16 4 3 1443 0 968793 11859105 089-aauue 
74200 1.85565e+08 194.484 954132 0.00514183 93 93 0 14 4 1 1434 0 957162 11890284 093-abnpu 
74300 1.9396e+08 204.488 948513 0.0048903 100 100 0 11 2 1 1427 0 951391 11883732 100-abszy 
74400 1.82452e+08 191 955247 0.0052356 89 89 0 14 3 1 1447 0 955247 11919476 089-aaves 
74500 1.92286e+08 195.689 982605 0.00511017 95 95 0 10 4 2 1441 0 984377 11946761 095-acara 
74600 1.84549e+08 195 946407 0.00512821 96 96 0 11 4 3 1461 0 946407 11982494 096-abnpl 
74700 1.90841e+08 199 958999 0.00502513 93 93 0 10 0 0 1445 0 958999 11991631 093-abony 
74800 1.86647e+08 200 933233 0.005 92 92 0 11 2 2 1467 0 933233 12018198 092-aardi 
74900 1.76161e+08 187 942036 0.00534759 89 89 0 12 2 0 1466 0 942036 12031080 089-aaweh 
75000 1.76161e+08 182 967916 0.00549451 89 89 0 10 3 1 1457 0 967916 12021397 089-aawbw 
75100 1.91854e+08 204 940460 0.00490196 100 100 0 10 1 1 1447 0 945774 12056080 100-abtmd 
75200 1.80355e+08 194 929665 0.00515464 89 89 0 12 1 0 1469 0 929665 12075083 089-aawmx 
75300 1.86647e+08 191 977207 0.0052356 89 89 0 10 0 0 1474 0 977207 12113948 089-aawue 
75400 1.78258e+08 188 948180 0.00531915 90 90 0 12 0 0 1478 0 948180 12117028 090-aaooz 
75500 1.92938e+08 191 1.01015e+06 0.0052356 93 93 0 11 0 0 1481 0 1.01015e+06 12141070 093-abphi 
75600 1.76161e+08 186 947101 0.00537634 89 89 0 14 6 3 1474 0 947101 12157953 089-aaxdf 
75700 1.82452e+08 186 980926 0.00537634 89 89 0 13 1 1 1471 0 980926 12157631 089-aaxcz 
75800 2.16007e+08 220 981848 0.00454545 105 105 0 13 2 1 1498 0 981848 12187651 105-abhxb 
75900 1.78258e+08 188 948180 0.00531915 90 90 0 11 2 2 1486 0 948180 12209058 090-aaort 
76000 1.92938e+08 218 885037 0.00458716 93 93.0769 0 11 0 0 1460 0 885037 12220843 093-abqfd 
76100 1.71966e+08 185 929548 0.00540541 87 87 0 11 4 2 1484 0 929548 12245423 087-aaubu 
76200 1.92938e+08 203 950433 0.00492611 94 94 0 11 3 2 1459 0 950433 12271093 094-achzd 
76300 1.95035e+08 240 812646 0.00416667 94 94 0 10 0 0 1475 0 812646 12289531 094-acieh 
76400 1.95035e+08 217 898779 0.00460829 94 94 0 17 4 2 1470 0 898779 12292373 094-acigp 
76500 1.92938e+08 196 984377 0.00510204 94 94 0 11 1 1 1484 0 984377 12329848 094-acint 
76600 1.7262e+08 194.311 888359 0.00514641 87 87 0 10 1 0 1497 0 892634 12341725 087-aauec 
76700 1.76161e+08 185 952220 0.00540541 89 89 0 9 2 1 1503 0 952220 12367619 089-aaygl 
76800 1.95035e+08 194 1.00534e+06 0.00515464 94 94 0 12 0 0 1481 0 1.00534e+06 12381157 094-acjdt 
76900 1.88744e+08 193 977947 0.00518135 94 94 0 12 5 3 1485 0 977947 12396293 094-acjhf 
77000 1.82452e+08 227 803754 0.00440529 93 93 0 12 1 0 1481 0 803754 12404233 093-absfp 
77100 2.05521e+08 210 978671 0.0047619 100 100 0 13 1 0 1480 0 978671 12414081 100-abvef 
77200 1.92938e+08 194 994526 0.00515464 94 94 0 14 2 1 1481 0 994526 12436139 094-acjsz 
77300 1.90841e+08 190 1.00443e+06 0.00526316 93 93 0 10 2 0 1487 0 1.00443e+06 12476633 093-absyk 
77400 1.95035e+08 212 919977 0.00471698 105 105 0 11 4 3 1487 0 919977 12483850 105-abjcl 
77500 1.95035e+08 196 995077 0.00510204 94 94 0 16 0 0 1495 0 995077 12479429 094-ackfy 
77600 1.93681e+08 235.354 822928 0.00424893 96 96 0 13 0 0 1492 0 826420 12534244 096-abocc 
77700 1.92938e+08 196 984377 0.00510204 93 93 0 14 3 3 1489 0 984377 12540591 093-abtqf 
77800 1.95035e+08 221 882512 0.00452489 94 94 0 14 4 3 1503 0 882512 12562590 094-aclcu 
77900 1.84549e+08 189 976452 0.00529101 93 93 0 10 1 1 1500 0 976452 12589461 093-abtzg 
78000 1.90841e+08 191 999167 0.0052356 93 93 0 13 2 1 1504 0 999167 12574288 093-abtwe 
78100 1.88744e+08 190 993388 0.00526316 93 93 0 11 4 2 1511 0 993388 12618173 093-abujs 
78200 1.78258e+08 190 938200 0.00526316 90 90 0 11 1 1 1521 0 938200 12625677 090-aapmv 
78300 1.76161e+08 187 942036 0.00534759 89 89 0 12 2 0 1519 0 942036 12630309 089-aayxq 
78400 1.88744e+08 189 998644 0.00529101 93 93 0 12 3 3 1517 0 998644 12674117 093-abuyi 
78500 1.90841e+08 203 940103 0.00492611 99 99 0 10 0 0 1503 0 940103 12701725 099-abvmv 
78600 1.92938e+08 195 989426 0.00512821 94 94 0 13 3 2 1510 0 989426 12695410 094-acmkq 
78700 1.92938e+08 195 989426 0.00512821 94 94 0 10 0 0 1512 0 989426 12734059 094-acmsi 
78800 1.76161e+08 188 937025 0.00531915 88 88 0 18 5 2 1528 0 937025 12717228 088-abemr 
78900 1.88744e+08 199 948461 0.00502513 92 92 0 13 1 1 1512 0 948461 12766176 092-aasxh 
79000 1.88744e+08 200 943718 0.005 92 92 0 10 0 0 1519 0 943718 12787206 092-aatap 
79100 1.90841e+08 200 954204 0.005 92 92 0 12 0 0 1519 0 954204 12799130 092-aatcw 
79200 1.86647e+08 200 933233 0.005 99 99 0 11 1 1 1511 0 933233 12800504 099-abwjn 
79300 1.90841e+08 200 954204 0.005 92 92 0 12 4 2 1521 0 954204 12837830 092-aatis 
79400 1.76161e+08 188 937025 0.00531915 88 88 0 11 0 0 1532 0 937025 12841935 088-abevh 
79500 1.86647e+08 192 972117 0.00520833 93 93 0 14 2 1 1516 0 972117 12868962 093-abxtd 
79600 1.88744e+08 195 967916 0.00512821 93 93 0 11 3 1 1519 0 967916 12871350 093-abxtn 
79700 1.71966e+08 187 919607 0.00534759 88 88 0 13 3 2 1543 0 919607 12916664 088-abfcc 
79800 1.95035e+08 212 919977 0.00471698 105 105 0 15 4 1 1524 0 919977 12931938 105-abkuc 
79900 2.01327e+08 222 906877 0.0045045 99 99 0 14 1 1 1535 0 906877 12957223 099-abxlp 
80000 1.95035e+08 212 919977 0.00471698 105 105 0 10 6 4 1526 0 919977 12962876 105-abkxj 
80100 1.76161e+08 185 952220 0.00540541 88 88 0 10 2 1 1558 0 952220 12994527 088-abfns 
80200 1.90841e+08 202 944757 0.0049505 99 99 0 14 3 1 1534 0 944757 13007278 099-abxxl 
80300 1.90841e+08 194 983716 0.00515464 93 93 0 13 1 1 1555 0 983716 13033244 093-abzlq 
80400 1.92938e+08 195 989426 0.00512821 94 94 0 12 2 1 1547 0 989426 13022590 094-acpvo 
80500 1.86647e+08 192 972117 0.00520833 93 93 0 11 2 1 1539 0 972117 13020391 093-abzhq 
80600 1.95035e+08 206 946773 0.00485437 100 100 0 10 2 1 1557 0 946773 13048591 100-abxxh 
80700 1.74064e+08 187 930821 0.00534759 89 89 0 13 3 2 1571 0 930821 13103728 089-aazpu 
80800 1.84549e+08 195 946407 0.00512821 93 93 0 11 5 2 1566 0 946407 13099556 093-acagg 
80900 1.90841e+08 209 913114 0.00478469 94 94 0 10 2 2 1550 0 913114 13115244 094-acqsf 
81000 1.80355e+08 191 944267 0.0052356 90 90 0 11 1 1 1568 0 944267 13146923 090-aapxz 
81100 1.92938e+08 194 994526 0.00515464 94 94 0 9 4 0 1551 0 994526 13166683 094-acrew 
81200 1.92938e+08 194 994526 0.00515464 94 94 0 8 4 3 1546 0 994526 13118215 094-acqtl 
81300 1.92938e+08 217 889115 0.00460829 94 94 0 12 1 0 1553 0 889115 13212950 094-acrrd 
81400 1.88744e+08 198 953251 0.00505051 92 92 0 9 0 0 1564 0 953251 13229850 092-aauak 
81500 1.76161e+08 195 903389 0.00512821 88 88 0 9 1 0 1558 0 903389 13201558 088-abgbc 
81600 1.95035e+08 196 995077 0.00510204 95 95 0 9 0 0 1568 0 995077 13267007 095-acgiv 
81700 1.90841e+08 218 875417 0.00458716 93 93 0 11 3 3 1581 0 875417 13277936 093-accfp 
81800 1.84549e+08 193 956214 0.00518135 96 96 0 9 0 0 1571 0 956214 13283823 096-abotg 
81900 1.69869e+08 193 880152 0.00518135 94 94 0 10 1 0 1591 0 880152 13317171 094-acsxd 
82000 1.76161e+08 187 942036 0.00534759 88 88 0 12 2 1 1583 0 942036 13322110 088-abgio 
82100 1.74064e+08 189 920972 0.00529101 93 93 0 13 2 1 1591 0 920972 13359372 093-acdau 
82200 1.90841e+08 196 973678 0.00510204 93 93 0 12 2 2 1583 0 973678 13372100 093-acdff 
82300 1.92938e+08 218 885037 0.00458716 93 93 0 12 5 4 1582 0 885037 13387591 093-acdkv 
82400 1.99229e+08 198 1.00621e+06 0.00505051 96 96 0 9 1 1 1582 0 1.00621e+06 13401811 096-abozt 
82500 1.95035e+08 219 890571 0.00456621 113 113 0 10 1 0 1587 0 890571 13437751 113-aaiki 
82600 1.80355e+08 190 949237 0.00526316 93 93 0 12 2 1 1591 0 949237 13442870 093-acdxg 
82700 2.01327e+08 199 1.01169e+06 0.00502513 97 97 0 11 1 1 1585 0 1.01169e+06 13474239 097-abeub 
82800 1.71966e+08 185 929548 0.00540541 89 89 0 10 1 1 1609 0 929548 13471914 089-abaat 
82900 1.90841e+08 198 963843 0.00505051 92 92 0 10 0 0 1589 0 963843 13513154 092-aaunp 
83000 1.90841e+08 200 954204 0.005 92 92 0 10 5 2 1592 0 954204 13521511 092-aauof 
83100 1.92938e+08 195 989426 0.00512821 94 94 0 11 3 1 1596 0 989426 13540763 094-acvlc 
83200 1.99229e+08 198 1.00621e+06 0.00505051 96 96 0 9 0 0 1599 0 1.00621e+06 13564862 096-abppz 
83300 1.95035e+08 219 890571 0.00456621 95 95 0 10 0 0 1605 0 890571 13584285 095-acihp 
83400 1.97132e+08 199 990615 0.00502513 95 95 0 10 4 3 1588 0 990615 13596368 095-acikb 
83500 1.78258e+08 189 943164 0.00529101 89 89 0 12 0 0 1617 0 943164 13611767 089-abahc 
83600 2.09715e+08 210 998644 0.0047619 101 101 0 13 5 4 1622 0 998644 13604563 101-abpfm 
83700 1.86647e+08 196 952278 0.00510204 92 92 0 15 2 2 1601 0 952278 13654641 092-aauwf 
83800 1.92938e+08 195 989426 0.00512821 93 93 0 11 9 3 1612 0 989426 13672452 093-acffc 
83900 1.69869e+08 187 908392 0.00534759 90 90 0 10 2 1 1624 0 908392 13666234 090-aaqij 
84000 1.95035e+08 218 894657 0.00458716 94 94 0 10 2 1 1609 0 894657 13708006 094-acxiq 
84100 1.90054e+08 239.312 794156 0.00417865 98 98 0 10 0 0 1621 0 803908 13724286 098-abakk 
84200 1.99229e+08 227 877663 0.00440529 96 96 0 13 5 1 1619 0 877663 13739392 096-abqfy 
84300 1.88744e+08 192 983040 0.00520833 93 93 0 14 0 0 1617 0 983040 13747399 093-acful 
84400 1.69869e+08 187 908392 0.00534759 90 90 0 18 1 0 1628 0 908392 13721923 090-aaqkq 
84500 1.90841e+08 198 963843 0.00505051 93 93 0 15 5 5 1617 0 963843 13795251 093-acgja 
84600 1.86647e+08 195 957162 0.00512821 93 93 0 13 6 4 1622 0 957162 13812204 093-acgog 
84700 1.74064e+08 186 935826 0.00537634 88 88 0 10 2 1 1635 0 935826 13832009 088-abhev 
84800 1.88744e+08 218 865797 0.00458716 94 94 0 12 5 1 1628 0 865797 13840695 094-acynk 
84900 1.90841e+08 219 871419 0.00456621 94 94 0 17 9 4 1632 0 871419 13868895 094-acyue 
85000 1.88744e+08 241 783169 0.00414938 97 97 0 9 0 0 1630 0 783169 13874434 097-abgof 
85100 1.90841e+08 195 978671 0.00512821 94 94 0 11 1 1 1643 0 978671 13899814 094-aczcq 
85200 1.74064e+08 187 930821 0.00534759 90 90 0 14 2 1 1641 0 930821 13915327 090-aaqqx 
85300 1.80355e+08 199 906307 0.00502513 95 95 0 11 4 2 1646 0 906307 13934675 095-acjtz 
85400 2.01327e+08 211 954154 0.00473934 98 98 0 11 2 2 1639 0 954154 13962160 098-abarc 
85500 1.90841e+08 202 944757 0.0049505 93 93 0 13 4 3 1629 0 944757 13967944 093-acimc 
85600 1.76825e+08 188.317 938969 0.00531024 90 90 0 12 0 0 1646 0 943164 13993598 090-aaqtx 
85700 1.92938e+08 193 999679 0.00518135 93 93 0 12 3 0 1642 0 999679 14017635 093-acjgj 
85800 1.95035e+08 220 886523 0.00454545 107 107 0 11 4 3 1653 0 886523 14040819 107-aarmd 
85900 1.90841e+08 201 949457 0.00497512 92 92 0 11 6 3 1645 0 949457 14046507 092-aavvh 
86000 1.92938e+08 217 889115 0.00460829 93 93 0 12 7 4 1647 0 889115 14072181 093-ackke 
86100 1.92938e+08 194 994526 0.00515464 93 93 0 10 1 1 1644 0 994526 14071596 093-ackiy 
86200 1.90841e+08 193 988813 0.00518135 93 93 0 11 0 0 1648 0 988813 14091899 093-ackto 
86300 1.90841e+08 200 954204 0.005 93 93 0 10 1 0 1646 0 954204 14110501 093-aclcj 
86400 1.90841e+08 194 983716 0.00515464 93 93 0 10 2 0 1652 0 983716 14151657 093-aclwh 
86500 1.90841e+08 198 963843 0.00505051 92 92 0 13 5 4 1663 0 963843 14167332 092-aawfj 
86600 1.88744e+08 198 953251 0.00505051 92 92 0 14 1 1 1660 0 953251 14177530 092-aawgo 
86700 1.80355e+08 239 754624 0.0041841 90 90 0 13 2 2 1668 0 754624 14192393 090-aaqzh 
86800 1.90841e+08 216 883522 0.00462963 93 93 0 12 0 0 1660 0 883522 14222909 093-acnoz 
86900 1.90841e+08 194 983716 0.00515464 93 93 0 9 0 0 1654 0 983716 14217205 093-acnkr 
87000 1.92938e+08 196 984377 0.00510204 94 94 0 13 4 2 1662 0 984377 14245459 094-adche 
87100 1.92938e+08 193 999679 0.00518135 93 93 0 10 5 2 1679 0 999679 14260620 093-acokd 
87200 1.95035e+08 195 1.00018e+06 0.00512821 94 94 0 10 5 2 1679 0 1.00018e+06 14275401 094-adcpu 
87300 2.1391e+08 221 967916 0.00452489 105 105 0 11 0 0 1681 0 967916 14302998 105-abpat 
87400 1.88744e+08 193 977947 0.00518135 93 93 0 12 0 0 1674 0 977947 14327765 093-acpwl 
87500 1.92938e+08 201 959890 0.00497512 93 93 0 9 0 0 1675 0 959890 14342946 093-acqgh 
87600 1.92938e+08 199 969538 0.00502513 93 93 0 11 1 0 1669 0 969538 14343732 093-acqfq 
87700 2.20201e+08 220 1.00091e+06 0.00454545 108 108 0 11 3 3 1705 0 1.00091e+06 14381048 108-aaqxm 
87800 1.92938e+08 195 989426 0.00512821 94 94 0 11 1 1 1675 0 989426 14402726 094-addyi 
87900 1.76161e+08 188 937025 0.00531915 94 94 0 9 3 2 1700 0 937025 14420004 094-adedq 
88000 1.90841e+08 216 883522 0.00462963 93 93 0 9 1 0 1684 0 883522 14416581 093-acsbv 
88100 1.80355e+08 196 920179 0.00510204 93 93 0 11 0 0 1686 0 920179 14455764 093-acszj 
88200 1.90841e+08 218 875417 0.00458716 93 93 0 13 1 1 1686 0 875417 14458515 093-actbr 
88300 1.88744e+08 217 869787 0.00460829 93 93 0 10 6 2 1687 0 869787 14483122 093-actqf 
88400 1.97132e+08 224 880055 0.00446429 97 97 0 13 0 0 1698 0 880055 14488742 097-abgzs 
88500 1.90841e+08 192 993963 0.00520833 93 93 0 11 3 1 1697 0 993963 14522694 093-acujm 
88600 1.88e+08 197.645 951191 0.0050596 92 92 0 12 2 2 1711 0 953251 14531744 092-aaxtk 
88700 1.90841e+08 217 879451 0.00460829 92 92 0 16 0 0 1695 0 879451 14535561 092-aaxuh 
88800 1.84549e+08 211 874642 0.00473934 96 96 0 10 1 1 1710 0 874642 14587066 096-abqud 
88900 1.90841e+08 194 983716 0.00515464 94 94 0 9 0 0 1715 0 983716 14604895 094-adgqp 
89000 1.90841e+08 191 999167 0.0052356 93 93 0 13 3 2 1713 0 999167 14622270 093-acwgv 
89100 1.93581e+08 202.307 956864 0.00494302 93 93 0 13 5 4 1702 0 960764 14638617 093-acwrl 
89200 1.88744e+08 195 967916 0.00512821 93 93 0 13 3 1 1708 0 967916 14649366 093-acwxx 
89300 1.88744e+08 201 939023 0.00497512 99 99 0 10 2 1 1721 0 939023 14675396 099-accwi 
89400 1.92938e+08 218 885037 0.00458716 93 93 0 12 0 0 1708 0 885037 14689377 093-acxxv 
89500 1.88744e+08 188 1.00396e+06 0.00531915 94 94 0 9 0 0 1716 0 1.00396e+06 14692293 094-adhrd 
89600 2.18104e+08 218 1.00048e+06 0.00458716 107 107 0 10 0 0 1732 0 1.00048e+06 14724535 107-aasop 
89700 1.92938e+08 193 999679 0.00518135 94 94 0 13 3 2 1724 0 999679 14742244 094-adiid 
89800 1.97132e+08 198 995618 0.00505051 94 94 0 14 8 4 1732 0 995618 14763451 094-adipw 
89900 1.86647e+08 215 868123 0.00465116 93 93 0 10 1 1 1725 0 868123 14791403 093-adagk 
90000 1.92938e+08 194 994526 0.00515464 94 94 0 14 3 1 1711 0 994526 14788380 094-adiyk 
90100 1.88744e+08 191 988187 0.0052356 93 93 0 10 1 1 1749 0 988187 14823474 093-adavo 
90200 1.88744e+08 199 948461 0.00502513 93 93 0 12 2 1 1709 0 948461 14842300 093-adbeo 
90300 1.90841e+08 194 983716 0.00515464 94 94 0 11 2 2 1741 0 983716 14827864 094-adjog 
90400 1.90841e+08 192 993963 0.00520833 93 93 0 13 2 2 1759 0 993963 14871919 093-adbsy 
90500 1.90841e+08 191 999167 0.0052356 93 93 0 16 1 1 1743 0 999167 14886347 093-adcaq 
90600 2.18104e+08 221 986895 0.00452489 107 107 0 12 0 0 1750 0 986895 14914116 107-aatda 
90700 1.88744e+08 197 958090 0.00507614 92 92 0 11 0 0 1714 0 958090 14937222 092-aayua 
90800 1.95035e+08 198 985026 0.00505051 95 95 0 10 0 0 1741 0 985026 14955459 095-aclum 
90900 2.18104e+08 222 982450 0.0045045 106 106 0 9 0 0 1773 0 982450 14970059 106-abias 
91000 1.92938e+08 200 964690 0.005 94 94 0 10 2 1 1745 0 964690 14987568 094-adlhd 
91100 1.95035e+08 204 956055 0.00490196 95 95 0 12 4 2 1751 0 956055 15010614 095-aclyj 
91200 1.88744e+08 194 972906 0.00515464 93 93 0 12 6 3 1755 0 972906 15021366 093-adelm 
91300 1.88744e+08 190 993388 0.00526316 94 94 0 9 1 1 1749 0 993388 15040234 094-admaq 
91400 2.18104e+08 223 978044 0.0044843 106 106 0 9 1 0 1774 0 978044 15003402 106-abigp 
91500 1.90841e+08 193 988813 0.00518135 93 93 0 14 1 0 1749 0 988813 15069191 093-adffv 
91600 1.88744e+08 195 967916 0.00512821 92 92 0 15 6 3 1731 0 967916 15084591 092-aazfq 
91700 1.86647e+08 195 957162 0.00512821 92 92 0 10 2 1 1737 0 957162 15114537 092-aazhp 
91800 1.90841e+08 191 999167 0.0052356 94 94 0 10 1 1 1768 0 999167 15120641 094-adncj 
91900 1.90841e+08 196 973678 0.00510204 93 93 0 18 5 4 1761 0 973678 15156410 093-adhbj 
92000 1.90841e+08 188 1.01511e+06 0.00531915 94 94 0 15 3 1 1760 0 1.01511e+06 15142469 094-adnkw 
92100 1.90841e+08 235 812089 0.00425532 103 103 0 11 4 4 1763 0 812089 15183864 103-abowm 
92200 1.90841e+08 201 949457 0.00497512 93 93 0 12 1 0 1778 0 949457 15212561 093-adifs 
92300 1.90841e+08 192 993963 0.00520833 93 93 0 18 3 2 1786 0 993963 15218515 093-adikg 
92400 1.90841e+08 225 848181 0.00444444 105 105 0 13 0 0 1768 0 848181 15224572 105-abufu 
92500 1.95035e+08 195 1.00018e+06 0.00512821 94 94 0 9 0 0 1774 0 1.00018e+06 15265710 094-adoso 
92600 1.95035e+08 218 894657 0.00458716 103 103 0 11 4 3 1789 0 894657 15286176 103-abper 
92700 1.95035e+08 198 985026 0.00505051 94 94 0 11 4 1 1754 0 985026 15299889 094-adpbq 
92800 1.86647e+08 191 977207 0.0052356 93 93 0 11 0 0 1804 0 977207 15285895 093-adjxv 
92900 1.80355e+08 191 944267 0.0052356 94 94 0 16 1 1 1775 0 944267 15326907 094-adpij 
93000 1.80355e+08 191 944267 0.0052356 94 94 0 11 1 1 1775 0 944267 15326907 094-adpij 
93100 1.88744e+08 194 972906 0.00515464 93 93 0 11 0 0 1776 0 972906 15372644 093-adlsi 
93200 1.95035e+08 198 985026 0.00505051 94 94 0 11 1 1 1794 0 985026 15386532 094-adpws 
93300 1.90128e+08 210.66 902519 0.00474704 103 103 0 10 2 1 1785 0 904459 15397098 103-abpoe 
93400 1.86647e+08 225 829540 0.00444444 117 117 0 8 3 3 1821 0 829540 15427140 117-aamgb 
93500 2.01327e+08 200 1.00663e+06 0.005 96 96 0 10 4 2 1802 0 1.00663e+06 15458338 096-abreg 
93600 1.88744e+08 193 977947 0.00518135 93 93 0 10 0 0 1820 0 977947 15457647 093-adngp 
93700 1.90841e+08 197 968735 0.00507614 92 92 0 10 4 2 1773 0 968735 15479620 092-aazuo 
93800 1.88744e+08 215 877878 0.00465116 93 93 0 10 4 2 1790 0 877878 15505677 093-adnwd 
93900 1.92938e+08 212 910085 0.00471698 94 94 0 12 4 3 1833 0 910085 15514748 094-adrfi 
94000 1.86647e+08 192 972117 0.00520833 93 93 0 11 1 1 1827 0 972117 15524331 093-adocc 
94100 1.90841e+08 195 978671 0.00512821 94 94 0 11 1 1 1829 0 978671 15528887 094-adrka 
94200 1.92938e+08 192 1.00489e+06 0.00520833 94 94 0 10 0 0 1800 0 1.00489e+06 15583675 094-adscd 
94300 1.92938e+08 200 964690 0.005 95 95 0 12 3 0 1779 0 964690 15590328 095-acobf 
94400 1.90841e+08 195 978671 0.00512821 93 93 0 9 2 0 1827 0 978671 15597490 093-adpdm 
94500 1.92938e+08 195 989426 0.00512821 93 93 0 11 0 0 1848 0 989426 15631967 093-adpty 
94600 1.90841e+08 193 988813 0.00518135 93 93 0 12 0 0 1850 0 988813 15640972 093-adpzi 
94700 1.92938e+08 200 964690 0.005 93 93 0 11 1 1 1788 0 964690 15656305 093-adqee 
94800 1.86647e+08 189 987548 0.00529101 94 94 0 14 4 1 1804 0 987548 15670082 094-adswo 
94900 1.82452e+08 197 926153 0.00507614 92 92 0 12 4 4 1823 0 926153 15697215 092-abaoj 
95000 1.92938e+08 196 984377 0.00510204 93 93 0 11 5 2 1855 0 984377 15704308 093-adquh 
95100 1.90841e+08 195 978671 0.00512821 93 93 0 11 2 0 1854 0 978671 15732058 093-adrew 
95200 1.90841e+08 206 926412 0.00485437 93 93 0 10 4 3 1863 0 926412 15754190 093-adrns 
95300 1.95035e+08 194 1.00534e+06 0.00515464 95 95 0 12 2 1 1851 0 1.00534e+06 15777373 095-acozm 
95400 1.88744e+08 214 881980 0.0046729 93 93 0 12 2 1 1855 0 881980 15779424 093-adrys 
95500 1.90841e+08 192 993963 0.00520833 93 93 0 11 0 0 1822 0 993963 15808104 093-adspn 
95600 1.82452e+08 198 921476 0.00505051 92 92 0 12 3 1 1841 0 921476 15823594 092-abazw 
95700 2.16007e+08 216 1.00003e+06 0.00462963 105 105 0 14 3 2 1864 0 1.00003e+06 15852259 105-abxub 
95800 1.86647e+08 213 876275 0.00469484 93 93 0 11 1 0 1833 0 876275 15853122 093-adtfq 
95900 1.97132e+08 211 934276 0.00473934 96 96 0 10 6 2 1845 0 934276 15886449 096-absas 
96000 1.78258e+08 205 869551 0.00487805 88 88 0 9 1 0 1875 0 869551 15874834 088-abhra 
96100 1.92938e+08 195 989426 0.00512821 95 95 0 11 2 2 1858 0 989426 15873261 095-acpnp 
96200 1.90841e+08 192 993963 0.00520833 93 93 0 10 0 0 1879 0 993963 15941675 093-aduls 
96300 1.87644e+08 194.475 964863 0.00514207 93 93 0 13 2 1 1877 0 967916 15958052 093-aduqz 
96400 1.90841e+08 194 983716 0.00515464 93 93 0 10 0 0 1858 0 983716 15973878 093-aduwu 
96500 1.90841e+08 222 859643 0.0045045 93 93.0789 0 8 0 0 1860 0 859643 15999962 093-advfo 
96600 1.92938e+08 215 897386 0.00465116 103 103 0 15 1 1 1854 0 897386 15995236 103-abqre 
96700 1.95035e+08 197 990026 0.00507614 95 95 0 8 5 4 1883 0 990026 16022800 095-acqlb 
96800 1.95035e+08 198 985026 0.00505051 95 95 0 11 1 0 1846 0 985026 16057207 095-acqnq 
96900 1.88744e+08 204 925214 0.00490196 90 90 0 11 1 1 1857 0 925214 16061063 090-aarcu 
97000 1.95035e+08 197 990026 0.00507614 95 95 0 10 0 0 1886 0 990026 16086388 095-acqtu 
97100 1.86647e+08 190 982350 0.00526316 93 93 0 10 0 0 1875 0 982350 16109716 093-adwos 
97200 1.83476e+08 216.488 847505 0.00461921 93 93 0 8 0 0 1897 0 850458 16124439 093-adwti 
97300 1.88744e+08 189 998644 0.00529101 94 94 0 14 1 1 1869 0 998644 16146927 094-adwue 
97400 1.92938e+08 200 964690 0.005 92 92 0 11 2 2 1863 0 964690 16158722 092-abcal 
97500 1.90841e+08 199 958999 0.00502513 92 92 0 11 0 0 1865 0 958999 16165413 092-abcau 
97600 1.86647e+08 198 942659 0.00505051 92 92 0 15 2 2 1870 0 942659 16204781 092-abcea 
97700 1.97132e+08 199 990615 0.00502513 95 95 0 10 3 1 1872 0 990615 16215491 095-acruj 
97800 1.97132e+08 200 985661 0.005 95 95 0 12 4 4 1869 0 985661 16236123 095-acryy 
97900 1.84549e+08 196 941578 0.00510204 99 99 0 9 2 2 1896 0 941578 16259959 099-acemm 
98000 1.95035e+08 223 874597 0.0044843 95 95 0 13 2 2 1879 0 874597 16264632 095-acsfe 
98100 1.95035e+08 196 995077 0.00510204 94 94 0 11 1 0 1859 0 995077 16269349 094-adxxi 
98200 1.92938e+08 217 889115 0.00460829 94 94 0 8 3 1 1889 0 889115 16293755 094-adycw 
98300 1.95035e+08 218 894657 0.00458716 95 95 0 11 2 0 1873 0 894657 16322727 095-acsuj 
98400 1.88744e+08 200 943718 0.005 93 93 0 16 3 2 1886 0 943718 16337935 093-aeaat 
98500 1.84549e+08 198 932068 0.00505051 92 92 0 10 1 1 1885 0 932068 16355809 092-abcwo 
98600 1.90841e+08 200 954204 0.005 93 93 0 9 0 0 1890 0 954204 16356335 093-aealf 
98700 1.92938e+08 191 1.01015e+06 0.0052356 95 95 0 11 3 1 1875 0 1.01015e+06 16399582 095-actnv 
98800 2.20201e+08 227 970048 0.00440529 105 105 0 10 7 5 1915 0 970048 16420693 105-acbcx 
98900 1.90841e+08 201 949457 0.00497512 94 94 0 9 2 1 1895 0 949457 16435012 094-adzds 
99000 1.95035e+08 194 1.00534e+06 0.00515464 96 96 0 14 2 1 1921 0 1.00534e+06 16425453 096-abtrv 
99100 1.86647e+08 193 967080 0.00518135 93 93 0 12 2 2 1891 0 967080 16455452 093-aecop 
99200 1.92938e+08 206 936592 0.00485437 94 94 0 10 2 1 1898 0 936592 16492228 094-adzqr 
99300 1.90841e+08 193 988813 0.00518135 93 93 0 12 1 1 1892 0 988813 16514358 093-aedtp 
99400 1.84549e+08 192 961195 0.00520833 93 93 0 13 0 0 1893 0 961195 16521532 093-aedwz 
99500 1.90841e+08 217 879451 0.00460829 93 93 0 15 0 0 1904 0 879451 16541281 093-aeeft 
99600 1.92938e+08 195 989426 0.00512821 94 94 0 8 2 2 1905 0 989426 16549743 094-aeafv 
99700 1.95035e+08 205 951391 0.00487805 101 101 0 11 2 2 1903 0 951391 16590237 101-abrkx 
99800 2.01327e+08 210 958698 0.0047619 101 101 0 9 3 3 1911 0 958698 16602063 101-abrlu 
99900 1.88744e+08 197 958090 0.00507614 92 92 0 12 2 2 1904 0 958090 16616269 092-abedg 
100000 1.86647e+08 190 982350 0.00526316 93 93 0 10 2 1 1909 0 982350 16640659 093-aefql 
