# Avida tasks data
# Tue Oct 18 13:18:33 2016
# First column gives the current update, next columns give the number
# of organisms that have the particular task as a component of their merit
#  1: Update
#  2: Not
#  3: Nand
#  4: And
#  5: OrNot
#  6: Or
#  7: AndNot
#  8: Nor
#  9: Xor
# 10: Equals

0 0 0 0 0 0 0 0 0 0 
100 0 0 0 0 0 0 0 0 0 
200 0 0 0 0 0 0 0 0 0 
300 0 0 0 0 0 0 0 0 0 
400 0 0 0 0 0 0 0 0 0 
500 0 0 0 0 0 0 0 0 0 
600 2 0 0 0 0 0 0 0 0 
700 14 0 0 0 0 0 0 0 0 
800 33 0 0 0 0 0 0 0 0 
900 100 0 0 0 0 0 0 0 0 
1000 195 0 0 0 0 0 0 0 0 
1100 385 2 0 1 0 0 0 0 0 
1200 607 9 0 2 0 0 0 0 0 
1300 796 60 0 0 0 0 0 0 0 
1400 1110 160 0 5 0 0 0 0 0 
1500 1368 378 0 42 0 0 0 0 0 
1600 1659 511 0 334 0 0 0 0 0 
1700 1926 499 0 847 0 0 0 0 0 
1800 2238 448 0 1397 15 0 0 0 0 
1900 2291 389 0 1917 381 0 0 0 0 
2000 2361 317 0 2083 745 0 0 0 0 
2100 2482 291 0 2352 1327 0 0 0 0 
2200 2641 267 0 2556 1853 0 0 0 0 
2300 2743 230 0 2755 2317 0 0 0 0 
2400 2765 165 0 2814 2539 0 0 0 0 
2500 2828 131 0 2864 2736 0 5 0 0 
2600 2869 112 0 2881 2826 1 61 0 0 
2700 2840 83 0 2816 2895 11 153 0 0 
2800 2741 64 4 2553 2887 18 471 0 0 
2900 2801 50 3 2117 2870 17 878 0 0 
3000 2788 46 4 1621 2818 30 1346 0 0 
3100 2820 29 6 1145 2719 55 1754 0 0 
3200 2919 29 9 696 2735 48 2194 0 0 
3300 2993 21 14 490 2767 61 2421 0 0 
3400 3046 13 9 372 2728 92 2550 0 0 
3500 2999 14 14 445 2719 102 2680 0 0 
3600 3019 22 16 660 2756 103 2758 0 0 
3700 3001 13 16 1056 2742 122 2753 0 0 
3800 2972 13 15 1393 2804 88 2814 0 0 
3900 2989 12 10 1822 2826 72 2861 0 0 
4000 3037 13 14 2168 2900 55 2865 0 0 
4100 2951 10 9 2414 2874 49 2849 0 0 
4200 2922 14 15 2564 2802 74 2791 0 0 
4300 2976 17 17 2746 2821 107 2839 0 0 
4400 2991 10 11 2774 2808 86 2803 0 0 
4500 3033 15 15 2840 2869 92 2877 0 0 
4600 3029 25 23 2775 2808 80 2780 0 0 
4700 3034 11 11 2807 2830 97 2832 0 0 
4800 2997 8 5 2808 2797 95 2821 0 0 
4900 3019 15 16 2752 2762 97 2822 0 0 
5000 3051 15 18 2812 2804 113 2837 0 0 
5100 3024 17 19 2858 2830 98 2883 0 0 
5200 2944 21 20 2815 2764 106 2811 0 0 
5300 3027 16 17 2804 2783 91 2849 0 0 
5400 3014 5 4 2808 2809 95 2837 0 0 
5500 3080 13 20 2796 2778 141 2836 0 0 
5600 2989 12 16 2810 2772 148 2835 0 0 
5700 3080 12 16 2849 2736 190 2862 0 0 
5800 3022 22 17 2839 2749 164 2859 0 0 
5900 3088 72 15 2788 2799 168 2876 0 0 
6000 3067 171 22 2698 2780 245 2854 0 0 
6100 3068 280 17 2598 2730 334 2829 0 0 
6200 3047 384 15 2461 2763 449 2832 0 0 
6300 3095 515 17 2283 2819 594 2863 0 0 
6400 3060 625 27 2104 2846 799 2897 0 0 
6500 3078 474 28 2040 2817 1145 2882 0 0 
6600 3082 192 45 2067 2858 1673 2907 0 0 
6700 3100 78 58 2183 2849 2200 2895 0 0 
6800 3076 37 64 2338 2823 2587 2867 0 0 
6900 3083 23 57 2549 2946 2800 2966 0 0 
7000 3144 24 57 2698 2891 2944 2931 0 0 
7100 3131 33 71 2769 2875 3009 2896 0 0 
7200 3048 33 61 2901 2943 3074 2979 0 0 
7300 3143 22 49 2901 2917 3132 2953 0 0 
7400 3108 24 44 2856 2901 3110 2936 0 0 
7500 3210 19 33 2909 2957 3194 2955 0 0 
7600 3188 24 39 2879 2890 3142 2914 0 0 
7700 3221 27 40 2939 2936 3153 2962 0 0 
7800 3150 37 51 2882 2896 3181 2904 0 0 
7900 3148 31 53 2884 2924 3205 2950 0 0 
8000 3156 27 42 2885 2935 3165 2935 0 0 
8100 3201 28 62 2878 2915 3156 2944 0 0 
8200 3171 27 52 2926 2964 3134 2962 0 0 
8300 3187 32 40 2901 2948 3213 2934 0 0 
8400 3208 41 48 2914 2919 3194 2953 0 0 
8500 3133 23 52 2888 2916 3148 2910 0 0 
8600 3204 27 42 2882 2935 3209 2947 0 0 
8700 3173 25 60 2918 2949 3134 2958 0 0 
8800 3143 27 63 2862 2864 3139 2911 0 0 
8900 3215 36 63 2919 2949 3152 2993 0 0 
9000 3245 33 46 2881 2919 3210 2948 0 0 
9100 3207 85 38 2906 2947 3140 2968 0 0 
9200 3203 163 43 2914 2922 3191 2939 0 0 
9300 3212 296 51 2906 2905 3129 2939 0 0 
9400 3225 530 43 2860 2863 3217 2915 0 0 
9500 3231 744 47 2837 2853 3193 2874 0 0 
9600 3302 1101 273 2887 2912 3220 2952 0 0 
9700 3278 1618 851 2832 2882 3219 2898 0 0 
9800 3330 2153 1551 2896 2893 3257 2917 0 0 
9900 3334 2560 2113 2842 2908 3274 2893 0 0 
10000 3341 2905 2617 2814 2863 3261 2874 0 0 
10100 3377 3108 2894 2797 2856 3281 2870 0 0 
10200 3369 3187 3032 2865 2884 3280 2916 0 0 
10300 3346 3244 3113 2834 2906 3284 2882 0 0 
10400 3374 3265 3159 2812 2872 3292 2883 0 0 
10500 3421 3255 3187 2831 2880 3258 2872 0 0 
10600 3380 3267 3204 2832 2885 3289 2876 0 0 
10700 3362 3270 3180 2832 2868 3249 2864 0 1 
10800 3359 3260 3172 2782 2816 3254 2832 0 1 
10900 3351 3213 3155 2759 2796 3254 2812 0 1 
11000 3375 3279 3164 2829 2875 3251 2872 0 1 
11100 3334 3214 3149 2822 2841 3286 2871 0 0 
11200 3381 3269 3144 2795 2845 3303 2832 0 0 
11300 3363 3301 3181 2803 2879 3251 2875 0 0 
11400 3387 3282 3132 2816 2877 3296 2881 0 0 
11500 3403 3290 3176 2812 2887 3273 2878 0 0 
11600 3392 3277 3207 2849 2919 3264 2911 0 0 
11700 3402 3296 3189 2843 2915 3321 2894 0 0 
11800 3361 3252 3157 2817 2859 3255 2867 0 0 
11900 3389 3269 3149 2888 2894 3249 2925 0 0 
12000 3377 3280 3173 2908 2934 3309 2948 0 0 
12100 3337 3269 3148 2862 2912 3281 2913 0 0 
12200 3347 3297 3187 2863 2930 3270 2924 0 0 
12300 3391 3286 3153 2881 2917 3304 2915 0 0 
12400 3391 3244 3136 2853 2902 3266 2909 0 0 
12500 3368 3321 3232 2863 2918 3231 2924 0 0 
12600 3347 3301 3148 2796 2897 3300 2886 0 0 
12700 3372 3309 3166 2860 2907 3255 2923 0 0 
12800 3411 3268 3164 2865 2910 3326 2893 0 0 
12900 3374 3335 3169 2839 2874 3305 2856 0 0 
13000 3326 3317 3166 2874 2905 3325 2906 0 0 
13100 3356 3305 3205 2884 2961 3273 2965 0 0 
13200 3390 3324 3208 2896 2951 3317 2949 0 0 
13300 3350 3300 3169 2881 2924 3293 2912 0 0 
13400 3371 3281 3122 2799 2868 3302 2853 0 0 
13500 3369 3298 3176 2862 2888 3274 2924 0 0 
13600 3392 3327 3202 2894 2934 3341 2950 0 0 
13700 3385 3321 3207 2898 2937 3325 2940 0 0 
13800 3365 3250 3148 2882 2932 3310 2945 0 0 
13900 3350 3296 3156 2911 2975 3299 2973 0 0 
14000 3345 3327 3162 2895 2939 3304 2963 0 0 
14100 3372 3278 3159 2894 2922 3309 2923 0 0 
14200 3355 3282 3187 2909 2931 3313 2936 0 0 
14300 3346 3306 3120 2917 2958 3317 2962 0 0 
14400 3364 3317 3211 2924 2943 3315 2950 0 0 
14500 3410 3325 3165 2905 2935 3323 2896 0 0 
14600 3372 3307 3174 2893 2900 3286 2913 0 0 
14700 3395 3291 3195 2948 2977 3327 2973 0 0 
14800 3386 3357 3207 2922 2960 3346 2960 0 0 
14900 3381 3321 3162 2922 2950 3266 2945 0 0 
15000 3351 3323 3148 2851 2882 3303 2885 0 0 
15100 3344 3319 3199 2902 2958 3348 2974 0 0 
15200 3380 3301 3179 2909 2958 3301 2970 0 5 
15300 3380 3293 3212 2922 2956 3330 2963 0 0 
15400 3374 3288 3197 2941 2970 3364 2963 0 0 
15500 3366 3369 3226 2962 3019 3327 2995 0 0 
15600 3369 3382 3194 2965 3045 3349 3033 0 0 
15700 3378 3331 3224 2895 2974 3330 2976 0 0 
15800 3415 3320 3203 2956 2997 3331 2992 0 0 
15900 3403 3312 3216 2928 2984 3325 2966 0 0 
16000 3385 3261 3196 2889 2956 3306 2955 0 0 
16100 3380 3311 3213 2943 3027 3336 2994 0 0 
16200 3364 3306 3196 2995 3040 3327 3027 0 0 
16300 3403 3296 3163 2899 2952 3321 2936 0 0 
16400 3402 3260 3204 2910 2954 3316 2955 0 0 
16500 3413 3263 3193 2945 3018 3336 2997 0 0 
16600 3409 3331 3235 2914 2982 3258 2978 0 0 
16700 3380 3285 3182 2867 2916 3318 2914 0 0 
16800 3404 3258 3206 2913 2962 3312 2963 0 0 
16900 3415 3293 3222 2882 2972 3298 2956 0 0 
17000 3368 3269 3187 2834 2901 3290 2912 0 0 
17100 3403 3300 3213 2904 2943 3323 2960 0 0 
17200 3441 3280 3231 2935 3032 3315 3018 0 0 
17300 3425 3293 3227 2924 2990 3313 2980 0 0 
17400 3381 3307 3234 2920 2967 3303 2956 0 0 
17500 3398 3282 3207 2916 2978 3314 2982 0 0 
17600 3415 3325 3231 2928 2997 3335 2979 0 0 
17700 3416 3262 3202 2931 2973 3349 2971 0 0 
17800 3385 3340 3197 2919 2981 3330 2983 0 0 
17900 3408 3328 3220 2939 2989 3331 2981 0 0 
18000 3374 3304 3197 2855 2929 3277 2926 0 0 
18100 3374 3307 3202 2882 2930 3361 2921 0 0 
18200 3412 3307 3208 2887 2949 3316 2946 0 2 
18300 3442 3334 3245 2946 3009 3312 2987 0 0 
18400 3360 3299 3155 2899 2992 3303 2969 0 0 
18500 3393 3280 3167 2877 2936 3323 2928 0 0 
18600 3408 3265 3214 2872 2927 3329 2920 0 2 
18700 3429 3296 3190 2929 3003 3299 3018 0 0 
18800 3396 3311 3190 2950 2977 3329 3010 0 0 
18900 3415 3326 3210 2898 2914 3355 2957 0 0 
19000 3433 3306 3214 2962 3002 3312 2991 0 0 
19100 3429 3310 3224 2913 2959 3267 2981 0 0 
19200 3431 3315 3216 2871 2950 3297 2932 0 2 
19300 3428 3321 3219 2928 2968 3333 2983 0 0 
19400 3440 3329 3240 2900 2965 3291 2978 0 0 
19500 3392 3326 3194 2934 2979 3339 3009 0 0 
19600 3435 3353 3212 2913 2985 3315 2982 0 0 
19700 3433 3325 3232 2915 2978 3292 2970 0 0 
19800 3443 3297 3192 2876 2936 3298 2928 0 0 
19900 3400 3290 3223 2898 2968 3306 2964 0 1 
20000 3415 3298 3221 2948 3011 3333 2979 0 0 
20100 3411 3327 3228 2887 2921 3298 2920 0 0 
20200 3416 3341 3230 2926 2999 3300 2991 0 0 
20300 3398 3318 3237 2912 2962 3246 2945 0 0 
20400 3403 3307 3171 2910 2962 3308 2973 0 2 
20500 3426 3324 3198 2930 2976 3334 2972 0 0 
20600 3421 3344 3227 2843 2907 3332 2917 0 1 
20700 3435 3327 3193 2842 2935 3279 2935 0 0 
20800 3380 3318 3208 2904 2964 3320 2947 0 1 
20900 3429 3371 3231 2888 2973 3292 2964 0 0 
21000 3392 3359 3247 2892 2935 3310 2928 0 0 
21100 3415 3310 3215 2923 2975 3336 2978 0 0 
21200 3423 3341 3225 2884 2947 3302 2938 0 0 
21300 3437 3307 3196 2914 2983 3325 2988 0 0 
21400 3434 3352 3194 2902 2985 3334 2989 0 0 
21500 3408 3342 3191 2823 2899 3310 2904 0 0 
21600 3423 3331 3222 2894 2970 3312 2973 0 0 
21700 3410 3352 3226 2978 3016 3328 3033 0 0 
21800 3397 3294 3187 2930 2997 3281 2982 0 0 
21900 3423 3362 3220 2905 2963 3335 2962 0 0 
22000 3398 3322 3216 2893 2974 3343 2944 0 0 
22100 3396 3285 3178 2842 2931 3289 2920 0 0 
22200 3436 3328 3233 2951 2993 3306 2997 0 0 
22300 3445 3314 3186 2955 3019 3338 3014 0 0 
22400 3374 3280 3204 2873 2939 3354 2965 0 0 
22500 3419 3257 3182 2844 2930 3306 2921 0 0 
22600 3443 3301 3222 2913 2979 3296 2965 0 0 
22700 3401 3285 3203 2889 2971 3292 2965 0 0 
22800 3432 3306 3194 2846 2933 3298 2936 0 1 
22900 3425 3309 3190 2875 2961 3311 2931 0 0 
23000 3439 3296 3199 2901 2960 3330 2931 0 0 
23100 3378 3322 3178 2912 2955 3308 2937 0 0 
23200 3385 3322 3180 2929 2964 3300 2962 0 0 
23300 3418 3364 3208 2887 2972 3328 2967 0 0 
23400 3406 3347 3216 2906 2973 3328 2932 0 0 
23500 3397 3338 3171 2892 2975 3316 2957 0 0 
23600 3394 3334 3200 2919 2968 3319 2959 0 0 
23700 3437 3358 3201 2894 2978 3339 2932 0 0 
23800 3406 3358 3238 2885 2959 3305 2941 0 0 
23900 3412 3363 3203 2895 2934 3323 2944 0 0 
24000 3420 3336 3175 2967 3004 3343 2996 0 0 
24100 3391 3355 3185 2908 2967 3328 2935 0 0 
24200 3375 3325 3144 2872 2912 3313 2910 0 0 
24300 3406 3349 3203 2883 2962 3305 2946 0 0 
24400 3376 3326 3188 2882 2940 3331 2938 0 0 
24500 3387 3349 3158 2906 2938 3291 2953 0 0 
24600 3395 3386 3233 2959 3014 3293 2981 0 2 
24700 3367 3341 3178 2869 2932 3312 2939 0 2 
24800 3408 3338 3206 2918 2982 3313 2946 0 0 
24900 3423 3391 3236 2927 2989 3301 3003 0 0 
25000 3413 3383 3208 3009 3074 3353 3055 0 0 
25100 3403 3373 3179 2935 3021 3342 3012 0 0 
25200 3388 3364 3160 2910 2944 3326 2954 0 0 
25300 3419 3388 3202 2878 2935 3307 2955 0 0 
25400 3396 3370 3215 2901 2974 3304 2984 0 1 
25500 3375 3362 3193 2943 3024 3345 2997 0 0 
25600 3337 3340 3135 2853 2960 3332 2915 0 0 
25700 3420 3360 3207 2919 2967 3312 2983 0 0 
25800 3382 3386 3186 2976 3040 3326 2995 0 0 
25900 3413 3370 3198 2980 3005 3336 3002 0 0 
26000 3368 3361 3173 2838 2915 3280 2901 0 0 
26100 3402 3384 3217 2912 2987 3285 2971 0 0 
26200 3352 3365 3210 2939 3031 3334 3004 0 0 
26300 3368 3336 3201 2928 2998 3334 2985 0 0 
26400 3375 3373 3188 2946 3015 3325 2994 0 0 
26500 3412 3353 3240 2938 2997 3296 2996 0 0 
26600 3400 3379 3233 2940 3025 3295 3031 0 0 
26700 3361 3340 3147 2906 2976 3317 2960 0 0 
26800 3383 3389 3247 2953 3004 3297 3005 0 0 
26900 3376 3342 3208 2893 2980 3310 2970 0 0 
27000 3379 3350 3190 2929 3009 3320 3030 0 0 
27100 3384 3380 3208 2893 2972 3330 3004 0 0 
27200 3367 3371 3190 2958 3033 3320 3039 0 0 
27300 3376 3357 3205 2878 2993 3300 2982 0 0 
27400 3372 3379 3185 2845 2921 3301 2938 0 0 
27500 3377 3395 3233 2870 2950 3304 2958 0 1 
27600 3390 3376 3199 2880 2945 3283 2976 0 1 
27700 3396 3384 3212 2906 3001 3307 2972 0 0 
27800 3396 3401 3224 2860 2958 3302 2952 0 0 
27900 3368 3376 3178 2872 2986 3307 2972 0 0 
28000 3337 3361 3141 2870 2948 3320 2926 0 0 
28100 3391 3366 3186 2818 2921 3280 2909 0 0 
28200 3386 3388 3221 2895 2979 3339 2956 0 0 
28300 3384 3380 3190 2873 2972 3305 2933 0 0 
28400 3378 3404 3179 2917 3006 3315 2988 0 0 
28500 3399 3388 3196 2910 2990 3307 2966 0 0 
28600 3399 3350 3146 2925 3025 3348 3003 0 0 
28700 3404 3382 3182 2905 3008 3315 2992 0 0 
28800 3386 3400 3214 2881 2959 3308 2944 0 0 
28900 3345 3358 3162 2938 3008 3367 3028 0 1 
29000 3423 3330 3174 2920 2979 3319 2961 0 0 
29100 3363 3357 3170 2950 3028 3319 3013 0 0 
29200 3408 3386 3213 2941 3009 3336 2998 0 0 
29300 3391 3376 3186 2927 3007 3336 2968 0 1 
29400 3388 3318 3135 2973 3039 3369 3034 0 0 
29500 3417 3363 3221 2907 2994 3310 2982 0 2 
29600 3418 3380 3216 2951 2996 3338 2976 0 0 
29700 3378 3371 3184 2979 3038 3319 3036 0 0 
29800 3389 3344 3171 2947 3020 3330 3004 0 1 
29900 3393 3355 3214 2955 3009 3372 3021 0 0 
30000 3385 3332 3151 2921 2947 3359 2951 0 0 
30100 3393 3317 3184 2922 2971 3333 2980 0 3 
30200 3405 3352 3218 2967 3053 3326 3023 0 0 
30300 3393 3333 3174 2949 3011 3335 2978 0 3 
30400 3397 3362 3166 2966 3049 3380 3040 0 0 
30500 3389 3369 3208 2999 3048 3354 3040 0 0 
30600 3416 3376 3197 2963 2993 3337 3003 0 1 
30700 3389 3403 3198 2875 2924 3329 2938 0 2 
30800 3416 3384 3202 2913 3012 3340 2978 0 1 
30900 3431 3393 3222 2917 2979 3358 2978 0 0 
31000 3386 3374 3219 2949 2997 3353 2979 0 0 
31100 3371 3396 3189 2947 2979 3345 2976 0 0 
31200 3409 3387 3172 2926 3000 3341 2974 0 0 
31300 3399 3380 3187 2930 2990 3371 2979 0 0 
31400 3402 3367 3181 2923 2979 3374 2972 0 0 
31500 3400 3419 3216 2964 3031 3360 2991 0 2 
31600 3370 3363 3163 2912 2959 3337 2934 0 1 
31700 3392 3386 3203 2983 3018 3344 3002 0 0 
31800 3414 3380 3213 2959 2952 3370 2953 0 2 
31900 3412 3364 3188 2942 2959 3346 2969 0 0 
32000 3426 3382 3210 2999 3018 3357 3026 0 2 
32100 3409 3401 3216 2935 2984 3358 2995 0 2 
32200 3416 3407 3214 2972 3020 3381 2983 0 0 
32300 3385 3386 3199 2940 2991 3345 2966 0 0 
32400 3402 3416 3213 2991 3028 3379 3016 0 0 
32500 3432 3399 3224 2964 3004 3345 2990 0 0 
32600 3385 3387 3177 3022 3034 3371 3042 0 0 
32700 3415 3407 3227 2994 3045 3362 3026 0 0 
32800 3408 3356 3171 2966 2977 3349 2968 0 1 
32900 3416 3407 3248 2945 2987 3331 2979 0 0 
33000 3381 3355 3154 2981 3028 3353 3014 0 0 
33100 3396 3336 3164 2989 3033 3332 3014 0 0 
33200 3415 3356 3204 2938 2982 3340 2973 0 0 
33300 3420 3400 3204 2952 3003 3375 2987 0 3 
33400 3405 3402 3215 2985 3038 3341 3016 0 3 
33500 3431 3383 3217 3017 3036 3352 3031 0 4 
33600 3430 3396 3212 3007 3003 3352 3018 0 1 
33700 3447 3372 3213 2994 3007 3405 3034 0 0 
33800 3437 3364 3190 3008 3024 3358 3033 0 0 
33900 3399 3369 3169 2947 2993 3329 2988 0 1 
34000 3439 3389 3198 2995 3028 3355 3028 0 0 
34100 3443 3365 3183 2988 3028 3371 3023 0 0 
34200 3432 3391 3243 3028 3059 3353 3071 0 0 
34300 3394 3363 3149 3029 3056 3350 3067 0 0 
34400 3419 3363 3221 3018 3052 3368 3037 0 2 
34500 3435 3393 3236 3050 3074 3380 3037 0 2 
34600 3420 3378 3198 3026 3043 3327 3032 0 3 
34700 3440 3388 3214 3028 3023 3332 3041 0 0 
34800 3439 3422 3225 3022 3091 3377 3076 0 0 
34900 3408 3402 3233 2978 2981 3322 2996 0 0 
35000 3402 3368 3175 3009 3021 3336 3030 0 2 
35100 3422 3349 3138 3003 3027 3340 3031 0 1 
35200 3417 3375 3200 3063 3081 3397 3067 0 0 
35300 3406 3392 3199 3023 3034 3343 2999 0 1 
35400 3425 3370 3165 3050 3078 3346 3063 0 0 
35500 3370 3349 3142 3077 3082 3366 3084 0 3 
35600 3394 3333 3132 3031 3032 3336 3023 0 1 
35700 3402 3355 3172 3065 3070 3344 3037 0 1 
35800 3422 3350 3158 3016 3059 3372 3046 0 2 
35900 3432 3383 3164 3104 3131 3345 3097 0 2 
36000 3381 3358 3133 2994 3050 3351 3012 0 2 
36100 3411 3369 3197 3104 3126 3382 3133 0 2 
36200 3431 3406 3237 3063 3093 3367 3078 0 2 
36300 3404 3343 3154 3006 3036 3325 3035 0 1 
36400 3403 3343 3113 3018 3023 3345 3009 0 4 
36500 3408 3342 3145 3070 3118 3360 3084 0 2 
36600 3408 3385 3202 3062 3039 3368 3041 0 2 
36700 3398 3355 3176 3059 3065 3349 3049 0 1 
36800 3391 3346 3134 3050 3043 3317 3028 0 0 
36900 3433 3376 3207 3061 3080 3346 3081 0 1 
37000 3407 3347 3151 3031 3049 3310 3021 0 1 
37100 3389 3372 3211 3045 3044 3362 3048 0 3 
37200 3418 3374 3172 3098 3097 3360 3089 0 0 
37300 3444 3386 3198 3067 3050 3340 3043 0 5 
37400 3388 3379 3196 3089 3078 3360 3077 0 0 
37500 3381 3369 3166 3015 3034 3338 3018 0 0 
37600 3408 3355 3216 3033 3031 3362 3019 0 0 
37700 3400 3363 3216 3075 3073 3319 3029 0 4 
37800 3416 3371 3197 3068 3063 3371 3045 0 0 
37900 3420 3395 3214 3105 3091 3349 3078 0 6 
38000 3421 3357 3177 3076 3051 3369 3028 0 0 
38100 3429 3380 3208 3036 3034 3327 3031 0 1 
38200 3382 3352 3166 3039 3004 3325 3014 0 0 
38300 3391 3345 3161 3083 3053 3343 3022 0 0 
38400 3400 3363 3193 3095 3051 3333 3046 0 0 
38500 3411 3345 3158 3075 3051 3383 3054 0 2 
38600 3367 3372 3184 3049 3037 3338 3048 0 0 
38700 3413 3364 3230 2996 2996 3290 2989 0 3 
38800 3405 3336 3173 3046 3051 3328 3015 0 0 
38900 3406 3381 3191 3078 3026 3371 3035 0 0 
39000 3410 3388 3220 3099 3067 3365 3091 0 1 
39100 3420 3379 3199 3089 3073 3348 3086 0 3 
39200 3427 3338 3156 3060 3045 3338 3037 0 2 
39300 3380 3382 3177 3026 2988 3326 2982 0 1 
39400 3439 3400 3236 3048 3029 3315 3031 0 1 
39500 3439 3389 3171 3044 3015 3306 3008 0 1 
39600 3384 3346 3164 3027 3005 3320 3005 0 0 
39700 3415 3373 3192 3061 3033 3333 3018 0 1 
39800 3372 3360 3165 3081 3065 3331 3052 0 0 
39900 3434 3387 3187 3061 3033 3338 3045 0 1 
40000 3433 3365 3213 3085 3030 3321 3040 0 0 
40100 3418 3360 3189 3058 2995 3339 3004 0 2 
40200 3391 3341 3161 3013 2965 3284 2933 0 3 
40300 3410 3354 3177 3057 3009 3321 3010 0 1 
40400 3404 3378 3223 3109 3012 3346 3040 0 1 
40500 3405 3330 3159 3072 3052 3348 3054 0 3 
40600 3378 3334 3158 3062 2986 3314 3006 0 1 
40700 3450 3403 3241 3100 3047 3351 3037 0 1 
40800 3438 3377 3264 3124 3030 3337 3027 0 1 
40900 3393 3374 3171 3033 2996 3345 2987 0 22 
41000 3406 3355 3176 3147 2917 3311 2941 0 811 
41100 3396 3302 3170 3263 2946 3235 2954 0 1670 
41200 3455 3369 3273 3367 2908 3259 2918 0 2217 
41300 3415 3326 3209 3361 2861 3186 2873 0 2436 
41400 3459 3343 3277 3371 2922 3176 2924 0 2635 
41500 3452 3375 3284 3405 2926 3261 2900 0 2655 
41600 3433 3388 3296 3421 2929 3247 2927 0 2679 
41700 3428 3376 3274 3404 2929 3240 2915 0 2617 
41800 3422 3381 3257 3380 2946 3225 2944 0 2614 
41900 3455 3326 3274 3373 2909 3214 2913 0 2652 
42000 3445 3348 3267 3395 2872 3203 2884 0 2591 
42100 3411 3347 3242 3385 2927 3173 2935 0 2643 
42200 3397 3310 3204 3361 2862 3141 2881 0 2555 
42300 3449 3352 3241 3380 2980 3244 2995 0 2710 
42400 3439 3360 3236 3396 2928 3202 2935 0 2631 
42500 3442 3365 3264 3400 2930 3211 2932 0 2628 
42600 3438 3367 3272 3402 2958 3268 2946 0 2672 
42700 3407 3367 3245 3410 2967 3271 2967 0 2694 
42800 3452 3370 3267 3386 2931 3230 2910 0 2637 
42900 3462 3375 3278 3387 2963 3278 2974 0 2695 
43000 3416 3317 3210 3367 2937 3192 2945 0 2610 
43100 3446 3319 3231 3388 2924 3211 2907 0 2604 
43200 3409 3326 3195 3342 2878 3193 2903 0 2586 
43300 3435 3380 3268 3424 2882 3199 2892 0 2588 
43400 3432 3363 3280 3419 2977 3241 2981 0 2699 
43500 3431 3396 3288 3428 2932 3236 2945 0 2665 
43600 3450 3348 3216 3388 2909 3200 2925 0 2578 
43700 3432 3351 3292 3377 2928 3234 2970 0 2668 
43800 3439 3368 3290 3395 3008 3243 3002 0 2723 
43900 3410 3344 3236 3375 2928 3197 2942 0 2603 
44000 3395 3364 3238 3410 2942 3217 2987 0 2679 
44100 3413 3337 3215 3375 2945 3190 2946 0 2603 
44200 3431 3330 3229 3368 2965 3204 2980 0 2656 
44300 3404 3365 3235 3402 2909 3215 2936 0 2667 
44400 3471 3367 3259 3391 2933 3235 2934 0 2623 
44500 3422 3365 3273 3408 2959 3252 2969 0 2681 
44600 3452 3411 3280 3414 3004 3252 2995 0 2728 
44700 3432 3340 3231 3382 2906 3229 2898 0 2603 
44800 3443 3358 3239 3398 2974 3241 2998 0 2696 
44900 3418 3357 3262 3396 2900 3232 2923 0 2611 
45000 3432 3359 3261 3435 2971 3262 2984 0 2693 
45100 3425 3327 3228 3361 2940 3193 2951 0 2649 
45200 3462 3363 3257 3395 2952 3255 2966 0 2664 
45300 3410 3349 3241 3393 2926 3252 2934 0 2648 
45400 3438 3340 3244 3385 2990 3243 2984 0 2693 
45500 3441 3356 3286 3386 2976 3238 2971 0 2673 
45600 3420 3350 3225 3389 2941 3223 2954 0 2624 
45700 3442 3341 3238 3382 2960 3203 2975 0 2665 
45800 3440 3365 3260 3370 2977 3220 3002 0 2695 
45900 3443 3364 3282 3402 2929 3224 2952 0 2659 
46000 3423 3383 3297 3420 2990 3261 2989 0 2693 
46100 3436 3365 3257 3399 2975 3244 2979 0 2669 
46200 3423 3351 3207 3373 2941 3203 2937 0 2624 
46300 3428 3345 3246 3380 3016 3213 3019 0 2744 
46400 3407 3368 3256 3380 2968 3217 2958 0 2652 
46500 3444 3351 3241 3415 2979 3219 2991 0 2684 
46600 3403 3337 3217 3365 3009 3207 2992 0 2669 
46700 3445 3381 3263 3392 3032 3276 3032 0 2722 
46800 3396 3356 3257 3400 2970 3223 2991 0 2680 
46900 3421 3354 3250 3389 2979 3230 2984 0 2677 
47000 3454 3359 3289 3415 2993 3233 2979 0 2711 
47100 3447 3379 3283 3406 3008 3264 3013 0 2734 
47200 3423 3347 3247 3371 3015 3232 3005 0 2711 
47300 3422 3352 3265 3378 2961 3218 2994 0 2696 
47400 3429 3315 3246 3369 2900 3186 2950 0 2668 
47500 3430 3386 3261 3420 3034 3272 3066 0 2728 
47600 3419 3346 3225 3382 2962 3198 2982 0 2683 
47700 3388 3385 3253 3423 2996 3272 3006 0 2692 
47800 3417 3349 3270 3407 2964 3235 2963 0 2663 
47900 3398 3344 3230 3378 2951 3218 2948 0 2652 
48000 3414 3316 3223 3405 3002 3204 2998 0 2674 
48100 3386 3380 3240 3393 2966 3255 2971 0 2658 
48200 3438 3353 3241 3383 2968 3225 2969 0 2669 
48300 3394 3356 3241 3397 3030 3239 3022 0 2726 
48400 3379 3369 3258 3411 3025 3277 3021 0 2748 
48500 3445 3382 3256 3414 3017 3272 3013 0 2729 
48600 3399 3343 3288 3410 2982 3274 3016 0 2712 
48700 3367 3335 3190 3384 2977 3231 2967 0 2644 
48800 3431 3352 3246 3398 2981 3236 2986 0 2683 
48900 3413 3376 3248 3368 2970 3221 2978 0 2677 
49000 3414 3350 3244 3390 3019 3244 3006 0 2717 
49100 3385 3320 3191 3363 2966 3210 3002 0 2655 
49200 3414 3358 3234 3375 3009 3270 2980 0 2673 
49300 3387 3373 3231 3400 2930 3246 2946 0 2643 
49400 3453 3404 3308 3428 3006 3310 3019 0 2739 
49500 3435 3370 3259 3421 3001 3277 3008 0 2699 
49600 3415 3353 3205 3373 2947 3222 2981 0 2668 
49700 3405 3365 3245 3391 3009 3242 3013 0 2681 
49800 3407 3337 3232 3366 2998 3233 2987 0 2708 
49900 3431 3335 3245 3377 3011 3221 2973 0 2708 
50000 3419 3348 3239 3385 3012 3238 3012 0 2746 
50100 3448 3362 3219 3373 2980 3236 2981 0 2683 
50200 3423 3354 3187 3366 2973 3209 2982 0 2656 
50300 3421 3334 3207 3380 2976 3222 2992 0 2667 
50400 3438 3364 3237 3429 3010 3257 3018 0 2704 
50500 3420 3365 3225 3392 3002 3256 3040 0 2749 
50600 3443 3362 3236 3406 3035 3260 3017 0 2732 
50700 3440 3361 3239 3387 2996 3263 3008 0 2715 
50800 3414 3348 3209 3392 3031 3224 3015 0 2719 
50900 3424 3332 3212 3396 2949 3195 2937 1 2642 
51000 3436 3390 3245 3431 3010 3261 3002 0 2703 
51100 3406 3349 3214 3403 3018 3242 2997 0 2686 
51200 3428 3386 3243 3429 3019 3262 3019 0 2725 
51300 3421 3400 3266 3416 3022 3253 3010 0 2741 
51400 3438 3359 3243 3424 2996 3245 2988 0 2683 
51500 3425 3359 3214 3406 2998 3231 3011 0 2686 
51600 3417 3364 3195 3360 3004 3249 2991 0 2673 
51700 3415 3381 3219 3415 3009 3261 2995 0 2683 
51800 3408 3329 3231 3375 3000 3199 2986 0 2681 
51900 3441 3364 3245 3416 3042 3258 3019 0 2728 
52000 3416 3362 3231 3393 2984 3202 2996 0 2696 
52100 3403 3349 3213 3368 2975 3238 2952 0 2635 
52200 3417 3373 3252 3426 2971 3242 2978 0 2680 
52300 3407 3389 3268 3443 3060 3264 3058 0 2775 
52400 3395 3354 3191 3394 2999 3249 3006 0 2669 
52500 3394 3354 3221 3398 3002 3214 2998 0 2666 
52600 3417 3375 3228 3425 2978 3269 2999 0 2692 
52700 3410 3371 3244 3398 3034 3261 3022 0 2721 
52800 3408 3350 3227 3390 3033 3236 3038 0 2734 
52900 3431 3377 3259 3394 2991 3268 2977 0 2706 
53000 3407 3334 3223 3401 3012 3234 2980 0 2692 
53100 3424 3380 3226 3403 3048 3283 3032 0 2710 
53200 3419 3371 3222 3401 3023 3249 3007 0 2683 
53300 3430 3346 3230 3407 3016 3224 2987 0 2710 
53400 3410 3386 3260 3420 3043 3300 3024 0 2734 
53500 3412 3350 3247 3398 2995 3226 2993 0 2650 
53600 3447 3375 3239 3412 2994 3235 2951 0 2686 
53700 3411 3346 3197 3375 3029 3221 3039 0 2700 
53800 3422 3366 3240 3403 3020 3239 3017 0 2709 
53900 3412 3368 3228 3403 2979 3237 2975 0 2692 
54000 3396 3352 3226 3399 3006 3265 3009 0 2669 
54100 3419 3331 3239 3398 2942 3223 2942 0 2631 
54200 3404 3390 3254 3433 3020 3274 2994 0 2719 
54300 3430 3313 3219 3409 2976 3225 2963 0 2644 
54400 3427 3382 3247 3424 3015 3267 2978 0 2694 
54500 3456 3328 3243 3399 3016 3192 2991 0 2705 
54600 3418 3368 3239 3409 3059 3279 3019 0 2712 
54700 3425 3341 3215 3413 3004 3242 2977 0 2690 
54800 3411 3372 3238 3389 3000 3266 2969 0 2682 
54900 3436 3336 3232 3395 3008 3254 2997 0 2662 
55000 3391 3347 3229 3425 3012 3232 3007 0 2690 
55100 3423 3317 3207 3391 2978 3230 2975 0 2627 
55200 3397 3346 3245 3395 3014 3216 2997 0 2687 
55300 3447 3374 3259 3410 2975 3223 2968 0 2665 
55400 3430 3359 3228 3395 3019 3262 3018 0 2736 
55500 3450 3339 3209 3395 2944 3226 2942 0 2662 
55600 3418 3340 3219 3391 3011 3206 2998 0 2683 
55700 3419 3373 3254 3431 2963 3242 2955 0 2677 
55800 3404 3319 3184 3373 2952 3180 2938 0 2630 
55900 3415 3367 3221 3387 3013 3217 2996 0 2671 
56000 3429 3369 3247 3408 3021 3267 3016 0 2736 
56100 3442 3321 3233 3381 2983 3204 2965 0 2699 
56200 3426 3328 3223 3379 3042 3235 3006 0 2717 
56300 3403 3342 3220 3393 2975 3228 2958 0 2666 
56400 3407 3378 3247 3409 3032 3241 3017 0 2691 
56500 3419 3319 3199 3379 2979 3198 2966 0 2643 
56600 3396 3332 3200 3391 3004 3238 2966 0 2662 
56700 3436 3356 3239 3391 2995 3232 2984 0 2671 
56800 3416 3368 3251 3409 3065 3236 3044 0 2773 
56900 3396 3378 3269 3409 3024 3262 3028 0 2776 
57000 3427 3359 3228 3395 2999 3235 2992 0 2695 
57100 3440 3387 3245 3444 3003 3293 3000 0 2692 
57200 3454 3373 3246 3430 3013 3235 3011 0 2718 
57300 3422 3354 3194 3385 2966 3214 2939 0 2608 
57400 3456 3388 3254 3442 3036 3258 3017 0 2736 
57500 3418 3367 3234 3415 2949 3259 2930 0 2665 
57600 3425 3372 3211 3407 2985 3242 2963 0 2661 
57700 3414 3326 3210 3375 2904 3217 2882 0 2600 
57800 3436 3358 3220 3409 2965 3226 2977 0 2654 
57900 3432 3343 3225 3423 3062 3264 3040 0 2740 
58000 3434 3340 3218 3383 2988 3208 2943 0 2664 
58100 3434 3365 3259 3405 3071 3291 3026 0 2744 
58200 3436 3349 3250 3425 2975 3236 2980 0 2667 
58300 3444 3387 3263 3437 3049 3286 3032 0 2741 
58400 3427 3334 3202 3378 3016 3226 2987 0 2680 
58500 3423 3358 3256 3408 3029 3249 3012 0 2689 
58600 3389 3354 3200 3373 2998 3225 2977 0 2648 
58700 3433 3371 3258 3428 3014 3299 2986 0 2686 
58800 3436 3379 3239 3397 2980 3254 2968 0 2677 
58900 3433 3361 3217 3423 2980 3210 2955 0 2670 
59000 3454 3378 3265 3419 3041 3305 3026 0 2751 
59100 3405 3364 3200 3400 2977 3210 2998 0 2643 
59200 3409 3352 3255 3411 3028 3278 2965 0 2713 
59300 3410 3373 3241 3401 3007 3254 2977 0 2673 
59400 3432 3368 3245 3423 3039 3256 3024 0 2745 
59500 3428 3366 3223 3421 2977 3243 2974 0 2686 
59600 3412 3365 3250 3395 2991 3257 2995 0 2708 
59700 3463 3361 3253 3403 3007 3234 2985 0 2715 
59800 3410 3356 3238 3417 2997 3234 2982 0 2677 
59900 3402 3363 3239 3411 3053 3261 3032 0 2723 
60000 3387 3371 3240 3405 3031 3253 3001 0 2720 
60100 3410 3378 3250 3390 2970 3245 2948 0 2677 
60200 3418 3353 3197 3372 2973 3188 2942 0 2631 
60300 3429 3348 3236 3391 3010 3250 2967 0 2686 
60400 3431 3330 3205 3350 2927 3199 2949 0 2629 
60500 3422 3373 3222 3394 3006 3236 3014 0 2689 
60600 3418 3356 3234 3407 3042 3235 3042 0 2732 
60700 3396 3347 3203 3379 3010 3217 2990 0 2705 
60800 3424 3342 3202 3384 2961 3228 2956 0 2630 
60900 3425 3355 3259 3396 3022 3262 2994 0 2687 
61000 3413 3379 3250 3430 3007 3278 3000 0 2682 
61100 3410 3376 3236 3401 3006 3258 2985 0 2672 
61200 3384 3362 3228 3400 3055 3293 3030 0 2705 
61300 3387 3369 3242 3398 2993 3245 2988 0 2684 
61400 3388 3365 3258 3415 3030 3256 3013 0 2710 
61500 3420 3376 3237 3427 3023 3241 3006 0 2691 
61600 3424 3365 3221 3393 3006 3247 3000 0 2657 
61700 3405 3368 3251 3386 3079 3235 3023 0 2702 
61800 3379 3373 3228 3423 3009 3245 2984 0 2679 
61900 3380 3367 3230 3435 3019 3252 3028 0 2689 
62000 3403 3376 3244 3417 3036 3211 3018 0 2703 
62100 3404 3367 3259 3405 2977 3243 2952 0 2697 
62200 3390 3341 3242 3387 2979 3207 2962 0 2656 
62300 3417 3363 3264 3389 3028 3247 3009 0 2737 
62400 3376 3335 3232 3400 3026 3233 3007 0 2711 
62500 3391 3311 3213 3386 3031 3231 2987 0 2727 
62600 3398 3355 3251 3401 2980 3234 2974 0 2666 
62700 3431 3379 3246 3412 3023 3262 3009 0 2728 
62800 3395 3355 3251 3403 3011 3242 3000 0 2739 
62900 3402 3356 3206 3397 3024 3207 2977 0 2674 
63000 3399 3347 3213 3387 3001 3234 2989 0 2695 
63100 3435 3380 3225 3401 3023 3206 3014 0 2697 
63200 3413 3372 3235 3430 2986 3245 2979 0 2662 
63300 3374 3359 3232 3389 2994 3255 2969 0 2647 
63400 3417 3379 3251 3414 3036 3254 3039 0 2729 
63500 3401 3384 3214 3387 2993 3236 2973 0 2649 
63600 3427 3359 3235 3395 3021 3220 2986 0 2702 
63700 3405 3337 3231 3394 2999 3232 2997 0 2678 
63800 3421 3378 3255 3401 3014 3278 3001 0 2727 
63900 3400 3376 3248 3397 2993 3243 2999 0 2701 
64000 3378 3385 3178 3400 3036 3249 3027 0 2672 
64100 3393 3368 3242 3377 2972 3233 2942 0 2621 
64200 3378 3352 3191 3359 2994 3228 2985 0 2649 
64300 3439 3384 3227 3395 3006 3229 3017 0 2700 
64400 3393 3390 3227 3413 3052 3279 3061 0 2731 
64500 3409 3370 3220 3387 2961 3224 2974 0 2639 
64600 3372 3378 3214 3388 3045 3226 3016 0 2707 
64700 3366 3359 3199 3379 2985 3217 2979 0 2627 
64800 3394 3380 3217 3418 2986 3263 2998 0 2689 
64900 3397 3384 3232 3435 3060 3269 3061 0 2753 
65000 3435 3379 3256 3427 2964 3261 2983 0 2688 
65100 3434 3350 3199 3383 2992 3236 2990 0 2659 
65200 3396 3349 3217 3383 3007 3203 2989 0 2684 
65300 3400 3359 3219 3394 2990 3212 3002 0 2688 
65400 3410 3364 3240 3417 3028 3256 3013 0 2744 
65500 3397 3344 3214 3362 3019 3206 3026 0 2693 
65600 3426 3374 3250 3392 3043 3257 3035 0 2752 
65700 3406 3344 3214 3385 2980 3231 2982 0 2685 
65800 3448 3378 3231 3399 3008 3260 3006 0 2711 
65900 3429 3377 3244 3406 2971 3233 2965 0 2662 
66000 3413 3360 3236 3384 3009 3227 3014 0 2737 
66100 3390 3332 3194 3382 2986 3220 2982 0 2664 
66200 3396 3388 3255 3404 3003 3267 3009 0 2717 
66300 3411 3353 3223 3396 2990 3233 2974 0 2689 
66400 3424 3375 3230 3396 3003 3254 2989 0 2665 
66500 3423 3402 3258 3442 3095 3321 3085 0 2761 
66600 3405 3394 3252 3411 3057 3256 3025 0 2717 
66700 3432 3359 3211 3387 2995 3254 2971 0 2646 
66800 3407 3369 3252 3417 3027 3263 3015 0 2732 
66900 3421 3381 3218 3406 2976 3216 2996 0 2679 
67000 3416 3414 3301 3424 3042 3294 3032 0 2784 
67100 3416 3380 3229 3385 3020 3253 3019 0 2725 
67200 3418 3374 3208 3407 3013 3246 2979 0 2648 
67300 3428 3393 3246 3387 3030 3271 3035 0 2728 
67400 3412 3385 3269 3394 2990 3246 2992 0 2692 
67500 3403 3357 3230 3359 3025 3250 3035 0 2727 
67600 3437 3334 3215 3397 3017 3217 3032 0 2709 
67700 3407 3343 3213 3380 3025 3237 3008 0 2713 
67800 3413 3385 3220 3415 3004 3254 2993 0 2668 
67900 3367 3360 3186 3387 2973 3224 2971 0 2664 
68000 3427 3363 3252 3397 2999 3248 2990 0 2712 
68100 3433 3332 3203 3331 3008 3226 2986 0 2671 
68200 3437 3401 3233 3420 3003 3268 2992 0 2674 
68300 3442 3352 3233 3392 2961 3231 2987 0 2717 
68400 3414 3397 3256 3407 2958 3269 2944 0 2649 
68500 3425 3354 3222 3388 3000 3231 2999 0 2659 
68600 3404 3370 3242 3414 3021 3259 3006 0 2700 
68700 3459 3401 3281 3409 3009 3264 2986 0 2712 
68800 3464 3365 3221 3375 2996 3262 3016 0 2708 
68900 3449 3343 3222 3355 2986 3241 2963 0 2669 
69000 3442 3372 3236 3409 2997 3238 2972 0 2684 
69100 3419 3329 3177 3370 2997 3211 3009 0 2661 
69200 3435 3348 3219 3392 2977 3246 2965 0 2659 
69300 3436 3358 3219 3380 2971 3240 2973 0 2671 
69400 3442 3333 3222 3367 3003 3235 3007 0 2714 
69500 3431 3381 3282 3406 2982 3264 2966 0 2752 
69600 3421 3379 3256 3417 3007 3252 3002 0 2720 
69700 3455 3397 3272 3409 3014 3280 3022 0 2724 
69800 3429 3364 3232 3394 3025 3256 3007 0 2746 
69900 3446 3371 3266 3408 3015 3258 2982 0 2747 
70000 3451 3376 3222 3401 2990 3261 2967 0 2643 
70100 3445 3366 3244 3384 3024 3267 2997 0 2707 
70200 3449 3374 3255 3421 3004 3259 2992 0 2744 
70300 3445 3353 3223 3393 2979 3227 2986 0 2697 
70400 3446 3357 3237 3393 3055 3255 3032 0 2711 
70500 3414 3385 3239 3387 3007 3265 2982 0 2644 
70600 3441 3384 3251 3405 2997 3247 2975 0 2701 
70700 3426 3371 3216 3398 3009 3244 3007 0 2688 
70800 3402 3347 3203 3381 2981 3217 2987 0 2674 
70900 3442 3357 3213 3386 2993 3236 2976 0 2691 
71000 3434 3363 3219 3388 2986 3247 2958 0 2652 
71100 3411 3371 3189 3383 3033 3250 3021 0 2701 
71200 3457 3369 3237 3414 3019 3251 3008 0 2704 
71300 3465 3346 3222 3384 3005 3239 2997 0 2696 
71400 3451 3341 3226 3362 3039 3234 3037 0 2724 
71500 3426 3366 3265 3415 3002 3230 3009 0 2729 
71600 3443 3353 3282 3414 3021 3277 3017 0 2730 
71700 3434 3335 3209 3374 2960 3219 2962 0 2669 
71800 3432 3345 3228 3396 3035 3233 3021 0 2703 
71900 3457 3351 3248 3394 2993 3211 2987 0 2696 
72000 3439 3388 3213 3387 3034 3268 3006 0 2726 
72100 3436 3357 3225 3387 2974 3283 2966 0 2691 
72200 3417 3368 3234 3415 2985 3274 2974 0 2677 
72300 3461 3375 3239 3403 3002 3256 3000 0 2715 
72400 3450 3353 3223 3384 2995 3229 2981 0 2693 
72500 3423 3346 3187 3358 3023 3219 3023 0 2713 
72600 3406 3349 3220 3403 3001 3260 2983 0 2653 
72700 3404 3353 3198 3386 3008 3249 2980 0 2663 
72800 3445 3384 3250 3439 3058 3319 3084 0 2793 
72900 3457 3364 3221 3392 2979 3257 2980 0 2668 
73000 3445 3367 3222 3389 3024 3258 3013 0 2713 
73100 3436 3367 3233 3377 2982 3244 2974 0 2700 
73200 3450 3358 3225 3374 2991 3241 2996 0 2704 
73300 3435 3359 3230 3380 3002 3225 2983 0 2710 
73400 3459 3353 3231 3392 3002 3267 2985 0 2718 
73500 3427 3361 3224 3395 3003 3265 3004 0 2684 
73600 3428 3375 3189 3403 3035 3242 2993 0 2659 
73700 3445 3350 3188 3376 2982 3261 2980 0 2655 
73800 3441 3362 3222 3389 2989 3264 2983 0 2685 
73900 3428 3353 3202 3388 2990 3225 2981 0 2698 
74000 3435 3372 3225 3408 3027 3276 2989 0 2684 
74100 3474 3359 3227 3422 2997 3286 2986 0 2699 
74200 3456 3383 3229 3407 3030 3259 3043 0 2757 
74300 3446 3382 3233 3422 2993 3268 3002 0 2676 
74400 3449 3388 3256 3455 3020 3279 3002 0 2714 
74500 3451 3328 3210 3369 3017 3231 3027 0 2677 
74600 3455 3356 3213 3398 2986 3257 2976 0 2654 
74700 3439 3341 3210 3387 3031 3257 3018 0 2708 
74800 3458 3356 3176 3402 3016 3261 2992 0 2650 
74900 3490 3340 3233 3389 2998 3237 2987 0 2703 
75000 3460 3346 3194 3372 3008 3250 3014 0 2645 
75100 3455 3361 3188 3372 3035 3264 3008 0 2710 
75200 3457 3356 3237 3403 3015 3246 3005 2 2716 
75300 3435 3348 3227 3389 2983 3246 2993 0 2674 
75400 3434 3364 3245 3394 3004 3266 2998 0 2707 
75500 3429 3362 3212 3385 3036 3266 3004 0 2738 
75600 3459 3357 3239 3398 3027 3286 2987 0 2705 
75700 3446 3353 3225 3383 3017 3250 3023 0 2720 
75800 3439 3346 3180 3372 2965 3242 2958 0 2651 
75900 3463 3362 3263 3378 3075 3267 3050 2 2771 
76000 3436 3331 3222 3406 3008 3250 3003 0 2701 
76100 3463 3359 3205 3375 3031 3237 3008 0 2706 
76200 3418 3324 3174 3361 2975 3227 2946 0 2652 
76300 3435 3359 3214 3389 3021 3274 3013 0 2699 
76400 3463 3370 3234 3399 3008 3248 2990 0 2680 
76500 3427 3359 3220 3395 3009 3269 2999 0 2722 
76600 3447 3380 3244 3400 3010 3265 3032 0 2728 
76700 3436 3304 3214 3334 3011 3222 3009 0 2685 
76800 3452 3367 3198 3380 3002 3253 2977 0 2679 
76900 3440 3381 3267 3414 2982 3282 3028 0 2697 
77000 3421 3345 3168 3365 3014 3239 3013 0 2656 
77100 3453 3330 3214 3385 3002 3246 2981 0 2692 
77200 3484 3326 3193 3365 2998 3244 2978 0 2650 
77300 3454 3323 3199 3393 3014 3217 2992 0 2658 
77400 3440 3345 3207 3380 3017 3259 3020 0 2729 
77500 3471 3360 3227 3391 3052 3248 3053 0 2741 
77600 3478 3351 3255 3395 3019 3284 3015 0 2737 
77700 3449 3351 3236 3380 3014 3254 3014 0 2710 
77800 3476 3341 3220 3383 3059 3257 3039 0 2750 
77900 3443 3354 3186 3386 3047 3253 3030 0 2728 
78000 3459 3354 3201 3391 3053 3279 3024 0 2692 
78100 3442 3367 3213 3368 3058 3293 3042 0 2704 
78200 3460 3382 3239 3393 3034 3269 3007 0 2712 
78300 3461 3375 3218 3397 3021 3285 2994 0 2718 
78400 3447 3321 3233 3371 2983 3255 2991 0 2671 
78500 3419 3357 3244 3392 3031 3276 3023 0 2753 
78600 3462 3340 3234 3383 2996 3262 3011 0 2696 
78700 3441 3382 3239 3404 3052 3249 3052 0 2747 
78800 3445 3403 3244 3403 3041 3294 3027 0 2713 
78900 3441 3356 3190 3382 2990 3255 2995 0 2621 
79000 3439 3349 3188 3347 3026 3240 2986 0 2667 
79100 3412 3353 3225 3389 3001 3237 3000 0 2713 
79200 3439 3351 3192 3376 3040 3236 3029 0 2735 
79300 3432 3368 3203 3361 3045 3246 3035 0 2693 
79400 3437 3388 3222 3396 3027 3282 3021 0 2721 
79500 3440 3368 3231 3375 3025 3265 3006 0 2710 
79600 3439 3360 3236 3362 3049 3253 3029 0 2724 
79700 3401 3328 3192 3369 3061 3243 3041 0 2705 
79800 3451 3302 3180 3354 2970 3215 2980 0 2657 
79900 3466 3377 3261 3397 3032 3286 3054 0 2767 
80000 3438 3348 3216 3362 3003 3245 3003 0 2697 
80100 3470 3335 3213 3359 3013 3269 3015 0 2702 
80200 3476 3344 3282 3406 3020 3263 3038 0 2774 
80300 3466 3355 3267 3376 2971 3269 2959 0 2717 
80400 3469 3380 3252 3389 3021 3268 3004 0 2765 
80500 3487 3349 3241 3381 2982 3252 2989 0 2679 
80600 3443 3365 3232 3373 3016 3269 3010 0 2729 
80700 3443 3334 3212 3390 2978 3271 2990 0 2677 
80800 3467 3354 3234 3391 3034 3254 3010 0 2728 
80900 3442 3368 3231 3403 3061 3282 3046 0 2786 
81000 3441 3373 3263 3406 3039 3272 3033 0 2731 
81100 3477 3390 3275 3422 3049 3293 3014 0 2781 
81200 3452 3365 3231 3390 3011 3262 3009 0 2729 
81300 3435 3377 3208 3389 3033 3274 3039 0 2747 
81400 3465 3356 3225 3386 3011 3269 2993 0 2705 
81500 3473 3356 3266 3380 2985 3255 2993 0 2723 
81600 3457 3340 3197 3350 3006 3260 3032 0 2718 
81700 3482 3317 3249 3382 2962 3219 2963 0 2669 
81800 3458 3385 3228 3383 2999 3231 3004 0 2726 
81900 3469 3352 3241 3374 3054 3262 3032 0 2755 
82000 3484 3360 3248 3384 3031 3251 3002 0 2721 
82100 3450 3369 3246 3397 3057 3284 3058 0 2772 
82200 3475 3367 3250 3427 3040 3287 3023 0 2762 
82300 3466 3361 3280 3418 3037 3258 3013 0 2764 
82400 3468 3329 3203 3355 2982 3215 2985 0 2669 
82500 3471 3357 3266 3384 3040 3273 3021 0 2763 
82600 3475 3329 3222 3385 3038 3258 3032 0 2768 
82700 3477 3347 3265 3374 2998 3274 2993 0 2735 
82800 3446 3367 3252 3397 3042 3267 3019 0 2743 
82900 3489 3395 3276 3403 3054 3284 3026 0 2789 
83000 3468 3366 3231 3392 3024 3267 3010 0 2721 
83100 3401 3357 3179 3370 2986 3221 2968 0 2642 
83200 3442 3359 3208 3375 3014 3241 3031 0 2716 
83300 3473 3369 3247 3390 3038 3264 3015 0 2726 
83400 3457 3356 3228 3387 3018 3244 3030 0 2719 
83500 3464 3328 3204 3356 3000 3208 3000 0 2673 
83600 3462 3367 3223 3398 3021 3239 2984 0 2697 
83700 3487 3392 3273 3416 3068 3320 3056 0 2786 
83800 3462 3372 3213 3385 3028 3270 3023 0 2720 
83900 3447 3363 3224 3356 3051 3278 3032 0 2781 
84000 3430 3336 3228 3371 3019 3243 3014 0 2727 
84100 3434 3316 3201 3369 2981 3224 2968 0 2675 
84200 3450 3362 3207 3390 2996 3257 2990 0 2663 
84300 3457 3370 3232 3364 2993 3261 2971 0 2706 
84400 3464 3354 3207 3404 3054 3256 3038 0 2707 
84500 3453 3372 3232 3390 3016 3268 2996 0 2727 
84600 3455 3368 3230 3379 2998 3257 3010 0 2727 
84700 3442 3381 3269 3382 3006 3282 3000 0 2718 
84800 3452 3358 3232 3386 3058 3280 3015 0 2726 
84900 3452 3340 3219 3338 2972 3223 2966 0 2657 
85000 3468 3392 3227 3388 3024 3287 3000 0 2706 
85100 3425 3383 3222 3384 3042 3288 3022 0 2717 
85200 3471 3350 3259 3388 3052 3255 3047 0 2755 
85300 3456 3362 3232 3376 3068 3266 3047 0 2738 
85400 3461 3348 3242 3388 3040 3240 3028 0 2779 
85500 3444 3361 3241 3373 3014 3260 3008 0 2728 
85600 3454 3369 3200 3375 3011 3251 2998 0 2723 
85700 3452 3376 3235 3390 3030 3276 3023 0 2734 
85800 3442 3331 3194 3369 3004 3240 2977 0 2659 
85900 3445 3356 3201 3377 3045 3249 3015 0 2693 
86000 3438 3300 3214 3348 2961 3232 2968 0 2660 
86100 3441 3348 3229 3391 2993 3259 2998 0 2708 
86200 3423 3372 3216 3377 3037 3256 3010 0 2697 
86300 3463 3370 3242 3384 3057 3290 3042 0 2773 
86400 3435 3347 3222 3395 3029 3247 3031 0 2710 
86500 3405 3364 3209 3371 3029 3244 3010 0 2732 
86600 3436 3376 3211 3378 2994 3241 3001 0 2687 
86700 3437 3382 3233 3395 3004 3242 2979 0 2676 
86800 3433 3366 3238 3395 3058 3260 3031 0 2731 
86900 3454 3351 3237 3393 3040 3267 3005 0 2749 
87000 3435 3399 3229 3390 3081 3285 3066 0 2734 
87100 3436 3390 3254 3384 3019 3281 3026 0 2737 
87200 3443 3362 3209 3360 2999 3236 2966 0 2689 
87300 3439 3365 3208 3380 3006 3237 3007 0 2674 
87400 3443 3346 3231 3376 3039 3258 3010 0 2723 
87500 3453 3378 3267 3387 3087 3270 3077 0 2788 
87600 3462 3359 3226 3370 3010 3237 2980 0 2705 
87700 3435 3368 3242 3364 3024 3276 3025 0 2734 
87800 3433 3329 3232 3377 3065 3244 3039 0 2753 
87900 3440 3351 3258 3390 3018 3262 3023 0 2734 
88000 3440 3373 3221 3380 2942 3239 2928 0 2679 
88100 3428 3360 3245 3389 3029 3235 3025 0 2726 
88200 3414 3360 3215 3382 3018 3219 3011 0 2687 
88300 3415 3362 3232 3364 2968 3250 2962 0 2680 
88400 3474 3389 3251 3409 3034 3263 3044 0 2749 
88500 3466 3375 3216 3373 3052 3256 3021 0 2731 
88600 3469 3345 3237 3375 3000 3265 2965 0 2682 
88700 3455 3362 3212 3379 3049 3266 3046 0 2726 
88800 3446 3365 3242 3401 3025 3255 3006 0 2699 
88900 3426 3369 3262 3391 3052 3278 3048 0 2764 
89000 3464 3371 3278 3407 3045 3248 3013 0 2727 
89100 3422 3369 3202 3372 3058 3232 3035 0 2730 
89200 3414 3384 3219 3379 3056 3288 3057 0 2748 
89300 3418 3385 3263 3389 3047 3279 3059 0 2775 
89400 3440 3361 3250 3392 3036 3266 3027 0 2718 
89500 3454 3346 3249 3387 3037 3264 3022 0 2698 
89600 3430 3382 3218 3405 3082 3278 3050 0 2698 
89700 3441 3376 3270 3397 3022 3282 3017 0 2751 
89800 3428 3385 3208 3380 2988 3257 2992 0 2657 
89900 3424 3346 3221 3363 3004 3229 3003 0 2710 
90000 3433 3349 3214 3380 2998 3272 2992 0 2678 
90100 3426 3365 3248 3391 3008 3277 3003 0 2701 
90200 3441 3379 3278 3419 3024 3279 3031 0 2747 
90300 3436 3361 3221 3413 3023 3250 3025 0 2678 
90400 3440 3351 3227 3401 2944 3227 2955 0 2638 
90500 3432 3365 3220 3403 3055 3286 3023 0 2702 
90600 3418 3323 3186 3343 3034 3253 3025 0 2668 
90700 3427 3377 3236 3384 3042 3269 3039 0 2711 
90800 3401 3333 3200 3362 2947 3229 2937 0 2634 
90900 3449 3366 3239 3398 2990 3275 2992 0 2719 
91000 3438 3363 3251 3376 3016 3268 3011 0 2711 
91100 3426 3380 3240 3395 3045 3277 3020 0 2730 
91200 3418 3378 3230 3409 3023 3287 3006 0 2729 
91300 3450 3352 3245 3390 3042 3279 3020 0 2711 
91400 3437 3375 3268 3411 3028 3285 3031 0 2754 
91500 3421 3386 3227 3405 3020 3299 3014 0 2698 
91600 3399 3369 3248 3382 3026 3265 3005 0 2735 
91700 3406 3378 3218 3407 3025 3274 3004 0 2691 
91800 3401 3380 3243 3404 3044 3300 3036 0 2730 
91900 3424 3363 3189 3378 3010 3260 3030 0 2658 
92000 3432 3359 3246 3398 3055 3263 3023 0 2719 
92100 3419 3381 3219 3372 3053 3278 3040 0 2720 
92200 3441 3358 3238 3403 3018 3257 3004 1 2709 
92300 3416 3348 3184 3404 3042 3256 3055 0 2713 
92400 3433 3376 3259 3393 3005 3265 3012 0 2723 
92500 3411 3327 3223 3347 3051 3221 3027 0 2711 
92600 3407 3359 3224 3388 3008 3232 3001 0 2719 
92700 3402 3376 3221 3390 3026 3271 3011 0 2673 
92800 3414 3359 3263 3398 2994 3269 2991 1 2700 
92900 3408 3397 3269 3395 3047 3295 3031 0 2725 
93000 3422 3361 3241 3391 3032 3269 3010 0 2685 
93100 3410 3393 3259 3406 3079 3304 3048 0 2763 
93200 3414 3384 3240 3394 3037 3266 3027 0 2722 
93300 3396 3349 3231 3401 2974 3285 2970 0 2672 
93400 3446 3371 3247 3413 3049 3276 3021 0 2703 
93500 3424 3358 3218 3395 3049 3261 3044 0 2720 
93600 3408 3347 3227 3381 2974 3238 2968 0 2658 
93700 3433 3364 3232 3403 3003 3249 2999 0 2691 
93800 3452 3375 3253 3394 3018 3259 3013 0 2698 
93900 3425 3365 3226 3397 2985 3261 2984 0 2706 
94000 3406 3374 3237 3406 3028 3255 3053 0 2746 
94100 3447 3373 3230 3386 2995 3263 3010 0 2702 
94200 3398 3375 3222 3412 3027 3289 3009 0 2697 
94300 3392 3341 3188 3353 2929 3208 2941 0 2629 
94400 3388 3344 3182 3370 2968 3238 2965 0 2627 
94500 3395 3351 3205 3377 2968 3245 2955 0 2637 
94600 3371 3392 3210 3381 3025 3285 3039 0 2687 
94700 3411 3346 3201 3372 3043 3266 3035 0 2688 
94800 3424 3372 3231 3401 3004 3257 2997 0 2655 
94900 3411 3372 3222 3371 3009 3257 3002 0 2682 
95000 3382 3326 3213 3385 2987 3242 2988 0 2641 
95100 3387 3378 3221 3406 3024 3286 2991 0 2686 
95200 3418 3342 3194 3354 2946 3226 2939 0 2618 
95300 3426 3350 3251 3388 2933 3263 2918 0 2632 
95400 3417 3388 3261 3398 3017 3288 2998 0 2719 
95500 3421 3361 3244 3352 2984 3273 2958 0 2682 
95600 3425 3352 3206 3335 2993 3254 2967 0 2645 
95700 3452 3363 3251 3397 3031 3284 3020 1 2737 
95800 3401 3357 3244 3382 3038 3269 3025 0 2743 
95900 3416 3347 3201 3348 3034 3241 3002 0 2681 
96000 3412 3367 3194 3364 3005 3245 3019 0 2682 
96100 3438 3366 3197 3359 3021 3251 2999 0 2670 
96200 3445 3381 3241 3387 3069 3249 3049 0 2733 
96300 3420 3370 3250 3396 3015 3257 3010 0 2696 
96400 3420 3347 3220 3382 2963 3242 2971 0 2666 
96500 3457 3379 3265 3375 3040 3283 3045 0 2768 
96600 3454 3360 3248 3394 3015 3261 3005 0 2710 
96700 3449 3362 3214 3349 2990 3275 3002 0 2693 
96800 3411 3364 3228 3371 2986 3249 2985 0 2675 
96900 3449 3364 3235 3413 3051 3278 3026 0 2700 
97000 3467 3361 3261 3379 3026 3250 3012 0 2752 
97100 3440 3381 3268 3398 3025 3247 3016 0 2711 
97200 3427 3364 3244 3389 3043 3253 3026 0 2715 
97300 3432 3364 3258 3386 3071 3265 3047 0 2740 
97400 3399 3357 3203 3382 3039 3235 3016 0 2682 
97500 3450 3371 3271 3406 3028 3299 3011 0 2704 
97600 3433 3351 3248 3384 3004 3239 2981 0 2690 
97700 3475 3382 3282 3399 3069 3282 3072 0 2800 
97800 3456 3370 3249 3406 3030 3267 3023 0 2738 
97900 3429 3370 3246 3385 3021 3258 3027 0 2712 
98000 3453 3370 3283 3399 3075 3281 3054 0 2753 
98100 3457 3396 3291 3422 3040 3308 3015 0 2734 
98200 3416 3385 3261 3416 3086 3276 3078 0 2778 
98300 3405 3378 3263 3412 3020 3298 3026 0 2692 
98400 3449 3375 3297 3400 3095 3285 3068 0 2768 
98500 3406 3389 3235 3401 3038 3283 3043 0 2707 
98600 3415 3351 3254 3405 3088 3256 3071 0 2788 
98700 3457 3385 3265 3419 3052 3303 3038 0 2737 
98800 3431 3374 3260 3412 3042 3280 3028 0 2715 
98900 3448 3387 3258 3404 3036 3273 3037 0 2708 
99000 3382 3386 3255 3400 3069 3285 3040 0 2717 
99100 3400 3390 3225 3407 3087 3294 3081 0 2722 
99200 3398 3328 3199 3376 2989 3240 3009 0 2655 
99300 3447 3387 3286 3409 3055 3303 3058 0 2757 
99400 3428 3361 3224 3388 2998 3263 3003 0 2695 
99500 3414 3358 3215 3390 3000 3246 2994 0 2701 
99600 3454 3373 3224 3364 3009 3243 3004 0 2708 
99700 3418 3375 3253 3391 3012 3258 2970 0 2693 
99800 3404 3362 3237 3396 2969 3288 2980 0 2669 
99900 3435 3341 3215 3375 3009 3213 2987 0 2722 
100000 3450 3368 3240 3374 3018 3233 2982 0 2727 
