# Avida Average Data
# Tue Sep  6 12:18:56 2016
#  1: Update
#  2: Merit
#  3: Gestation Time
#  4: Fitness
#  5: Repro Rate?
#  6: (deprecated) Size
#  7: Copied Size
#  8: Executed Size
#  9: (deprecated) Abundance
# 10: Proportion of organisms that gave birth in this update
# 11: Proportion of Breed True Organisms
# 12: (deprecated) Genotype Depth
# 13: Generation
# 14: Neutral Metric
# 15: Lineage Label
# 16: True Replication Rate (based on births/update, time-averaged)

0 97 389 0 0 0 100 97 0 1 1 0 0 0 0 0 
100 96.8056 388.375 0.249247 0 0 100.028 96.8056 0 0 0 0 6.94444 1.57105 0 0 
200 96.8764 391.684 0.247392 0 0 101.031 97.0905 0 0.0110375 0.00883002 0 14.8874 2.68282 0 0 
300 98.9711 399.659 0.24751 0 0 103.399 98.9805 0 0.0560748 0.0348343 0 22.678 3.14164 0 0 
400 101.2 410.263 0.247136 0 0 106.023 101.519 0 0.0417246 0.0245712 0 29.974 3.46001 0 0 
500 104.299 422.08 0.247793 0 0 109.255 104.878 0 0.0650164 0.0360871 0 37.3725 3.19467 0 0.166779 
600 105.763 427.321 0.248225 0 0 110.69 106.413 0 0.0475 0.0227778 0 44.5242 3.34547 0 0.166442 
700 106.021 426.497 0.248988 0 0 110.888 106.359 0 0.0408333 0.0213889 0 51.6714 3.19037 0 0.166605 
800 107.153 431.299 0.248767 0 0 112.162 107.395 0 0.0464018 0.0263962 0 58.706 2.82837 0 0.167009 
900 106.962 429.104 0.249676 0 0 111.901 107.201 0 0.0455682 0.0233398 0 65.8319 2.82502 0 0.168244 
1000 107.763 432.159 0.249916 0 0 112.777 108.116 0 0.0439011 0.0252848 0 72.9019 2.71542 0 0.168727 
1100 108.065 433.068 0.250096 0 0 113.291 108.464 0 0.0464018 0.0277855 0 79.9736 2.8964 0 0.169098 
1200 108.881 435.548 0.250809 0 0 113.728 109.093 0 0.0416898 0.0255698 0 87.02 2.84694 0 0.169222 
1300 108.367 433.939 0.250483 0 0 113.58 108.881 0 0.040856 0.024736 0 93.98 3.25621 0 0.169226 
1400 108.435 431.967 0.251348 0 0 113.302 108.601 0 0.0497222 0.0302778 0 101.035 2.6384 0 0.16904 
1500 108.804 434.389 0.251211 0 0 113.959 109.081 0 0.0566667 0.0411111 0 108.059 2.72256 0 0.169282 
1600 110.537 429.84 0.258701 0 0 113.008 108.295 0 0.0469444 0.0291667 0 115.156 2.90861 0 0.169433 
1700 134.516 424.225 0.325358 0 0 112.026 106.913 0 0.0461367 0.0275153 0 124.164 3.43728 0 0.1743 
1800 564.044 426.914 1.38428 0 0 113.033 106.641 0 0.0500139 0.0327869 0 137.358 2.0103 0 0.211167 
1900 2311.5 417.148 5.85677 0 0 111.722 101.77 0 0.0439133 0.0272374 0 166.874 0.755413 0 0.683324 
2000 3763.47 412.294 9.29971 0 0 111.118 99.4911 0 0.0491667 0.0283333 0 198.999 -0.333563 0 1.67559 
2100 4954.69 417.566 12.0012 0 0 113.056 100.011 0 0.0580878 0.0400222 0 228.799 -1.9019 0 3.10453 
2200 5584.36 416.758 13.367 0 0 113.121 99.8007 0 0.0469836 0.029747 0 248.867 -3.00553 0 4.82279 
2300 6138.56 425.122 14.3835 0 0 115.509 102.116 0 0.0486381 0.0264036 0 263.445 -3.40271 0 6.63884 
2400 6304.07 428.391 14.6622 0 0 116.377 103.38 0 0.0414004 0.0252848 0 273.547 -3.53875 0 8.09976 
2500 6301.11 427.544 14.7853 0 0 116.098 103.786 0 0.0530556 0.0358333 0 281.291 -3.14153 0 9.07264 
2600 6363.01 428.544 14.8609 0 0 116.484 104.206 0 0.0458333 0.0261111 0 288.853 -3.08954 0 9.62269 
2700 6492.04 435 14.9704 0 0 118.209 106.669 0 0.0433574 0.0266815 0 296.543 -3.72578 0 9.89983 
2800 7029.66 424.978 16.738 0 0 116.189 104.613 0 0.0508475 0.0338983 0 304.641 -3.16977 0 10.1233 
2900 56359.3 418.995 142.616 0 0 115.471 103.719 0 0.055571 0.0397333 0 320.274 -3.10548 0 12.7953 
3000 177898 399.979 452.122 0 0 111.432 99.5303 0 0.0472485 0.032796 0 355.033 -4.0762 0 52.5245 
3100 274219 400.473 694.029 0 0 111.717 99.5043 0 0.0519589 0.0333426 0 389.497 -5.77726 0 129.547 
3200 328774 400.387 832.312 0 0 111.833 100.017 0 0.0472353 0.0300083 0 413.762 -5.78132 0 233.594 
3300 367673 399.324 929.296 0 0 111.742 100.304 0 0.0458333 0.0344444 0 431.51 -5.97493 0 352.026 
3400 389041 397.454 984.421 0 0 111.344 100.216 0 0.0614401 0.0403114 0 446.953 -6.58217 0 477.891 
3500 420596 395.42 1067.27 0 0 110.828 100.077 0 0.0564202 0.0375208 0 460.087 -7.12875 0 575.91 
3600 432261 394.567 1100.01 0 0 110.489 100.019 0 0.0536409 0.036965 0 471.607 -7.70151 0 647.078 
3700 475801 393.604 1216.57 0 0 110.308 100.03 0 0.0519589 0.0366769 0 486.103 -8.15475 0 699.263 
3800 506586 393.436 1298.39 0 0 110.297 100.506 0 0.0527924 0.0366769 0 500.741 -8.85219 0 749.642 
3900 875089 391.99 2275.01 0 0 109.84 100.409 0 0.049736 0.0322312 0 521.351 -7.49953 0 841.342 
4000 1.51862e+06 388.832 4002.53 0 0 108.94 99.5503 0 0.0466926 0.0297387 0 558.054 -3.66819 0 1118.99 
4100 5.10362e+07 389.078 127417 0 0 109.157 99.9997 0 0.057254 0.0405781 0 616.066 1.02608 0 5603.13 
4200 1.10735e+08 393.411 275070 0 0 110.335 101.678 0 0.0508616 0.0341857 0 684.428 3.36114 0 33153.8 
4300 1.65335e+08 397.345 409695 0 0 111.59 103.253 0 0.0566824 0.0408447 0 742.864 4.46171 0 81429.2 
4400 1.97351e+08 401.146 488536 0 0 112.394 104.486 0 0.0591996 0.0414119 0 790.366 5.60511 0 143315 
4500 2.22486e+08 403.433 551549 0 0 112.725 104.949 0 0.0480823 0.0314063 0 817.119 5.83757 0 214856 
4600 2.16473e+08 404.383 537651 0 0 112.997 105.524 0 0.0416782 0.0277855 0 832.566 6.37059 0 285158 
4700 2.23535e+08 402.688 556945 0 0 112.98 105.673 0 0.0427897 0.0272298 0 846.062 6.78553 0 332597 
4800 2.21639e+08 402.695 553569 0 0 113.199 105.92 0 0.0556019 0.0405894 0 857.71 6.06282 0 359602 
4900 2.28235e+08 400.142 572875 0 0 113.113 105.905 0 0.049736 0.0330647 0 868.476 5.80311 0 375389 
5000 2.1979e+08 400.138 552865 0 0 113.187 106.187 0 0.0564516 0.0355951 0 879.294 6.03607 0 381127 
5100 2.22177e+08 402.92 556634 0 0 113.352 106.499 0 0.051168 0.0355951 0 891.449 6.12167 0 383443 
5200 2.22461e+08 401.554 560009 0 0 113.322 106.568 0 0.0464276 0.0314151 0 902.691 5.96601 0 387029 
5300 2.2118e+08 400.48 560003 0 0 113.32 106.63 0 0.0586437 0.0389105 0 913.987 5.16763 0 387341 
5400 2.31982e+08 396.457 596655 0 0 113.25 106.512 0 0.0486381 0.0333519 0 925.371 4.98719 0 388927 
5500 2.27599e+08 394.705 587884 0 0 113.451 106.942 0 0.0480823 0.0311284 0 936.083 5.64413 0 391912 
5600 2.37063e+08 390.519 618720 0 0 113.467 106.941 0 0.0517241 0.0355951 0 949.108 5.80364 0 395267 
5700 2.23879e+08 392.83 583914 0 0 113.69 107.006 0 0.0492077 0.0311371 0 961.564 6.33398 0 397257 
5800 2.28174e+08 386.978 604360 0 0 113.775 107.111 0 0.0517529 0.0345019 0 974.417 5.91933 0 402486 
5900 2.27626e+08 385.455 608552 0 0 113.645 106.841 0 0.0528071 0.0336298 0 987.72 7.3028 0 405075 
6000 3.12963e+08 383.917 823903 0 0 113.67 106.916 0 0.0414234 0.028913 0 1000.71 7.26196 0 410420 
6100 1.16143e+09 384.56 2.96919e+06 0 0 112.564 106.028 0 0.0525292 0.032796 0 1023.38 -0.166546 0 609851 
6200 1.5213e+09 386.413 3.87102e+06 0 0 111.872 105.351 0 0.0466926 0.0314063 0 1042.62 -5.05133 0 1.08717e+06 
6300 1.30551e+10 388.293 3.29026e+07 0 0 111.234 104.992 0 0.0539188 0.0341857 0 1069.88 -6.12547 0 3.76175e+06 
6400 2.31302e+10 385.884 5.91256e+07 0 0 110.238 104.178 0 0.0494582 0.0352876 0 1105.38 -7.86558 0 1.03451e+07 
6500 3.36574e+10 385.351 8.66497e+07 0 0 109.013 103.192 0 0.0503197 0.0350292 0 1151.4 -11.0196 0 2.04764e+07 
6600 4.41922e+10 385.646 1.14327e+08 0 0 108.099 102.48 0 0.0544444 0.0366667 0 1186.65 -14.4428 0 3.43819e+07 
6700 7.60991e+10 387.112 1.63833e+08 0 0 107.469 102.01 0 0.0369855 0.022525 0 1212.49 -15.2437 0 5.18528e+07 
6800 1.01099e+11 385.235 2.28575e+08 0 0 107.193 101.686 0 0.0383973 0.023094 0 1232.58 -15.1903 0 7.02406e+07 
6900 2.25189e+11 383.833 5.54847e+08 0 0 106.81 100.993 0 0.0397885 0.0281024 0 1251.2 -12.4469 0 9.26744e+07 
7000 6.44452e+11 382.733 1.69231e+09 0 0 106.382 100.006 0 0.0483468 0.0352876 0 1280.85 -6.17577 0 2.36826e+08 
7100 9.62636e+11 381.936 2.53709e+09 0 0 106.135 99.6206 0 0.0505837 0.0330739 0 1312.36 1.06275 0 5.25328e+08 
7200 1.23688e+12 380.806 3.27795e+09 0 0 105.938 99.1322 0 0.0513889 0.0377778 0 1340.97 5.31414 0 9.11528e+08 
7300 1.39135e+12 377.052 3.73017e+09 0 0 105.69 98.7339 0 0.0583333 0.0408333 0 1363.85 7.68483 0 1.3728e+09 
7400 1.43698e+12 376.49 3.85169e+09 0 0 105.967 99.0617 0 0.0605724 0.042234 0 1380.11 8.63732 0 1.86669e+09 
7500 1.49735e+12 374.484 4.03544e+09 0 0 106.083 99.1236 0 0.0583333 0.0458333 0 1391.78 9.42066 0 2.25967e+09 
7600 1.4872e+12 375.577 4.01736e+09 0 0 106.132 99.1072 0 0.0602778 0.0402778 0 1401.87 9.21353 0 2.50735e+09 
7700 1.47163e+12 371.389 4.04959e+09 0 0 106.007 99.0617 0 0.0550153 0.0336205 0 1412.68 8.90863 0 2.65897e+09 
7800 1.48303e+12 367.692 4.12192e+09 0 0 106.004 99.0422 0 0.0483602 0.0344636 0 1423.62 8.35879 0 2.73387e+09 
7900 1.48622e+12 363.446 4.19116e+09 0 0 106.266 99.3347 0 0.0533333 0.0391667 0 1435.42 8.38007 0 2.77043e+09 
8000 1.48958e+12 359.643 4.2638e+09 0 0 106.182 99.155 0 0.0547374 0.0414004 0 1447.07 8.34139 0 2.79503e+09 
8100 1.50098e+12 353.371 4.37659e+09 0 0 106.226 99.1734 0 0.0547374 0.0375104 0 1459.86 8.39683 0 2.82321e+09 
8200 1.48579e+12 347.435 4.44042e+09 0 0 106.503 99.5827 0 0.0547374 0.0372326 0 1474.01 8.55449 0 2.86053e+09 
8300 1.47998e+12 342.414 4.48506e+09 0 0 106.66 99.5682 0 0.0586274 0.040289 0 1487.6 8.49074 0 2.90535e+09 
8400 1.52339e+12 338.248 4.69954e+09 0 0 106.885 99.9133 0 0.0702778 0.0491667 0 1502.16 8.11223 0 2.95667e+09 
8500 1.56343e+12 331.434 4.93693e+09 0 0 107.12 99.9705 0 0.0586274 0.040289 0 1518.74 8.54805 0 3.0149e+09 
8600 1.50845e+12 325.206 4.90112e+09 0 0 107.375 100.232 0 0.069761 0.0464147 0 1534.86 7.95284 0 3.07446e+09 
8700 1.53158e+12 318.12 5.06529e+09 0 0 107.508 100.269 0 0.0658516 0.042234 0 1551.55 7.66978 0 3.13166e+09 
8800 1.52838e+12 310.174 5.12987e+09 0 0 107.328 99.8488 0 0.0605724 0.0405668 0 1566.34 7.51321 0 3.19052e+09 
8900 1.53894e+12 306.67 5.21136e+09 0 0 108.102 100.745 0 0.0680556 0.0486111 0 1581.33 7.76244 0 3.24684e+09 
9000 1.53878e+12 302.102 5.28513e+09 0 0 107.743 100.268 0 0.0688889 0.0466667 0 1595.61 7.14364 0 3.29843e+09 
9100 2.04599e+12 300.695 7.0794e+09 0 0 107.561 100.388 0 0.0708727 0.0469705 0 1611.37 4.79083 0 3.41564e+09 
9200 3.04616e+12 301.4 1.05715e+10 0 0 107.333 100.413 0 0.0591667 0.0372222 0 1634.69 0.211137 0 3.87577e+09 
9300 4.11785e+12 300.362 1.42813e+10 0 0 107.016 100.529 0 0.0608502 0.0469575 0 1662 -4.45943 0 4.79667e+09 
9400 5.09699e+12 295.801 1.76921e+10 0 0 106.789 100.66 0 0.06 0.0388889 0 1689.9 -9.79453 0 6.13612e+09 
9500 5.69482e+12 292.613 1.98914e+10 0 0 106.64 100.698 0 0.0728182 0.0503057 0 1715.99 -13.8505 0 7.83271e+09 
9600 6.01488e+12 292.234 2.09694e+10 0 0 106.511 100.627 0 0.0636111 0.0430556 0 1734.62 -15.8026 0 9.70689e+09 
9700 6.16599e+12 294.111 2.14431e+10 0 0 106.662 100.715 0 0.072798 0.0514032 0 1748.83 -16.4822 0 1.12952e+10 
9800 6.07893e+12 291.979 2.12568e+10 0 0 106.641 100.676 0 0.057532 0.040856 0 1761.07 -16.7689 0 1.24297e+10 
9900 6.0967e+12 293.742 2.13145e+10 0 0 106.531 100.5 0 0.0602778 0.0416667 0 1773.15 -16.8178 0 1.31463e+10 
