# Avida count data
# Tue Sep  6 12:18:56 2016
#  1: update
#  2: number of insts executed this update
#  3: number of organisms
#  4: (deprecated) number of different genotypes
#  5: (deprecated) number of different threshold genotypes
#  6: (deprecated) number of different species
#  7: (deprecated) number of different threshold species
#  8: (deprecated) number of different lineages
#  9: number of births in this update
# 10: number of deaths in this update
# 11: number of breed true
# 12: number of breed true organisms?
# 13: number of no-birth organisms
# 14: number of single-threaded organisms
# 15: number of multi-threaded organisms
# 16: number of modified organisms

0 30 1 0 0 0 0 0 1 0 1 1 1 1 0 0 
100 2160 72 0 0 0 0 0 0 0 0 46 39 72 0 0 
200 13590 453 0 0 0 0 0 5 5 4 252 242 453 0 0 
300 35160 1177 0 0 0 0 0 66 61 41 670 643 1177 0 0 
400 64320 2157 0 0 0 0 0 90 77 53 1166 1177 2157 0 0 
500 100050 3353 0 0 0 0 0 218 200 121 1880 1857 3353 0 0 
600 108000 3600 0 0 0 0 0 171 171 82 1955 1963 3600 0 0 
700 108000 3600 0 0 0 0 0 147 147 77 1986 1948 3600 0 0 
800 107970 3599 0 0 0 0 0 167 167 95 2031 1926 3599 0 0 
900 108000 3599 0 0 0 0 0 164 165 84 2037 1956 3599 0 0 
1000 107970 3599 0 0 0 0 0 158 158 91 2039 1941 3599 0 0 
1100 108000 3599 0 0 0 0 0 167 168 100 2047 1971 3599 0 0 
1200 107910 3598 0 0 0 0 0 150 149 92 2054 1961 3598 0 0 
1300 107940 3598 0 0 0 0 0 147 147 89 2058 1950 3598 0 0 
1400 107970 3600 0 0 0 0 0 179 178 109 2162 1955 3600 0 0 
1500 107970 3600 0 0 0 0 0 204 203 148 2155 1965 3600 0 0 
1600 108000 3600 0 0 0 0 0 169 169 105 2222 1945 3600 0 0 
1700 107850 3598 0 0 0 0 0 166 163 99 2299 1939 3598 0 0 
1800 107970 3599 0 0 0 0 0 180 180 118 2241 1920 3599 0 0 
1900 108000 3598 0 0 0 0 0 158 160 98 2294 1951 3598 0 0 
2000 108000 3600 0 0 0 0 0 177 177 102 2216 1968 3600 0 0 
2100 107940 3598 0 0 0 0 0 209 209 144 2261 1976 3598 0 0 
2200 107910 3597 0 0 0 0 0 169 169 107 2244 1955 3597 0 0 
2300 107940 3598 0 0 0 0 0 175 175 95 2151 1951 3598 0 0 
2400 107940 3599 0 0 0 0 0 149 148 91 2165 1964 3599 0 0 
2500 108000 3600 0 0 0 0 0 191 191 129 2226 1949 3600 0 0 
2600 107970 3600 0 0 0 0 0 165 164 94 2173 1957 3600 0 0 
2700 107970 3598 0 0 0 0 0 156 157 96 2228 1963 3598 0 0 
2800 108000 3599 0 0 0 0 0 183 184 122 2219 1955 3599 0 0 
2900 107970 3599 0 0 0 0 0 200 200 143 2287 1953 3599 0 0 
3000 107970 3598 0 0 0 0 0 170 171 118 2394 1934 3598 0 0 
3100 107970 3599 0 0 0 0 0 187 187 120 2342 1968 3599 0 0 
3200 107970 3599 0 0 0 0 0 170 170 108 2315 1965 3599 0 0 
3300 108000 3600 0 0 0 0 0 165 165 124 2372 1974 3600 0 0 
3400 107850 3597 0 0 0 0 0 221 219 145 2388 1963 3597 0 0 
3500 107970 3598 0 0 0 0 0 203 204 135 2445 1930 3598 0 0 
3600 107910 3598 0 0 0 0 0 193 192 133 2417 1970 3598 0 0 
3700 107940 3599 0 0 0 0 0 187 186 132 2472 1968 3599 0 0 
3800 108000 3599 0 0 0 0 0 190 191 132 2451 1949 3599 0 0 
3900 107970 3599 0 0 0 0 0 179 179 116 2435 1975 3599 0 0 
4000 107910 3598 0 0 0 0 0 168 167 107 2459 1951 3598 0 0 
4100 107940 3598 0 0 0 0 0 206 206 146 2419 1952 3598 0 0 
4200 107940 3598 0 0 0 0 0 183 183 123 2417 1939 3598 0 0 
4300 107940 3599 0 0 0 0 0 204 203 147 2413 1962 3599 0 0 
4400 107850 3598 0 0 0 0 0 213 210 149 2432 1947 3598 0 0 
4500 107940 3598 0 0 0 0 0 173 173 113 2419 1971 3598 0 0 
4600 107940 3599 0 0 0 0 0 150 149 100 2472 1950 3599 0 0 
4700 107970 3599 0 0 0 0 0 154 154 98 2440 1973 3599 0 0 
4800 107910 3597 0 0 0 0 0 200 200 146 2435 1967 3597 0 0 
4900 107970 3599 0 0 0 0 0 179 179 119 2416 1950 3599 0 0 
5000 107880 3596 0 0 0 0 0 203 203 128 2416 1957 3596 0 0 
5100 107850 3596 0 0 0 0 0 184 183 128 2431 1986 3596 0 0 
5200 107910 3597 0 0 0 0 0 167 167 113 2375 1957 3597 0 0 
5300 107910 3598 0 0 0 0 0 211 210 140 2448 1955 3598 0 0 
5400 107970 3598 0 0 0 0 0 175 176 120 2437 1988 3598 0 0 
5500 107970 3598 0 0 0 0 0 173 174 112 2361 1988 3598 0 0 
5600 107880 3596 0 0 0 0 0 186 186 128 2442 1960 3596 0 0 
5700 107940 3597 0 0 0 0 0 177 178 112 2396 1944 3597 0 0 
5800 107850 3594 0 0 0 0 0 186 187 124 2351 1971 3594 0 0 
5900 107940 3598 0 0 0 0 0 190 190 121 2397 1966 3598 0 0 
6000 107970 3597 0 0 0 0 0 149 151 104 2403 1975 3597 0 0 
6100 107940 3598 0 0 0 0 0 189 189 118 2389 1969 3598 0 0 
6200 107940 3598 0 0 0 0 0 168 168 113 2422 1932 3598 0 0 
6300 107970 3598 0 0 0 0 0 194 195 123 2415 1957 3598 0 0 
6400 108000 3599 0 0 0 0 0 178 179 127 2410 1942 3599 0 0 
6500 107910 3597 0 0 0 0 0 181 181 126 2460 1950 3597 0 0 
6600 108000 3600 0 0 0 0 0 196 196 132 2453 1981 3600 0 0 
6700 107910 3596 0 0 0 0 0 133 134 81 2458 1949 3596 0 0 
6800 107790 3594 0 0 0 0 0 138 137 83 2502 1955 3594 0 0 
6900 107730 3594 0 0 0 0 0 143 140 101 2466 1938 3594 0 0 
7000 107970 3599 0 0 0 0 0 174 174 127 2498 1974 3599 0 0 
7100 107910 3598 0 0 0 0 0 182 181 119 2456 1978 3598 0 0 
7200 108000 3600 0 0 0 0 0 185 185 136 2495 1994 3600 0 0 
7300 107970 3600 0 0 0 0 0 210 209 147 2452 1968 3600 0 0 
7400 107940 3599 0 0 0 0 0 218 217 152 2443 1939 3599 0 0 
7500 108000 3600 0 0 0 0 0 210 210 165 2479 1945 3600 0 0 
7600 107940 3600 0 0 0 0 0 217 215 145 2449 1965 3600 0 0 
7700 107970 3599 0 0 0 0 0 198 198 121 2478 1965 3599 0 0 
7800 107940 3598 0 0 0 0 0 174 174 124 2450 1982 3598 0 0 
7900 108000 3600 0 0 0 0 0 192 192 141 2481 1982 3600 0 0 
8000 107970 3599 0 0 0 0 0 197 197 149 2450 1991 3599 0 0 
8100 107940 3599 0 0 0 0 0 197 196 135 2461 1988 3599 0 0 
8200 107970 3599 0 0 0 0 0 197 197 134 2471 2004 3599 0 0 
8300 108000 3599 0 0 0 0 0 211 212 145 2389 1982 3599 0 0 
8400 108000 3600 0 0 0 0 0 253 253 177 2415 2021 3600 0 0 
8500 108000 3599 0 0 0 0 0 211 212 145 2410 1988 3599 0 0 
8600 107970 3598 0 0 0 0 0 251 252 167 2426 2011 3598 0 0 
8700 107940 3599 0 0 0 0 0 237 236 152 2485 1985 3599 0 0 
8800 107970 3599 0 0 0 0 0 218 218 146 2367 2033 3599 0 0 
8900 108000 3600 0 0 0 0 0 245 245 175 2443 2043 3600 0 0 
9000 108000 3600 0 0 0 0 0 248 248 168 2437 2034 3600 0 0 
9100 107970 3598 0 0 0 0 0 255 256 169 2418 2037 3598 0 0 
9200 107970 3600 0 0 0 0 0 213 212 134 2402 2036 3600 0 0 
9300 107970 3599 0 0 0 0 0 219 219 169 2441 2041 3599 0 0 
9400 108000 3600 0 0 0 0 0 216 216 140 2459 2028 3600 0 0 
9500 107910 3598 0 0 0 0 0 262 261 181 2444 2032 3598 0 0 
9600 107970 3600 0 0 0 0 0 229 228 155 2411 2025 3600 0 0 
9700 107970 3599 0 0 0 0 0 262 262 185 2414 2002 3599 0 0 
9800 107940 3598 0 0 0 0 0 207 207 147 2444 2046 3598 0 0 
9900 107970 3600 0 0 0 0 0 217 216 150 2384 2037 3600 0 0 
