# Avida Average Data
# Tue Oct 18 10:57:49 2016
#  1: Update
#  2: Merit
#  3: Gestation Time
#  4: Fitness
#  5: Repro Rate?
#  6: (deprecated) Size
#  7: Copied Size
#  8: Executed Size
#  9: (deprecated) Abundance
# 10: Proportion of organisms that gave birth in this update
# 11: Proportion of Breed True Organisms
# 12: (deprecated) Genotype Depth
# 13: Generation
# 14: Neutral Metric
# 15: Lineage Label
# 16: True Replication Rate (based on births/update, time-averaged)

0 97 389 0 0 0 100 97 0 1 1 0 0 0 0 0 
10 97 389 0 0 0 100 97 0 0 0 0 0 0 0 0 
20 97 389 0 0 0 100 97 0 0 0 0 0 0 0 0 
30 97 389 0 0 0 100 97 0 0 0 0 0 0 0 0 
40 97 389 0 0 0 100 97 0 0 0 0 0 0 0 0 
50 97 389 0 0 0 100 97 0 0 0 0 0 0 0 0 
60 97 389 0 0 0 100 97 0 0 0 0 0 0 0 0 
70 97 389 0 0 0 100 97 0 0 0 0 0 0 0 0 
80 97 389 0 0 0 100 97 0 0 0 0 0 0 0 0 
90 97 389 0 0 0 100 97 0 0 0 0 0 0 0 0 
100 97 389 0 0 0 100 97 0 0 0 0 0 0 0 0 
110 97 389 0 0 0 100 97 0 0 0 0 0 0 0 0 
120 97 389 0 0 0 100 97 0 0 0 0 0 0 0 0 
130 97 389 0 0 0 100 97 0 0 0 0 0 0 0 0 
140 97 389 0 0 0 100 97 0 0 0 0 0 0 0 0 
150 97 389 0 0 0 100 97 0 0 0 0 0 0 0 0 
160 97 389 0 0 0 100 97 0 0 0 0 0 0 0 0 
170 97 389 0 0 0 100 97 0 0 0 0 0 0 0 0 
180 97 389 0 0 0 100 97 0 0 0 0 0 0 0 0 
190 97 389 0 0 0 100 97 0 0 0 0 0 0 0 0 
200 97 389 0 0 0 100 97 0 0 0 0 0 0 0 0 
210 97 389 0 0 0 100 97 0 0 0 0 0 0 0 0 
220 97 389 0 0 0 100 97 0 0 0 0 0 0 0 0 
230 97 389 0 0 0 100 97 0 0 0 0 0 0 0 0 
240 97 389 0 0 0 100 97 0 0 0 0 0 0 0 0 
250 97 389 0 0 0 100 97 0 0 0 0 0 0 0 0 
260 97 389 0 0 0 100 97 0 0 0 0 0 0 0 0 
270 97 389 0 0 0 100 97 0 0 0 0 0 0 0 0 
280 97 389 0 0 0 100 97 0 0 0 0 0 0 0 0 
290 97 389 0 0 0 100 97 0 0 0 0 0 0 0 0 
300 97 389 0 0 0 100 97 0 0 0 0 0 0 0 0 
310 97 389 0 0 0 100 97 0 0 0 0 0 0 0 0 
320 97 389 0 0 0 100 97 0 0 0 0 0 0 0 0 
330 97 389 0 0 0 100 97 0 0 0 0 0 0 0 0 
340 97 389 0 0 0 100 97 0 0 0 0 0 0 0 0 
350 97 389 0 0 0 100 97 0 0 0 0 0 0 0 0 
360 97 389 0 0 0 100 97 0 0 0 0 0 0 0 0 
370 97 389 0 0 0 100 97 0 0 0 0 0 0 0 0 
380 97 389 0 0 0 100 97 0 0 0 0 0 0 0 0 
390 97 389 0.249357 0 0 100 97 0 0 0 0 1 -0.767729 0 0 
400 97 389 0.249357 0 0 100 97 0 0 0 0 1 -0.767729 0 0 
410 97 389 0.249357 0 0 100 97 0 0 0 0 1 -0.767729 0 0 
420 97 389 0.249357 0 0 100 97 0 0 0 0 1 -0.767729 0 0 
430 97 389 0.249357 0 0 100 97 0 0 0 0 1 -0.767729 0 0 
440 97 389 0.249357 0 0 100 97 0 0 0 0 1 -0.767729 0 0 
450 97 389 0.249357 0 0 100 97 0 0 0 0 1 -0.767729 0 0 
460 97 389 0.249357 0 0 100 97 0 0 0 0 1 -0.767729 0 0 
470 97 389 0.249357 0 0 100 97 0 0 0 0 1 -0.767729 0 0 
480 97 389 0.249357 0 0 100 97 0 0 0 0 1 -0.767729 0 0 
490 97 389 0.249357 0 0 100 97 0 0 0 0 1 -0.767729 0 0 
500 97 389 0.249357 0 0 100 97 0 0 0 0 1 -0.767729 0 0.291 
510 97 389 0.249357 0 0 100 97 0 0 0 0 1 -0.767729 0 0.097 
520 97 389 0.249357 0 0 100 97 0 0 0 0 1 -0.767729 0 0.097 
530 97 389 0.249357 0 0 100 97 0 0 0 0 1 -0.767729 0 0.097 
540 97 389 0.249357 0 0 100 97 0 0 0 0 1 -0.767729 0 0.097 
550 97 389 0.249357 0 0 100 97 0 0 0 0 1 -0.767729 0 0.097 
560 97 389 0.249357 0 0 100 97 0 0 0 0 1 -0.767729 0 0.097 
570 97 389 0.249357 0 0 100 97 0 0 0 0 1 -0.767729 0 0.097 
580 97 389 0.249357 0 0 100 97 0 0 0 0 1 -0.767729 0 0.097 
590 97 389 0.249357 0 0 100 97 0 0 0 0 1 -0.767729 0 0.097 
600 97 389 0.249357 0 0 100 97 0 0 0 0 1 -0.767729 0 0.097 
610 97 389 0.249357 0 0 100 97 0 0 0 0 1 -0.767729 0 0.097 
620 97 389 0.249357 0 0 100 97 0 0 0 0 1 -0.767729 0 0.097 
630 97 389 0.249357 0 0 100 97 0 0 0 0 1 -0.767729 0 0.097 
640 97 389 0.249357 0 0 100 97 0 0 0 0 1 -0.767729 0 0.097 
650 97 389 0.249357 0 0 100 97 0 0 0 0 1 -0.767729 0 0.097 
660 97 389 0.249357 0 0 100 97 0 0 0 0 1 -0.767729 0 0.097 
670 97 389 0.249357 0 0 100 97 0 0 0 0 1 -0.767729 0 0.097 
680 97 389 0.249357 0 0 100 97 0 0 0 0 1 -0.767729 0 0.097 
690 97 389 0.249357 0 0 100 97 0 0 0 0 1 -0.767729 0 0.097 
700 97 389 0.249357 0 0 100 97 0 0 0 0 1 -0.767729 0 0.097 
710 97 389 0.249357 0 0 100 97 0 0 0 0 1 -0.767729 0 0.097 
720 97 389 0.249357 0 0 100 97 0 0 0 0 1 -0.767729 0 0.097 
730 97 389 0.249357 0 0 100 97 0 0 0 0 1 -0.767729 0 0.097 
740 97 389 0.249357 0 0 100 97 0 0 0 0 1 -0.767729 0 0.097 
750 97 389 0.249357 0 0 100 97 0 0 0 0 1 -0.767729 0 0.097 
760 97 389 0.249357 0 0 100 97 0 0 0 0 1.66667 -1.4053 0 0.161667 
770 97 389 0.249357 0 0 100 97 0 0 0 0 1.66667 -1.4053 0 0.161667 
780 97 389 0.249357 0 0 100 97 0 0 0 0 1.66667 -1.4053 0 0.161667 
790 97 389 0.249357 0 0 100 97 0 0 0 0 1.66667 -1.4053 0 0.161667 
800 97 389 0.249357 0 0 100 97 0 0 0 0 2 -1.29514 0 0.210167 
810 97 389 0.249357 0 0 100 97 0 0 0 0 2 -1.29514 0 0.210167 
820 97 389 0.249357 0 0 100 97 0 0 0 0 2 -1.29514 0 0.210167 
830 97 389 0.249357 0 0 100 97 0 0 0 0 2 -1.29514 0 0.210167 
840 97 389 0.249357 0 0 100 97 0 0 0 0 2 -1.29514 0 0.210167 
850 97 389 0.249357 0 0 100 97 0 0 0 0 2 -1.29514 0 0.210167 
860 97 389 0.249357 0 0 100 97 0 0 0 0 2 -1.29514 0 0.210167 
870 97 389 0.249357 0 0 100 97 0 0 0 0 2 -1.29514 0 0.210167 
880 97 389 0.249357 0 0 100 97 0 0 0 0 2 -1.29514 0 0.210167 
890 97 389 0.249357 0 0 100 97 0 0 0 0 2 -1.29514 0 0.113167 
900 97 389 0.249357 0 0 100 97 0 0 0 0 2 -1.29514 0 0.113167 
910 97 389 0.249357 0 0 100 97 0 0 0 0 2 -1.29514 0 0.113167 
920 97 389 0.249357 0 0 100 97 0 0 0 0 2 -1.29514 0 0.113167 
930 97 389 0.249357 0 0 100 97 0 0 0 0 2 -1.29514 0 0.113167 
940 97 389 0.249357 0 0 100 97 0 0 0 0 2 -1.29514 0 0.113167 
950 97 389 0.249357 0 0 100 97 0 0 0 0 2 -1.29514 0 0.113167 
960 97 389 0.249357 0 0 100 97 0 0 0 0 2 -1.29514 0 0.113167 
970 97 389 0.249357 0 0 100 97 0 0 0 0 2 -1.29514 0 0.113167 
980 97 389 0.249357 0 0 100 97 0 0 0 0 2 -1.29514 0 0.113167 
990 97 389 0.249357 0 0 100 97 0 0 0 0 2 -1.29514 0 0.113167 
1000 97 389 0.249357 0 0 100 97 0 0 0 0 2 -1.29514 0 0.113167 
1010 97 389 0.249357 0 0 100 97 0 0 0 0 2 -1.29514 0 0.113167 
1020 97 389 0.249357 0 0 100 97 0 0 0 0 2 -1.29514 0 0.113167 
1030 97 389 0.249357 0 0 100 97 0 0 0 0 2 -1.29514 0 0.113167 
1040 97 389 0.249357 0 0 100 97 0 0 0 0 2 -1.29514 0 0.113167 
1050 97 389 0.249357 0 0 100 97 0 0 0 0 2 -1.29514 0 0.113167 
1060 97 389 0.249357 0 0 100 97 0 0 0 0 2 -1.29514 0 0.113167 
1070 97 389 0.249357 0 0 100 97 0 0 0 0 2 -1.29514 0 0.113167 
1080 97 389 0.249357 0 0 100 97 0 0 0 0 2 -1.29514 0 0.113167 
1090 97 389 0.249357 0 0 100 97 0 0 0 0 2 -1.29514 0 0.113167 
1100 97 389 0.249357 0 0 100 97 0 0 0 0 2 -1.29514 0 0.113167 
1110 97 389 0.249357 0 0 100 97 0 0 0 0 2 -1.29514 0 0.113167 
1120 97 389 0.249357 0 0 100 97 0 0 0 0 2 -1.29514 0 0.113167 
1130 97 389 0.249357 0 0 100 97 0 0 0 0 2 -1.29514 0 0.113167 
1140 97 389 0.249357 0 0 100 97 0 0 0 0 2.4 -1.14875 0 0.151967 
1150 97 389 0.249357 0 0 100 97 0 0 0 0 2.4 -1.14875 0 0.151967 
1160 97 389 0.249357 0 0 100 97 0 0 0 0 2.4 -1.14875 0 0.151967 
1170 97 389 0.249357 0 0 100 97 0 0 0 0 2.66667 -1.97356 0 0.1843 
1180 97 389 0.249357 0 0 100 97 0 0 0 0 2.66667 -1.97356 0 0.1843 
1190 97 389 0.249357 0 0 100 97 0 0.142857 0 0 2.85714 -1.49393 0 0.1843 
1200 97 389 0.249357 0 0 100 97 0 0 0 0 2.85714 -1.49393 0 0.212014 
1210 97 389 0.249357 0 0 100 97 0 0 0 0 2.85714 -1.49393 0 0.212014 
1220 97 389 0.249357 0 0 100 97 0 0 0 0 2.85714 -1.49393 0 0.212014 
1230 97 389 0.249357 0 0 100 97 0 0 0 0 2.85714 -1.49393 0 0.212014 
1240 97 389 0.249357 0 0 100 97 0 0 0 0 2.85714 -1.49393 0 0.212014 
1250 97 389 0.249357 0 0 100 97 0 0 0 0 2.85714 -1.49393 0 0.212014 
1260 97 389 0.249357 0 0 100 97 0 0 0 0 2.85714 -1.49393 0 0.147348 
1270 97 389 0.249357 0 0 100 97 0 0 0 0 2.85714 -1.49393 0 0.147348 
1280 97 389 0.249357 0 0 100 97 0 0 0 0 2.85714 -1.49393 0 0.147348 
1290 97 389 0.249357 0 0 100 97 0 0 0 0 2.85714 -1.49393 0 0.147348 
1300 97 389 0.249357 0 0 100 97 0 0 0 0 2.85714 -1.49393 0 0.0988476 
1310 97 389 0.249357 0 0 100 97 0 0 0 0 2.85714 -1.49393 0 0.0988476 
1320 97 389 0.249357 0 0 100 97 0 0 0 0 2.85714 -1.49393 0 0.0988476 
1330 97 389 0.249357 0 0 100 97 0 0 0 0 2.85714 -1.49393 0 0.0988476 
1340 97 389 0.249357 0 0 100 97 0 0 0 0 2.85714 -1.49393 0 0.0988476 
1350 97 389 0.249357 0 0 100 97 0 0 0 0 2.85714 -1.49393 0 0.0988476 
1360 97 389 0.249357 0 0 100 97 0 0 0 0 2.85714 -1.49393 0 0.0988476 
1370 97 389 0.249357 0 0 100 97 0 0 0 0 2.85714 -1.49393 0 0.0988476 
1380 97 389 0.249357 0 0 100 97 0 0 0 0 2.85714 -1.49393 0 0.0988476 
1390 97 389 0.249357 0 0 100 97 0 0 0 0 2.85714 -1.49393 0 0.0988476 
1400 97 389 0.249357 0 0 100 97 0 0 0 0 2.85714 -1.49393 0 0.0988476 
1410 97 389 0.249357 0 0 100 97 0 0 0 0 2.85714 -1.49393 0 0.0988476 
1420 97 389 0.249357 0 0 100 97 0 0 0 0 2.85714 -1.49393 0 0.0988476 
1430 97 389 0.249357 0 0 100 97 0 0 0 0 2.85714 -1.49393 0 0.0988476 
1440 97 389 0.249357 0 0 100 97 0 0 0 0 2.85714 -1.49393 0 0.0988476 
1450 97 389 0.249357 0 0 100 97 0 0 0 0 2.85714 -1.49393 0 0.0988476 
1460 97 389 0.249357 0 0 100 97 0 0 0 0 2.85714 -1.49393 0 0.0988476 
1470 97 389 0.249357 0 0 100 97 0 0 0 0 2.85714 -1.49393 0 0.0988476 
1480 97 389 0.249357 0 0 100 97 0 0 0 0 2.85714 -1.49393 0 0.0988476 
1490 97 389 0.249357 0 0 100 97 0 0 0 0 2.85714 -1.49393 0 0.0988476 
1500 97 389 0.249357 0 0 100 97 0 0 0 0 2.85714 -1.49393 0 0.0988476 
1510 97 389 0.249357 0 0 100 97 0 0 0 0 2.85714 -1.49393 0 0.0988476 
1520 97 389 0.249357 0 0 100 97 0 0 0 0 2.85714 -1.49393 0 0.0988476 
1530 97 389 0.249357 0 0 100 97 0 0 0 0 3.125 -1.44233 0 0.123098 
1540 97 389 0.249357 0 0 100 97 0 0 0 0 3.63636 -1.83294 0 0.18169 
1550 97 389 0.249357 0 0 100 97 0 0 0 0 3.63636 -1.83294 0 0.18169 
1560 97 389 0.249357 0 0 100 97 0 0 0 0 3.63636 -1.83294 0 0.18169 
1570 97 389 0.249357 0 0 100 97 0 0 0 0 3.63636 -1.83294 0 0.18169 
1580 97 388.846 0.249456 0 0 100 97 0 0 0 0 3.84615 -1.50089 0 0.212779 
1590 97 388.846 0.249456 0 0 100 97 0 0 0 0 3.84615 -1.50089 0 0.212779 
1600 97 388.846 0.249456 0 0 100 97 0 0 0 0 3.84615 -1.50089 0 0.212779 
1610 97 388.846 0.249456 0 0 100 97 0 0 0 0 3.84615 -1.50089 0 0.212779 
1620 97 388.846 0.249456 0 0 100 97 0 0 0 0 3.84615 -1.50089 0 0.212779 
1630 97 388.846 0.249456 0 0 100 97 0 0 0 0 3.84615 -1.50089 0 0.212779 
1640 97 388.846 0.249456 0 0 100 97 0 0 0 0 3.84615 -1.50089 0 0.173979 
1650 97 388.846 0.249456 0 0 100 97 0 0 0 0 3.84615 -1.50089 0 0.173979 
1660 97 388.846 0.249456 0 0 100 97 0 0 0 0 3.84615 -1.50089 0 0.173979 
1670 97 388.846 0.249456 0 0 100 97 0 0 0 0 3.84615 -1.50089 0 0.141646 
1680 97 388.846 0.249456 0 0 100 97 0 0 0 0 3.84615 -1.50089 0 0.141646 
1690 97 388.846 0.249456 0 0 100 97 0 0 0 0 3.84615 -1.50089 0 0.141646 
1700 97 388.846 0.249456 0 0 100 97 0 0 0 0 3.84615 -1.50089 0 0.113932 
1710 97 388.846 0.249456 0 0 100 97 0 0 0 0 3.84615 -1.50089 0 0.113932 
1720 97 388.846 0.249456 0 0 100 97 0 0 0 0 3.84615 -1.50089 0 0.113932 
1730 97 388.846 0.249456 0 0 100 97 0 0 0 0 3.84615 -1.50089 0 0.113932 
1740 97 388.846 0.249456 0 0 100 97 0 0 0 0 3.84615 -1.50089 0 0.113932 
1750 97 388.846 0.249456 0 0 100 97 0 0 0 0 3.84615 -1.50089 0 0.113932 
1760 97 388.846 0.249456 0 0 100 97 0 0 0 0 3.84615 -1.50089 0 0.113932 
1770 97 388.846 0.249456 0 0 100 97 0 0 0 0 3.84615 -1.50089 0 0.113932 
1780 97 388.846 0.249456 0 0 100 97 0 0 0 0 3.84615 -1.50089 0 0.113932 
1790 97 388.846 0.249456 0 0 100 97 0 0 0 0 3.84615 -1.50089 0 0.113932 
1800 97 388.846 0.249456 0 0 100 97 0 0 0 0 3.84615 -1.50089 0 0.113932 
1810 97 388.846 0.249456 0 0 100 97 0 0 0 0 3.84615 -1.50089 0 0.113932 
1820 97 388.846 0.249456 0 0 100 97 0 0 0 0 3.84615 -1.50089 0 0.113932 
1830 97 388.846 0.249456 0 0 100 97 0 0 0 0 3.84615 -1.50089 0 0.113932 
1840 97 388.846 0.249456 0 0 100 97 0 0 0 0 3.84615 -1.50089 0 0.113932 
1850 97 388.846 0.249456 0 0 100 97 0 0 0 0 3.84615 -1.50089 0 0.113932 
1860 97 388.846 0.249456 0 0 100 97 0 0 0 0 3.84615 -1.50089 0 0.113932 
1870 97 388.846 0.249456 0 0 100 97 0 0 0 0 3.84615 -1.50089 0 0.113932 
1880 97 388.846 0.249456 0 0 100 97 0 0 0 0 3.84615 -1.50089 0 0.113932 
1890 97 388.846 0.249456 0 0 100 97 0 0 0 0 3.84615 -1.50089 0 0.113932 
1900 97 388.846 0.249456 0 0 100 97 0 0 0 0 3.84615 -1.50089 0 0.113932 
1910 97 388.875 0.249438 0 0 100 97 0 0.0625 0.0625 0 4.25 -1.87865 0 0.140722 
1920 97 388.889 0.249429 0 0 100 97 0 0 0 0 4.44444 -2.20357 0 0.175037 
1930 97 388.789 0.249493 0 0 100 97 0 0 0 0 4.52632 -2.12788 0 0.185247 
1940 97 388.789 0.249493 0 0 100 97 0 0 0 0 4.52632 -2.12788 0 0.185247 
1950 97 388.8 0.249486 0 0 100 97 0 0 0 0 4.6 -2.31546 0 0.194947 
1960 97 388.8 0.249486 0 0 100 97 0 0 0 0 4.6 -2.31546 0 0.194947 
1970 97 388.667 0.249572 0 0 100 97 0 0 0 0 4.83333 -1.95877 0 0.229522 
1980 97 388.667 0.249572 0 0 100 97 0 0 0 0 4.875 -1.85256 0 0.237605 
1990 97 388.667 0.249572 0 0 100 97 0 0 0 0 4.875 -1.85256 0 0.237605 
2000 97 388.667 0.249572 0 0 100 97 0 0 0 0 4.875 -1.85256 0 0.237605 
2010 97 388.667 0.249572 0 0 100 97 0 0 0 0 4.875 -1.85256 0 0.237605 
2020 97 388.667 0.249572 0 0 100 97 0 0 0 0 4.875 -1.85256 0 0.237605 
2030 97 388.667 0.249572 0 0 100 97 0 0 0 0 4.875 -1.85256 0 0.213355 
2040 97 388.667 0.249572 0 0 100 97 0 0 0 0 4.875 -1.85256 0 0.154763 
2050 97 388.667 0.249572 0 0 100 97 0 0 0 0 4.875 -1.85256 0 0.154763 
2060 97 388.667 0.249572 0 0 100 97 0 0 0 0 4.875 -1.85256 0 0.154763 
2070 97 388.667 0.249572 0 0 100 97 0 0 0 0 4.875 -1.85256 0 0.154763 
2080 97 388.667 0.249572 0 0 100 97 0 0 0 0 4.875 -1.85256 0 0.123673 
2090 97 388.667 0.249572 0 0 100 97 0 0 0 0 4.875 -1.85256 0 0.123673 
2100 97 388.667 0.249572 0 0 100 97 0 0 0 0 4.875 -1.85256 0 0.123673 
2110 97 388.667 0.249572 0 0 100 97 0 0 0 0 4.875 -1.85256 0 0.123673 
2120 97 388.667 0.249572 0 0 100 97 0 0 0 0 4.875 -1.85256 0 0.123673 
2130 97 388.667 0.249572 0 0 100 97 0 0 0 0 4.875 -1.85256 0 0.123673 
2140 97 388.667 0.249572 0 0 100 97 0 0 0 0 4.875 -1.85256 0 0.123673 
2150 97 388.667 0.249572 0 0 100 97 0 0 0 0 4.875 -1.85256 0 0.123673 
2160 97 388.667 0.249572 0 0 100 97 0 0 0 0 4.875 -1.85256 0 0.123673 
2170 97 388.667 0.249572 0 0 100 97 0 0 0 0 4.875 -1.85256 0 0.123673 
2180 97 388.667 0.249572 0 0 100 97 0 0 0 0 4.875 -1.85256 0 0.123673 
2190 97 388.667 0.249572 0 0 100 97 0 0 0 0 4.875 -1.85256 0 0.123673 
2200 97 388.667 0.249572 0 0 100 97 0 0 0 0 4.875 -1.85256 0 0.123673 
2210 97 388.667 0.249572 0 0 100 97 0 0 0 0 4.875 -1.85256 0 0.123673 
2220 97 388.667 0.249572 0 0 100 97 0 0 0 0 4.875 -1.85256 0 0.123673 
2230 97 388.667 0.249572 0 0 100 97 0 0 0 0 4.875 -1.85256 0 0.123673 
2240 97 388.667 0.249572 0 0 100 97 0 0 0 0 4.875 -1.85256 0 0.123673 
2250 93.16 380.44 0.243321 0 0 98 93.16 0 0 0 0 4.96 -1.62394 0 0.131126 
2260 93.16 380.44 0.243321 0 0 98 93.16 0 0 0 0 4.96 -1.62394 0 0.131126 
2270 93.3077 380.769 0.243553 0 0 98.0769 93.3077 0 0 0 0 5.03846 -1.99488 0 0.138304 
2280 93.4444 381.074 0.243768 0 0 98.1481 93.4444 0 0 0 0 5.11111 -2.01208 0 0.145225 
2290 93.8 381.867 0.244327 0 0 98.3333 93.8 0 0 0 0 5.3 -1.92257 0 0.164624 
2300 94 382.312 0.244641 0 0 98.4375 94 0 0 0 0 5.40625 -2.11957 0 0.176374 
2310 94.1765 382.676 0.244938 0 0 98.5294 94.1765 0 0 0 0 5.5 -1.94463 0 0.187453 
2320 94.1765 382.676 0.244938 0 0 98.5294 94.1765 0 0 0 0 5.52941 -1.825 0 0.192993 
2330 94.2571 382.829 0.245082 0 0 98.5714 94.2571 0 0 0 0 5.62857 -1.6602 0 0.203919 
2340 94.2571 382.829 0.245082 0 0 98.5714 94.2571 0 0 0 0 5.65714 -1.63701 0 0.209305 
2350 94.4054 383.108 0.245348 0 0 98.6486 94.4054 0 0 0 0 5.78378 -1.81391 0 0.22489 
2360 94.4054 383.108 0.245348 0 0 98.6486 94.4054 0 0 0 0 5.78378 -1.81391 0 0.22489 
2370 94.5385 383.385 0.24557 0 0 98.7179 94.5385 0 0.025641 0 0 5.84615 -1.8293 0 0.229862 
2380 94.6 383.5 0.245681 0 0 98.75 94.6 0 0.025 0 0 5.875 -1.83386 0 0.23471 
2390 94.6 383.5 0.245681 0 0 98.75 94.6 0 0 0 0 5.875 -1.83386 0 0.23944 
2400 94.6 383.5 0.245681 0 0 98.75 94.6 0 0 0 0 5.875 -1.83386 0 0.23944 
2410 94.6 383.5 0.245681 0 0 98.75 94.6 0 0 0 0 5.875 -1.83386 0 0.21265 
2420 94.6 383.5 0.245681 0 0 98.75 94.6 0 0 0 0 5.875 -1.83386 0 0.178335 
2430 94.6 383.5 0.245681 0 0 98.75 94.6 0 0 0 0 5.875 -1.83386 0 0.168125 
2440 94.6 383.5 0.245681 0 0 98.75 94.6 0 0 0 0 5.875 -1.83386 0 0.168125 
2450 94.6 383.5 0.245681 0 0 98.75 94.6 0 0 0 0 5.875 -1.83386 0 0.158425 
2460 94.6 383.5 0.245681 0 0 98.75 94.6 0 0 0 0 5.875 -1.83386 0 0.158425 
2470 94.6 383.5 0.245681 0 0 98.75 94.6 0 0 0 0 5.875 -1.83386 0 0.12385 
2480 94.6 383.5 0.245681 0 0 98.75 94.6 0 0 0 0 5.875 -1.83386 0 0.115767 
2490 94.6 383.5 0.245681 0 0 98.75 94.6 0 0 0 0 5.875 -1.83386 0 0.115767 
2500 94.6 383.5 0.245681 0 0 98.75 94.6 0 0 0 0 5.875 -1.83386 0 0.115767 
2510 94.6 383.5 0.245681 0 0 98.75 94.6 0 0 0 0 5.875 -1.83386 0 0.115767 
2520 94.6 383.5 0.245681 0 0 98.75 94.6 0 0 0 0 5.875 -1.83386 0 0.115767 
2530 94.6 383.5 0.245681 0 0 98.75 94.6 0 0 0 0 5.875 -1.83386 0 0.115767 
2540 94.6 383.5 0.245681 0 0 98.75 94.6 0 0 0 0 5.875 -1.83386 0 0.115767 
2550 94.6 383.5 0.245681 0 0 98.75 94.6 0 0 0 0 5.875 -1.83386 0 0.115767 
2560 94.6 383.5 0.245681 0 0 98.75 94.6 0 0 0 0 5.875 -1.83386 0 0.115767 
2570 94.6 383.5 0.245681 0 0 98.75 94.6 0 0 0 0 5.875 -1.83386 0 0.115767 
2580 94.6 383.5 0.245681 0 0 98.75 94.6 0 0 0 0 5.875 -1.83386 0 0.115767 
2590 94.6 383.5 0.245681 0 0 98.75 94.6 0 0 0 0 5.875 -1.83386 0 0.115767 
2600 94.6 383.5 0.245681 0 0 98.75 94.6 0 0 0 0 5.875 -1.83386 0 0.115767 
2610 94.6 383.5 0.245681 0 0 98.75 94.6 0 0 0 0 5.875 -1.83386 0 0.115767 
2620 94.6 383.5 0.245681 0 0 98.75 94.6 0 0 0 0 5.875 -1.83386 0 0.115767 
2630 94.6 383.5 0.245681 0 0 98.75 94.6 0 0 0 0 5.875 -1.83386 0 0.115767 
2640 94.6 383.5 0.245681 0 0 98.75 94.6 0 0 0 0 5.925 -1.83813 0 0.120497 
2650 94.6 383.5 0.245681 0 0 98.75 94.6 0 0 0 0 5.925 -1.83813 0 0.120497 
2660 94.7143 383.714 0.245887 0 0 98.8095 94.7143 0 0.0238095 0.0238095 0 6.02381 -2.11031 0 0.125114 
2670 94.8696 383.957 0.246216 0 0 98.8913 94.8696 0 0.0217391 0 0 6.19565 -2.23435 0 0.142558 
2680 94.9149 384.064 0.246283 0 0 98.9149 94.9149 0 0 0 0 6.23404 -2.18786 0 0.150722 
2690 95 384.245 0.246422 0 0 98.9592 95 0 0 0 0 6.38776 -2.21107 0 0.16639 
2700 95.1154 384.519 0.246591 0 0 99.0192 95.1154 0 0.0192308 0.0192308 0 6.5 -2.2101 0 0.177722 
2710 95.1852 384.667 0.246705 0 0 99.0556 95.1852 0 0 0 0 6.61111 -1.97321 0 0.19568 
2720 95.1852 384.667 0.246705 0 0 99.0556 95.1852 0 0.0185185 0 0 6.66667 -1.90797 0 0.199206 
2730 95.1852 384.667 0.246705 0 0 99.0556 95.1852 0 0 0 0 6.68519 -1.80206 0 0.206256 
2740 95.1852 384.667 0.246705 0 0 99.0556 95.1852 0 0 0 0 6.7037 -1.78863 0 0.209782 
2750 95.25 384.679 0.246893 0 0 99.0893 95.25 0 0 0 0 6.75 -1.71611 0 0.209193 
2760 95.2807 384.702 0.24697 0 0 99.1053 95.2807 0 0 0 0 6.77193 -1.68565 0 0.212536 
2770 95.339 384.746 0.247116 0 0 99.1356 95.339 0 0.0169492 0.0169492 0 6.81356 -1.65472 0 0.208645 
2780 95.339 384.746 0.247116 0 0 99.1356 95.339 0 0 0 0 6.81356 -1.65472 0 0.204955 
2790 95.339 384.746 0.247116 0 0 99.1356 95.339 0 0 0 0 6.81356 -1.65472 0 0.185557 
2800 95.339 384.746 0.247116 0 0 99.1356 95.339 0 0 0 0 6.81356 -1.65472 0 0.173807 
2810 95.339 384.746 0.247116 0 0 99.1356 95.339 0 0 0 0 6.81356 -1.65472 0 0.162727 
2820 95.339 384.746 0.247116 0 0 99.1356 95.339 0 0 0 0 6.81356 -1.65472 0 0.157188 
2830 95.3103 384.672 0.247078 0 0 99.1207 95.3103 0 0 0 0 6.89655 -1.65443 0 0.146262 
2840 95.3103 384.672 0.247078 0 0 99.1207 95.3103 0 0 0 0 6.89655 -1.65443 0 0.140876 
2850 95.3103 384.672 0.247078 0 0 99.1207 95.3103 0 0 0 0 6.89655 -1.65443 0 0.125291 
2860 95.3103 384.672 0.247078 0 0 99.1207 95.3103 0 0 0 0 6.89655 -1.65443 0 0.125291 
2870 95.3103 384.672 0.247078 0 0 99.1207 95.3103 0 0 0 0 6.89655 -1.65443 0 0.120319 
2880 95.3103 384.672 0.247078 0 0 99.1207 95.3103 0 0 0 0 6.89655 -1.65443 0 0.115471 
2890 95.3103 384.672 0.247078 0 0 99.1207 95.3103 0 0 0 0 6.89655 -1.65443 0 0.110741 
2900 95.3103 384.672 0.247078 0 0 99.1207 95.3103 0 0 0 0 6.89655 -1.65443 0 0.110741 
2910 95.3103 384.672 0.247078 0 0 99.1207 95.3103 0 0 0 0 6.89655 -1.65443 0 0.110741 
2920 95.3103 384.672 0.247078 0 0 99.1207 95.3103 0 0 0 0 6.89655 -1.65443 0 0.110741 
2930 95.3103 384.672 0.247078 0 0 99.1207 95.3103 0 0 0 0 6.89655 -1.65443 0 0.110741 
2940 95.3103 384.672 0.247078 0 0 99.1207 95.3103 0 0 0 0 6.89655 -1.65443 0 0.110741 
2950 95.3103 384.672 0.247078 0 0 99.1207 95.3103 0 0 0 0 6.89655 -1.65443 0 0.110741 
2960 95.3103 384.672 0.247078 0 0 99.1207 95.3103 0 0 0 0 6.89655 -1.65443 0 0.110741 
2970 95.3103 384.672 0.247078 0 0 99.1207 95.3103 0 0 0 0 6.89655 -1.65443 0 0.110741 
2980 95.3103 384.672 0.247078 0 0 99.1207 95.3103 0 0 0 0 6.89655 -1.65443 0 0.110741 
2990 95.3103 384.672 0.247078 0 0 99.1207 95.3103 0 0 0 0 6.89655 -1.65443 0 0.110741 
3000 95.3103 384.672 0.247078 0 0 99.1207 95.3103 0 0 0 0 6.89655 -1.65443 0 0.110741 
3010 95.4194 384.935 0.247235 0 0 99.1774 95.4194 0 0.0322581 0.016129 0 7.03226 -1.8362 0 0.117151 
3020 95.4688 385.047 0.247311 0 0 99.2031 95.4688 0 0 0 0 7.09375 -1.86328 0 0.129321 
3030 95.5455 385.212 0.247422 0 0 99.2424 95.5455 0 0 0 0 7.15152 -1.937 0 0.135154 
3040 95.5455 385.182 0.247442 0 0 99.2424 95.5455 0 0 0 0 7.16667 -2.02889 0 0.13805 
3050 95.5455 385.182 0.247442 0 0 99.2424 95.5455 0 0 0 0 7.16667 -2.02889 0 0.13805 
3060 95.5735 385.25 0.247488 0 0 99.25 95.5735 0 0.0294118 0.0294118 0 7.23529 -2.07555 0 0.140902 
3070 96.3288 386.849 0.248729 0 0 99.3014 96.3288 0 0 0 0 7.39726 -2.11424 0 0.162601 
3080 96.3333 386.853 0.248746 0 0 99.3067 96.3333 0 0 0 0 7.52 -2.05073 0 0.178225 
3090 96.3421 386.882 0.248754 0 0 99.3158 96.3421 0 0 0 0 7.57895 -2.18551 0 0.185898 
3100 96.3671 386.949 0.248785 0 0 99.3418 96.3671 0 0 0 0 7.65823 -2.20126 0 0.195751 
3110 96.3827 386.938 0.248839 0 0 99.358 96.3827 0 0 0 0 7.7284 -2.10298 0 0.205359 
3120 96.3827 386.914 0.248855 0 0 99.358 96.3827 0 0.0123457 0 0 7.74074 -2.12836 0 0.205359 
3130 96.3827 386.901 0.248863 0 0 99.358 96.3827 0 0 0 0 7.75309 -1.9994 0 0.210119 
3140 96.4217 386.916 0.24896 0 0 99.3855 96.4217 0 0 0 0 7.81928 -1.91873 0 0.217117 
3150 96.4353 386.918 0.249 0 0 99.4 96.4353 0 0 0 0 7.84706 -1.91566 0 0.221682 
3160 96.4353 386.918 0.249 0 0 99.4 96.4353 0 0 0 0 7.84706 -1.91566 0 0.217065 
3170 96.4483 386.92 0.249037 0 0 99.4138 96.4483 0 0 0 0 7.87356 -1.83267 0 0.204081 
3180 96.4483 386.92 0.249037 0 0 99.4138 96.4483 0 0 0 0 7.87356 -1.83267 0 0.195917 
3190 96.4483 386.92 0.249037 0 0 99.4138 96.4483 0 0 0 0 7.87356 -1.83267 0 0.180249 
3200 96.4483 386.92 0.249037 0 0 99.4138 96.4483 0 0 0 0 7.87356 -1.83267 0 0.168917 
3210 96.4483 386.92 0.249037 0 0 99.4138 96.4483 0 0 0 0 7.87356 -1.83267 0 0.150959 
3220 96.4483 386.92 0.249037 0 0 99.4138 96.4483 0 0 0 0 7.87356 -1.83267 0 0.147434 
3230 96.4483 386.92 0.249037 0 0 99.4138 96.4483 0 0 0 0 7.87356 -1.83267 0 0.140383 
3240 96.4483 386.92 0.249037 0 0 99.4138 96.4483 0 0 0 0 7.87356 -1.83267 0 0.136857 
3250 96.4483 386.92 0.249037 0 0 99.4138 96.4483 0 0 0 0 7.87356 -1.83267 0 0.129993 
3260 96.4483 386.92 0.249037 0 0 99.4138 96.4483 0 0 0 0 7.87356 -1.83267 0 0.12665 
3270 96.4483 386.92 0.249037 0 0 99.4138 96.4483 0 0 0 0 7.87356 -1.83267 0 0.123363 
3280 96.4483 386.92 0.249037 0 0 99.4138 96.4483 0 0 0 0 7.87356 -1.83267 0 0.120132 
3290 96.4483 386.92 0.249037 0 0 99.4138 96.4483 0 0 0 0 7.87356 -1.83267 0 0.120132 
3300 96.4483 386.92 0.249037 0 0 99.4138 96.4483 0 0 0 0 7.87356 -1.83267 0 0.120132 
3310 95.3636 384.636 0.247247 0 0 98.8523 95.3636 0 0 0 0 7.89773 -1.86719 0 0.122299 
3320 95.3636 384.636 0.247247 0 0 98.8523 95.3636 0 0 0 0 7.89773 -1.86719 0 0.122299 
3330 95.3636 384.636 0.247247 0 0 98.8523 95.3636 0 0 0 0 7.89773 -1.86719 0 0.122299 
3340 95.3636 384.636 0.247247 0 0 98.8523 95.3636 0 0 0 0 7.89773 -1.86719 0 0.122299 
3350 95.3636 384.636 0.247247 0 0 98.8523 95.3636 0 0 0 0 7.89773 -1.86719 0 0.122299 
3360 95.3636 384.636 0.247247 0 0 98.8523 95.3636 0 0 0 0 7.89773 -1.86719 0 0.122299 
3370 95.3636 384.636 0.247247 0 0 98.8523 95.3636 0 0 0 0 7.89773 -1.86719 0 0.122299 
3380 95.3636 384.636 0.247247 0 0 98.8523 95.3636 0 0 0 0 7.92045 -1.87669 0 0.124466 
3390 95.382 384.685 0.247271 0 0 98.8652 95.382 0 0 0 0 7.94382 -1.88328 0 0.12661 
3400 95.382 384.697 0.247263 0 0 98.8652 95.382 0 0.011236 0 0 7.98876 -1.79519 0 0.128753 
3410 95.4457 384.815 0.247374 0 0 98.913 95.4457 0 0 0 0 8.07609 -1.95726 0 0.139264 
3420 95.4624 384.806 0.24743 0 0 98.9247 95.4624 0 0.0107527 0 0 8.13978 -1.85612 0 0.145489 
3430 95.5104 384.885 0.247523 0 0 98.9583 95.5104 0 0.0104167 0 0 8.25 -1.79054 0 0.157615 
3440 95.5408 384.929 0.247587 0 0 98.9796 95.5408 0 0 0 0 8.32653 -2.07567 0 0.169452 
3450 95.58 385.06 0.247616 0 0 99.01 95.58 0 0.01 0 0 8.39 -2.06345 0 0.175244 
3460 95.6117 385.126 0.247673 0 0 99.0291 95.6117 0 0.00970874 0.00970874 0 8.47573 -2.01729 0 0.186585 
3470 95.6571 385.257 0.247717 0 0 99.0571 95.6571 0 0 0 0 8.52381 -1.94963 0 0.195781 
3480 95.6822 385.28 0.247778 0 0 99.0748 95.6822 0 0.00934579 0 0 8.56075 -1.94152 0 0.199409 
3490 95.7037 385.306 0.247822 0 0 99.0926 95.7037 0 0.00925926 0 0 8.63889 -1.97749 0 0.20653 
3500 95.7455 385.4 0.247879 0 0 99.1182 95.7455 0 0.0181818 0 0 8.75455 -1.95315 0 0.217021 
3510 95.7477 385.36 0.247916 0 0 99.1261 95.7477 0 0 0 0 8.78378 -1.93054 0 0.219283 
3520 95.7589 385.339 0.247964 0 0 99.1339 95.7589 0 0 0 0 8.82143 -1.99906 0 0.212244 
3530 95.7589 385.312 0.247981 0 0 99.1339 95.7589 0 0.00892857 0 0 8.83929 -1.93966 0 0.20812 
3540 95.7589 385.295 0.247993 0 0 99.1339 95.7589 0 0 0 0 8.84821 -1.9067 0 0.208645 
3550 95.7699 385.31 0.248016 0 0 99.1416 95.7699 0 0 0 0 8.85841 -1.89814 0 0.21034 
3560 95.7895 385.333 0.248056 0 0 99.1579 95.7895 0 0 0 0 8.86842 -1.90675 0 0.209168 
3570 96.2 386.139 0.24878 0 0 99.5913 96.2 0 0 0 0 8.91304 -1.85579 0 0.19083 
3580 96.2 386.139 0.24878 0 0 99.5913 96.2 0 0 0 0 8.91304 -1.85579 0 0.175206 
3590 96.2 386.139 0.24878 0 0 99.5913 96.2 0 0 0 0 8.91304 -1.85579 0 0.167533 
3600 96.2 386.139 0.24878 0 0 99.5913 96.2 0 0 0 0 8.91304 -1.85579 0 0.15768 
3610 96.2 386.139 0.24878 0 0 99.5913 96.2 0 0 0 0 8.91304 -1.85579 0 0.148072 
3620 96.2 386.139 0.24878 0 0 99.5913 96.2 0 0 0 0 8.91304 -1.85579 0 0.148072 
3630 96.2 386.139 0.24878 0 0 99.5913 96.2 0 0 0 0 8.91304 -1.85579 0 0.143313 
3640 96.2 386.139 0.24878 0 0 99.5913 96.2 0 0 0 0 8.91304 -1.85579 0 0.131584 
3650 96.2 386.139 0.24878 0 0 99.5913 96.2 0 0 0 0 8.91304 -1.85579 0 0.127019 
3660 96.2 386.139 0.24878 0 0 99.5913 96.2 0 0 0 0 8.91304 -1.85579 0 0.127019 
3670 96.2 386.139 0.24878 0 0 99.5913 96.2 0 0 0 0 8.91304 -1.85579 0 0.122559 
3680 95.431 391.06 0.245818 0 0 99.1466 95.431 0 0 0 0 8.92241 -1.85542 0 0.124204 
3690 95.431 391.06 0.245818 0 0 99.1466 95.431 0 0 0 0 8.92241 -1.85542 0 0.124204 
3700 94.6239 389.299 0.244503 0 0 98.7265 94.6239 0 0 0 0 8.94017 -1.80775 0 0.125822 
3710 94.6239 389.299 0.244503 0 0 98.7265 94.6239 0 0 0 0 8.94017 -1.80775 0 0.125822 
3720 94.6239 389.299 0.244503 0 0 98.7265 94.6239 0 0 0 0 8.94017 -1.80775 0 0.125822 
3730 94.2137 388.436 0.243826 0 0 98.2991 94.2137 0 0 0 0 8.94872 -1.79828 0 0.127432 
3740 94.2373 388.441 0.243873 0 0 98.3136 94.2373 0 0 0 0 8.9661 -1.83257 0 0.12903 
3750 94.2373 388.441 0.243873 0 0 98.3136 94.2373 0 0 0 0 8.9661 -1.83257 0 0.12903 
3760 94.2373 388.432 0.243878 0 0 98.322 94.2373 0 0 0 0 8.98305 -1.79409 0 0.130627 
3770 94.2605 388.437 0.243925 0 0 98.3361 94.2605 0 0 0 0 9 -1.82433 0 0.132211 
3780 94.2833 388.45 0.243964 0 0 98.35 94.2833 0 0 0 0 9.03333 -1.92483 0 0.135354 
3790 94.3443 388.5 0.244069 0 0 98.3852 94.3443 0 0.00819672 0.00819672 0 9.09016 -1.93467 0 0.140056 
3800 94.3306 388.395 0.24408 0 0 98.4194 94.3306 0 0.00806452 0.00806452 0 9.16129 -1.90979 0 0.147738 
3810 94.4016 388.354 0.24426 0 0 98.4646 94.4016 0 0 0 0 9.22047 -2.01076 0 0.154559 
3820 94.458 388.244 0.244441 0 0 98.4962 94.458 0 0.00763359 0 0 9.33588 -2.07958 0 0.166283 
3830 94.4887 388.233 0.24451 0 0 98.5113 94.4887 0 0 0 0 9.37594 -2.03156 0 0.171998 
3840 94.5333 388.274 0.244581 0 0 98.5333 94.5333 0 0 0 0 9.46667 -2.10223 0 0.183304 
3850 94.65 388.286 0.244834 0 0 98.6071 94.65 0 0 0 0 9.55 -2.04702 0 0.192864 
3860 94.6993 388.273 0.244947 0 0 98.6364 94.6993 0 0 0 0 9.60839 -2.04184 0 0.200875 
3870 94.6993 388.259 0.244956 0 0 98.6364 94.6993 0 0 0 0 9.63636 -2.01842 0 0.203524 
3880 94.7891 388.224 0.245182 0 0 98.6939 94.7891 0 0 0 0 9.68707 -2.028 0 0.209154 
3890 94.8176 388.257 0.245227 0 0 98.7095 94.8176 0 0.0135135 0.0135135 0 9.76351 -2.07488 0 0.212152 
3900 94.8121 388.141 0.245281 0 0 98.7047 94.8121 0 0 0 0 9.77852 -2.07311 0 0.215117 
3910 94.8121 388.148 0.245277 0 0 98.7047 94.8121 0 0 0 0 9.80537 -2.05312 0 0.208424 
3920 94.8188 388.188 0.245268 0 0 98.7047 94.8188 0 0 0 0 9.8255 -2.04958 0 0.204745 
3930 94.8188 388.188 0.245268 0 0 98.7047 94.8188 0 0 0 0 9.83221 -2.05484 0 0.193891 
3940 94.84 388.187 0.245317 0 0 98.72 94.84 0 0 0 0 9.84 -2.05178 0 0.183319 
3950 94.84 388.187 0.245317 0 0 98.72 94.84 0 0 0 0 9.84 -2.05178 0 0.177527 
3960 94.8618 388.112 0.245408 0 0 98.7303 94.8618 0 0 0 0 9.85526 -1.9966 0 0.168682 
3970 94.8684 388.132 0.245413 0 0 98.7368 94.8684 0 0 0 0 9.86184 -2.00875 0 0.160734 
3980 94.8684 388.132 0.245413 0 0 98.7368 94.8684 0 0 0 0 9.86184 -2.00875 0 0.157106 
3990 94.8684 388.132 0.245413 0 0 98.7368 94.8684 0 0 0 0 9.86184 -2.00875 0 0.149985 
4000 94.8684 388.132 0.245413 0 0 98.7368 94.8684 0 0 0 0 9.86184 -2.00875 0 0.139494 
4010 94.8684 388.132 0.245413 0 0 98.7368 94.8684 0 0 0 0 9.86184 -2.00875 0 0.130821 
4020 94.8684 388.132 0.245413 0 0 98.7368 94.8684 0 0 0 0 9.86184 -2.00875 0 0.125691 
4030 94.8684 388.132 0.245413 0 0 98.7368 94.8684 0 0 0 0 9.86184 -2.00875 0 0.123981 
4040 94.8684 388.132 0.245413 0 0 98.7368 94.8684 0 0 0 0 9.86184 -2.00875 0 0.120561 
4050 94.8684 388.132 0.245413 0 0 98.7368 94.8684 0 0 0 0 9.86184 -2.00875 0 0.118866 
4060 94.8684 388.132 0.245413 0 0 98.7368 94.8684 0 0 0 0 9.86184 -2.00875 0 0.117186 
4070 94.8684 388.132 0.245413 0 0 98.7368 94.8684 0 0 0 0 9.86184 -2.00875 0 0.113825 
4080 94.8684 388.132 0.245413 0 0 98.7368 94.8684 0 0 0 0 9.86184 -2.00875 0 0.113825 
4090 94.8684 388.132 0.245413 0 0 98.7368 94.8684 0 0 0 0 9.86184 -2.00875 0 0.113825 
4100 94.8824 388.137 0.245438 0 0 98.7451 94.8824 0 0 0 0 9.87582 -2.0391 0 0.115065 
4110 94.8961 388.143 0.245464 0 0 98.7532 94.8961 0 0 0 0 9.88961 -2.0517 0 0.116297 
4120 94.8961 388.143 0.245464 0 0 98.7532 94.8961 0 0 0 0 9.88961 -2.0517 0 0.116297 
4130 94.8961 388.143 0.245464 0 0 98.7532 94.8961 0 0 0 0 9.88961 -2.0517 0 0.116297 
4140 94.9156 388.175 0.245493 0 0 98.7727 94.9156 0 0 0 0 9.91558 -2.12879 0 0.118763 
4150 94.929 388.168 0.245526 0 0 98.7806 94.929 0 0 0 0 9.94194 -2.23557 0 0.12122 
4160 94.3439 386.828 0.244607 0 0 98.4777 94.3439 0 0.00636943 0 0 9.99363 -2.19986 0 0.126067 
4170 94.4695 386.878 0.244868 0 0 98.5549 94.4695 0 0 0 0 10.1159 -2.31367 0 0.139006 
4180 94.4458 386.831 0.244826 0 0 98.5723 94.4458 0 0.0120482 0.0060241 0 10.1928 -2.33993 0 0.143112 
4190 94.4167 386.774 0.244777 0 0 98.5893 94.4167 0 0.0119048 0 0 10.2619 -2.35301 0 0.152161 
4200 94.4412 386.765 0.244839 0 0 98.6 94.4412 0 0.00588235 0.00588235 0 10.3471 -2.38938 0 0.159471 
4210 94.5087 386.844 0.24495 0 0 98.6416 94.5087 0 0.00578035 0 0 10.4335 -2.37793 0 0.169379 
4220 94.5932 386.881 0.24513 0 0 98.7006 94.5932 0 0.00564972 0.00564972 0 10.4972 -2.44748 0 0.178036 
4230 94.9222 387.411 0.245742 0 0 98.7278 94.9222 0 0 0 0 10.5444 -2.44744 0 0.183835 
4240 95.2022 387.88 0.246262 0 0 99.0109 95.2022 0 0 0 0 10.6175 -2.37292 0 0.190593 
4250 95.1514 387.805 0.246169 0 0 99.0162 95.1514 0 0 0 0 10.6541 -2.31949 0 0.195748 
4260 95.1765 387.754 0.246259 0 0 99.0321 95.1765 0 0 0 0 10.7005 -2.2758 0 0.200285 
4270 95.1915 387.745 0.246299 0 0 99.0426 95.1915 0 0.00531915 0.00531915 0 10.7234 -2.24694 0 0.20175 
4280 95.1915 387.745 0.246299 0 0 99.0426 95.1915 0 0 0 0 10.7234 -2.24694 0 0.19962 
4290 95.1842 387.653 0.246331 0 0 99.0263 95.1842 0 0 0 0 10.7579 -2.17406 0 0.199944 
4300 95.1146 387.531 0.246217 0 0 99.0365 95.1146 0 0.00520833 0 0 10.7812 -2.13184 0 0.195239 
4310 95.1198 387.536 0.246227 0 0 99.0417 95.1198 0 0 0 0 10.7917 -2.10057 0 0.189223 
4320 95.1198 387.536 0.246227 0 0 99.0417 95.1198 0 0 0 0 10.7917 -2.10057 0 0.177499 
4330 95.1198 387.536 0.246227 0 0 99.0417 95.1198 0 0 0 0 10.7969 -2.10942 0 0.172774 
4340 95.1198 387.536 0.246227 0 0 99.0469 95.1198 0 0 0 0 10.8021 -2.12501 0 0.162459 
4350 95.1198 387.536 0.246227 0 0 99.0469 95.1198 0 0 0 0 10.8021 -2.12501 0 0.152899 
4360 95.1192 387.451 0.246277 0 0 99.0415 95.1192 0 0 0 0 10.8135 -2.04069 0 0.14686 
4370 95.1192 387.451 0.246277 0 0 99.0415 95.1192 0 0 0 0 10.8135 -2.04069 0 0.144211 
4380 95.1192 387.451 0.246277 0 0 99.0415 95.1192 0 0 0 0 10.8135 -2.04069 0 0.136414 
4390 95.1192 387.451 0.246277 0 0 99.0415 95.1192 0 0 0 0 10.8135 -2.04069 0 0.131272 
4400 95.1192 387.451 0.246277 0 0 99.0415 95.1192 0 0 0 0 10.8135 -2.04069 0 0.126164 
4410 95.1192 387.451 0.246277 0 0 99.0415 95.1192 0 0 0 0 10.8135 -2.04069 0 0.122346 
4420 95.1192 387.451 0.246277 0 0 99.0415 95.1192 0 0 0 0 10.8135 -2.04069 0 0.119801 
4430 95.1192 387.451 0.246277 0 0 99.0415 95.1192 0 0 0 0 10.8135 -2.04069 0 0.118528 
4440 95.1192 387.451 0.246277 0 0 99.0415 95.1192 0 0 0 0 10.8135 -2.04069 0 0.117263 
4450 95.1192 387.451 0.246277 0 0 99.0415 95.1192 0 0 0 0 10.8135 -2.04069 0 0.117263 
4460 95.1192 387.451 0.246277 0 0 99.0415 95.1192 0 0 0 0 10.8135 -2.04069 0 0.114767 
4470 95.1289 387.459 0.246293 0 0 99.0464 95.1289 0 0 0 0 10.8247 -2.03282 0 0.114499 
4480 95.1289 387.459 0.246293 0 0 99.0464 95.1289 0 0 0 0 10.8247 -2.03282 0 0.114499 
4490 95.1385 387.426 0.246335 0 0 99.0513 95.1385 0 0.0102564 0.00512821 0 10.8513 -2.05472 0 0.115475 
4500 95.1538 387.472 0.246345 0 0 99.0615 95.1538 0 0 0 0 10.8615 -2.05968 0 0.118403 
4510 94.9179 387.492 0.245687 0 0 99.0718 94.9179 0 0 0 0 10.9077 -2.11829 0 0.122302 
4520 94.8579 387.426 0.245564 0 0 99.0964 94.8579 0 0 0 0 10.9289 -2.15507 0 0.124232 
4530 94.8744 387.412 0.245609 0 0 99.1055 94.8744 0 0.0100503 0.0100503 0 10.9799 -2.21171 0 0.128051 
4540 94.8955 387.393 0.245669 0 0 99.1144 94.8955 0 0 0 0 11.01 -2.20561 0 0.132805 
4550 95.0686 387.554 0.246064 0 0 99.3775 95.0686 0 0 0 0 11.0784 -2.2088 0 0.140284 
4560 95.1394 387.572 0.246223 0 0 99.3798 95.1394 0 0.00480769 0.00480769 0 11.149 -2.2736 0 0.146738 
4570 95.1589 387.519 0.246283 0 0 99.4019 95.1589 0 0.00934579 0 0 11.257 -2.40015 0 0.157624 
4580 94.7615 387.064 0.24541 0 0 99.1927 94.7615 0 0.00458716 0.00458716 0 11.3303 -2.33739 0 0.16822 
4590 94.7955 387.068 0.245491 0 0 99.2182 94.7955 0 0.00454545 0 0 11.4136 -2.29035 0 0.176872 
4600 94.8206 387.018 0.24558 0 0 99.2287 94.8206 0 0.0044843 0 0 11.4798 -2.31157 0 0.181618 
4610 95.0617 387.41 0.24603 0 0 99.2555 95.0617 0 0.00881057 0.00440529 0 11.5419 -2.37275 0 0.187975 
4620 95.0866 387.346 0.246125 0 0 99.2641 95.0866 0 0 0 0 11.5671 -2.37731 0 0.192961 
4630 95.1068 387.321 0.246185 0 0 99.2692 95.1068 0 0.0042735 0.0042735 0 11.6068 -2.3244 0 0.198689 
4640 95.0897 387.282 0.246166 0 0 99.2778 95.0897 0 0 0 0 11.6581 -2.21191 0 0.203539 
4650 95.2766 387.66 0.246489 0 0 99.5021 95.2766 0 0.00425532 0 0 11.6936 -2.18153 0 0.205146 
4660 95.2797 387.631 0.246512 0 0 99.5 95.2797 0 0 0 0 11.7373 -2.12525 0 0.205963 
4670 95.2754 387.614 0.246512 0 0 99.5 95.2754 0 0 0 0 11.7458 -2.14454 0 0.194638 
4680 95.2658 387.565 0.246516 0 0 99.4852 95.2658 0 0.00421941 0.00421941 0 11.7553 -2.14451 0 0.189694 
4690 95.2773 387.563 0.246544 0 0 99.4916 95.2773 0 0.00420168 0 0 11.7605 -2.1208 0 0.181449 
4700 95.2773 387.567 0.246542 0 0 99.4916 95.2773 0 0.00420168 0 0 11.7647 -2.12809 0 0.173322 
4710 95.2731 387.555 0.246539 0 0 99.479 95.2731 0 0 0 0 11.7815 -2.06729 0 0.167418 
4720 95.2762 387.523 0.246564 0 0 99.477 95.2762 0 0 0 0 11.7866 -2.05391 0 0.159558 
4730 95.2792 387.492 0.24659 0 0 99.475 95.2792 0 0 0 0 11.7958 -2.0048 0 0.153735 
4740 95.2792 387.492 0.24659 0 0 99.475 95.2792 0 0 0 0 11.7958 -2.0048 0 0.145381 
4750 95.2792 387.492 0.24659 0 0 99.475 95.2792 0 0 0 0 11.7958 -2.0048 0 0.140225 
4760 95.249 387.448 0.246535 0 0 99.4772 95.249 0 0 0 0 11.8008 -2.00687 0 0.134881 
4770 95.2375 387.417 0.246529 0 0 99.4708 95.2375 0 0 0 0 11.825 -1.97574 0 0.132623 
4780 95.2375 387.417 0.246529 0 0 99.4708 95.2375 0 0 0 0 11.825 -1.97574 0 0.13161 
4790 95.2375 387.417 0.246529 0 0 99.4708 95.2375 0 0 0 0 11.825 -1.97574 0 0.126584 
4800 95.2375 387.417 0.246529 0 0 99.4708 95.2375 0 0 0 0 11.825 -1.97574 0 0.123607 
4810 95.2375 387.417 0.246529 0 0 99.4708 95.2375 0 0 0 0 11.825 -1.97574 0 0.120635 
4820 95.2375 387.417 0.246529 0 0 99.4708 95.2375 0 0 0 0 11.825 -1.97574 0 0.120635 
4830 95.2375 387.417 0.246529 0 0 99.4708 95.2375 0 0 0 0 11.825 -1.97574 0 0.119644 
4840 94.8642 386.584 0.245924 0 0 99.2716 94.8642 0 0 0 0 11.8519 -1.97783 0 0.121011 
4850 94.873 386.586 0.245944 0 0 99.2746 94.873 0 0 0 0 11.8607 -2.00074 0 0.121789 
4860 94.873 386.59 0.245941 0 0 99.2746 94.873 0 0 0 0 11.8689 -2.01261 0 0.120595 
4870 94.5943 386.279 0.245365 0 0 99.0697 94.5943 0 0 0 0 11.9016 -1.99317 0 0.123706 
4880 94.6082 386.282 0.245397 0 0 99.0776 94.6082 0 0 0 0 11.9184 -1.99743 0 0.125254 
4890 94.622 386.28 0.245432 0 0 99.0894 94.622 0 0.00406504 0 0 11.9553 -2.05501 0 0.128331 
4900 94.6397 386.291 0.245468 0 0 99.1012 94.6397 0 0.00404858 0.00404858 0 11.9757 -2.09196 0 0.130633 
4910 94.6532 386.286 0.245505 0 0 99.1089 94.6532 0 0.00403226 0 0 12.0121 -2.12757 0 0.132932 
4920 94.684 386.32 0.24556 0 0 99.128 94.684 0 0.004 0.004 0 12.072 -2.09486 0 0.139774 
4930 94.7148 386.355 0.245605 0 0 99.1602 94.7148 0 0 0 0 12.1211 -2.13374 0 0.145756 
4940 94.7276 386.366 0.24563 0 0 99.1673 94.7276 0 0.0077821 0 0 12.1712 -2.19178 0 0.149442 
4950 94.7326 386.388 0.245627 0 0 99.1667 94.7326 0 0 0 0 12.2171 -2.18958 0 0.15606 
4960 94.73 386.338 0.245642 0 0 99.1749 94.73 0 0.00760456 0.00760456 0 12.2966 -2.17623 0 0.162594 
4970 94.6111 385.281 0.24552 0 0 99.0222 94.6111 0 0.0037037 0 0 12.3963 -2.22087 0 0.172939 
4980 94.8425 385.41 0.246085 0 0 99.2125 94.8425 0 0.010989 0 0 12.4982 -2.16104 0 0.183411 
4990 95.0181 385.638 0.24644 0 0 99.4384 95.0181 0 0 0 0 12.5471 -2.25385 0 0.191449 
5000 95.1317 388.491 0.245782 0 0 99.79 95.8149 0 0 0 0 12.6335 -2.32253 0 0.200092 
5010 95.1368 388.347 0.245876 0 0 99.7684 95.8105 0 0 0 0 12.6842 -2.25323 0 0.202912 
5020 95.1368 388.347 0.245876 0 0 99.7684 95.8105 0 0 0 0 12.6947 -2.24876 0 0.202984 
5030 95.1084 388.315 0.245818 0 0 99.7692 95.7797 0 0.0034965 0 0 12.7343 -2.30374 0 0.20383 
5040 95.1045 388.282 0.245826 0 0 99.7735 95.7735 0 0 0 0 12.7491 -2.27429 0 0.202395 
5050 95.1045 388.265 0.245837 0 0 99.7735 95.7735 0 0 0 0 12.7596 -2.28939 0 0.196905 
5060 95.1185 388.289 0.245857 0 0 99.7735 95.7875 0 0 0 0 12.7735 -2.20417 0 0.193101 
5070 95.1568 388.334 0.245929 0 0 99.777 95.8258 0 0 0 0 12.7805 -2.19806 0 0.183541 
5080 95.1463 388.314 0.245915 0 0 99.7666 95.8153 0 0 0 0 12.784 -2.19746 0 0.173608 
5090 95.1834 388.291 0.246021 0 0 99.7612 95.8478 0 0 0 0 12.7993 -2.19502 0 0.166935 
5100 95.2138 388.272 0.24611 0 0 99.7552 95.8759 0 0 0 0 12.8103 -2.15051 0 0.162264 
5110 95.2138 388.272 0.24611 0 0 99.7552 95.8759 0 0 0 0 12.8103 -2.15051 0 0.154675 
5120 95.2138 388.255 0.246122 0 0 99.7517 95.8759 0 0.00344828 0 0 12.8207 -2.08277 0 0.151002 
5130 95.2138 388.255 0.246122 0 0 99.7517 95.8759 0 0 0 0 12.8207 -2.08277 0 0.145931 
5140 95.2138 388.255 0.246122 0 0 99.7517 95.8759 0 0 0 0 12.8207 -2.08277 0 0.138615 
5150 95.2138 388.252 0.246124 0 0 99.7517 95.8759 0 0 0 0 12.8241 -2.08526 0 0.135207 
5160 95.2138 388.252 0.246124 0 0 99.7517 95.8759 0 0 0 0 12.8241 -2.08526 0 0.129544 
5170 95.189 388.213 0.24608 0 0 99.7526 95.8488 0 0 0 0 12.8282 -2.09316 0 0.128584 
5180 95.189 388.213 0.24608 0 0 99.7526 95.8488 0 0 0 0 12.8282 -2.09316 0 0.127776 
5190 95.189 388.213 0.24608 0 0 99.7526 95.8488 0 0 0 0 12.8282 -2.09316 0 0.126972 
5200 95.1952 388.209 0.246096 0 0 99.7534 95.8527 0 0 0 0 12.8356 -2.09944 0 0.126824 
5210 95.2014 388.212 0.246107 0 0 99.7543 95.8567 0 0 0 0 12.843 -2.08203 0 0.123471 
5220 95.2075 388.207 0.246122 0 0 99.7551 95.8605 0 0 0 0 12.8503 -2.10326 0 0.123321 
5230 94.9057 387.522 0.245639 0 0 99.5926 95.5522 0 0 0 0 12.8788 -2.17197 0 0.124296 
5240 95.0673 387.852 0.245912 0 0 99.5926 95.7138 0 0 0 0 12.9057 -2.15947 0 0.126215 
5250 94.9161 387.517 0.245667 0 0 99.4295 95.5604 0 0.0033557 0.0033557 0 12.9262 -2.18845 0 0.127492 
5260 94.9264 387.512 0.245694 0 0 99.4348 95.5686 0 0 0 0 12.9331 -2.18529 0 0.127974 
5270 94.9433 387.527 0.245726 0 0 99.4467 95.5833 0 0 0 0 12.98 -2.19879 0 0.132259 
5280 94.8977 386.135 0.246084 0 0 99.4587 95.2145 0 0 0 0 13.0264 -2.24005 0 0.136668 
5290 94.9145 386.151 0.246116 0 0 99.4704 95.2303 0 0.00328947 0 0 13.0592 -2.28665 0 0.139166 
5300 94.8954 386.134 0.246075 0 0 99.4739 95.2092 0 0.00653595 0.00653595 0 13.1046 -2.25529 0 0.143526 
5310 94.9223 386.168 0.246119 0 0 99.4854 95.233 0 0 0 0 13.1521 -2.3001 0 0.149696 
5320 94.7994 385.715 0.246007 0 0 99.3236 95.11 0 0 0 0 13.2168 -2.30025 0 0.155822 
5330 94.8328 385.775 0.246055 0 0 99.3473 95.1415 0 0.00321543 0 0 13.2605 -2.40072 0 0.160096 
5340 94.8576 385.766 0.246121 0 0 99.3608 95.1614 0 0.00949367 0.00316456 0 13.3576 -2.35009 0 0.165625 
5350 94.7771 385.622 0.245997 0 0 99.3715 95.0743 0 0.00619195 0 0 13.4365 -2.34302 0 0.174963 
5360 94.4485 385.488 0.245223 0 0 99.2333 94.7394 0 0.0030303 0 0 13.5424 -2.36276 0 0.186963 
5370 94.4925 385.589 0.24527 0 0 99.2523 94.7808 0 0.003003 0.003003 0 13.5916 -2.35858 0 0.190106 
5380 94.4731 385.563 0.245234 0 0 99.2515 94.7605 0 0.00598802 0.00598802 0 13.6347 -2.3565 0 0.193665 
5390 94.649 385.876 0.245543 0 0 99.4218 94.9322 0 0.00294985 0 0 13.6991 -2.34633 0 0.197895 
5400 94.6391 385.858 0.24553 0 0 99.4201 94.9231 0 0 0 0 13.7278 -2.36547 0 0.19839 
5410 95.071 386.47 0.246374 0 0 99.7219 95.355 0 0 0 0 13.7485 -2.34079 0 0.200023 
5420 95.2101 386.751 0.246612 0 0 99.7189 95.4941 0 0.00295858 0.00295858 0 13.7544 -2.34921 0 0.193745 
5430 95.2426 386.79 0.246673 0 0 99.7189 95.5266 0 0.00295858 0.00295858 0 13.7633 -2.34616 0 0.189452 
5440 95.2153 386.72 0.246645 0 0 99.7198 95.4985 0 0 0 0 13.7817 -2.3587 0 0.189145 
5450 94.9499 386.729 0.245953 0 0 99.5693 95.233 0 0 0 0 13.8024 -2.30536 0 0.18477 
5460 94.9412 386.706 0.245944 0 0 99.5676 95.2235 0 0 0 0 13.8088 -2.29112 0 0.179354 
5470 94.9294 386.676 0.245932 0 0 99.5559 95.2118 0 0 0 0 13.8206 -2.25751 0 0.169704 
5480 94.9355 386.698 0.245932 0 0 99.5543 95.217 0 0 0 0 13.8358 -2.25942 0 0.161462 
5490 94.9269 386.608 0.245968 0 0 99.5468 95.2076 0 0 0 0 13.8713 -2.19237 0 0.155782 
5500 94.93 386.589 0.245987 0 0 99.5452 95.2099 0 0 0 0 13.8746 -2.18643 0 0.144765 
5510 94.9329 386.592 0.245993 0 0 99.5481 95.2128 0 0 0 0 13.8776 -2.18963 0 0.1386 
5520 94.9329 386.592 0.245993 0 0 99.5481 95.2128 0 0 0 0 13.8776 -2.18963 0 0.136597 
5530 94.939 386.587 0.24601 0 0 99.5494 95.218 0 0 0 0 13.8837 -2.1957 0 0.132484 
5540 94.939 386.587 0.24601 0 0 99.5494 95.218 0 0 0 0 13.8837 -2.1957 0 0.129166 
5550 94.9188 386.559 0.245973 0 0 99.5507 95.1971 0 0 0 0 13.887 -2.18694 0 0.127728 
5560 94.9188 386.559 0.245973 0 0 99.5507 95.1971 0 0 0 0 13.887 -2.18694 0 0.125077 
5570 94.9188 386.559 0.245973 0 0 99.5507 95.1971 0 0 0 0 13.887 -2.18694 0 0.12375 
5580 94.9397 386.555 0.246027 0 0 99.5575 95.2155 0 0.00287356 0 0 13.9052 -2.18202 0 0.124183 
5590 94.9138 386.52 0.245981 0 0 99.5603 95.1897 0 0 0 0 13.931 -2.19512 0 0.123842 
5600 94.8571 386.426 0.24589 0 0 99.5629 95.1314 0 0 0 0 13.96 -2.217 0 0.125244 
5610 94.8629 386.446 0.245891 0 0 99.5686 95.1371 0 0 0 0 13.9657 -2.24503 0 0.125786 
5620 94.875 386.443 0.245922 0 0 99.571 95.1477 0 0.00284091 0.00284091 0 13.983 -2.24729 0 0.125553 
5630 94.915 386.456 0.246017 0 0 99.5779 95.187 0 0 0 0 14.0142 -2.22323 0 0.128664 
5640 94.6873 385.901 0.24567 0 0 99.4366 94.9577 0 0.0028169 0 0 14.0648 -2.21464 0 0.134027 
5650 94.6986 385.907 0.245696 0 0 99.4366 94.969 0 0 0 0 14.0845 -2.22574 0 0.136037 
5660 94.4129 385.581 0.245089 0 0 99.3006 94.6826 0 0.00561798 0.00280899 0 14.1124 -2.27893 0 0.138166 
5670 94.4274 385.592 0.245119 0 0 99.3073 94.6955 0 0.00558659 0.0027933 0 14.1369 -2.30381 0 0.140158 
5680 94.4556 385.606 0.245182 0 0 99.3139 94.7222 0 0.00555556 0 0 14.1667 -2.37572 0 0.143842 
5690 94.6164 385.863 0.245485 0 0 99.3205 94.8795 0 0.00273973 0.00273973 0 14.2082 -2.42786 0 0.149065 
5700 94.7405 386.141 0.245677 0 0 99.3432 95 0 0 0 0 14.2811 -2.47254 0 0.156144 
5710 95 386.356 0.246261 0 0 99.4786 95.2567 0 0.00802139 0 0 14.3529 -2.55004 0 0.161644 
5720 95.0423 386.447 0.246307 0 0 99.5026 95.2963 0 0.0026455 0 0 14.4206 -2.61755 0 0.170078 
5730 95.1102 386.423 0.246492 0 0 99.5197 95.3622 0 0.00262467 0.00262467 0 14.4856 -2.6322 0 0.17453 
5740 95.0366 386.316 0.246366 0 0 99.5091 95.2872 0 0.00261097 0 0 14.5692 -2.59645 0 0.183041 
5750 95.0923 386.315 0.246505 0 0 99.5154 95.3385 0 0.0025641 0.0025641 0 14.6256 -2.66631 0 0.190129 
5760 95.1148 386.324 0.246557 0 0 99.5102 95.3597 0 0.00255102 0 0 14.6531 -2.60298 0 0.193716 
5770 95.1224 386.319 0.246581 0 0 99.5102 95.3673 0 0.00510204 0.00510204 0 14.7066 -2.64415 0 0.195434 
5780 95.1345 386.315 0.246613 0 0 99.5152 95.3782 0 0 0 0 14.7208 -2.53896 0 0.194414 
5790 95.2563 386.312 0.24693 0 0 99.6396 95.5 0 0.00253807 0.00253807 0 14.731 -2.52397 0 0.192883 
5800 95.3325 386.486 0.247013 0 0 99.6776 95.5743 0 0.00251889 0 0 14.7708 -2.54656 0 0.194784 
5810 95.33 386.481 0.24701 0 0 99.6751 95.5718 0 0.00251889 0 0 14.7783 -2.5569 0 0.189575 
5820 95.203 386.343 0.246732 0 0 99.5439 95.4436 0 0.00501253 0.00250627 0 14.7945 -2.54658 0 0.185842 
5830 95.2055 386.351 0.246734 0 0 99.5464 95.4461 0 0.00250627 0.00250627 0 14.802 -2.56017 0 0.183477 
5840 95.1955 386.333 0.246719 0 0 99.5363 95.4361 0 0 0 0 14.812 -2.55056 0 0.177975 
5850 95.0773 386.15 0.246487 0 0 99.5287 95.3167 0 0.00498753 0.00249377 0 14.8229 -2.54147 0 0.168809 
5860 95.0698 386.12 0.246487 0 0 99.5237 95.3092 0 0 0 0 14.8254 -2.51396 0 0.157454 
5870 95.0848 386.11 0.246533 0 0 99.5162 95.3242 0 0.00249377 0 0 14.8379 -2.47979 0 0.152623 
5880 95.1022 386.115 0.246576 0 0 99.5062 95.3416 0 0 0 0 14.8454 -2.46504 0 0.149413 
5890 95.0995 386.122 0.246563 0 0 99.5149 95.3383 0 0 0 0 14.8532 -2.43816 0 0.143052 
5900 95.0995 386.122 0.246563 0 0 99.5149 95.3383 0 0 0 0 14.8532 -2.43816 0 0.140256 
5910 95.0995 386.122 0.246563 0 0 99.5149 95.3383 0 0 0 0 14.8557 -2.44455 0 0.136797 
5920 95.1294 386.152 0.246621 0 0 99.5149 95.3682 0 0 0 0 14.8582 -2.44861 0 0.136707 
5930 95.1294 386.152 0.246621 0 0 99.5149 95.3682 0 0 0 0 14.8582 -2.44861 0 0.135016 
5940 95.134 386.154 0.246631 0 0 99.5161 95.3722 0 0 0 0 14.8635 -2.45062 0 0.132109 
5950 95.1235 386.128 0.246618 0 0 99.521 95.3605 0 0 0 0 14.8716 -2.45552 0 0.130808 
5960 95.1256 386.111 0.246635 0 0 99.5197 95.3621 0 0 0 0 14.8842 -2.4489 0 0.131097 
5970 95.1256 386.111 0.246635 0 0 99.5197 95.3621 0 0 0 0 14.8892 -2.4424 0 0.12989 
5980 95.1152 386.1 0.246612 0 0 99.5294 95.3505 0 0.00245098 0 0 14.9216 -2.45224 0 0.129995 
5990 95.1387 386.102 0.246669 0 0 99.5401 95.3723 0 0 0 0 14.9465 -2.42744 0 0.129445 
6000 95.1429 386.051 0.246712 0 0 99.5424 95.3753 0 0.00242131 0 0 14.9758 -2.47506 0 0.131197 
6010 94.899 387.418 0.245581 0 0 99.6346 95.5337 0 0.00240385 0 0 15.0072 -2.46539 0 0.134307 
6020 94.9832 387.54 0.245761 0 0 99.6427 95.6163 0 0.00239808 0 0 15.0408 -2.51101 0 0.13795 
6030 94.9761 387.51 0.24576 0 0 99.6435 95.6077 0 0.00478469 0.00239234 0 15.0622 -2.52551 0 0.139219 
6040 94.9665 387.474 0.245759 0 0 99.634 95.5981 0 0 0 0 15.0789 -2.51361 0 0.1424 
6050 94.8905 387.4 0.245602 0 0 99.6429 95.519 0 0.00238095 0 0 15.1214 -2.51035 0 0.146376 
6060 95.0451 387.423 0.245991 0 0 99.6366 95.6722 0 0.00475059 0.0023753 0 15.152 -2.51881 0 0.14909 
6070 95.0473 387.52 0.245929 0 0 99.6619 95.6714 0 0.00236407 0.00236407 0 15.1939 -2.5661 0 0.153142 
6080 95.0397 387.465 0.245936 0 0 99.6636 95.6565 0 0.00233645 0 0 15.2617 -2.58661 0 0.159201 
6090 95.0464 387.404 0.245989 0 0 99.6659 95.6589 0 0.00232019 0 0 15.3387 -2.60146 0 0.165086 
6100 95.0023 387.297 0.245935 0 0 99.6713 95.6092 0 0.0045977 0.00229885 0 15.4184 -2.6814 0 0.170283 
6110 95.0412 387.346 0.246002 0 0 99.6888 95.6453 0 0 0 0 15.4577 -2.68989 0 0.174535 
6120 95.2551 386.657 0.246705 0 0 99.9368 95.851 0 0.00225734 0.00225734 0 15.5734 -2.67555 0 0.184704 
6130 95.268 386.804 0.246646 0 0 99.9662 95.8626 0 0.00225225 0 0 15.6081 -2.67022 0 0.185662 
6140 95.3004 386.825 0.246716 0 0 99.9776 95.8924 0 0.00672646 0 0 15.6592 -2.65119 0 0.186296 
6150 95.265 386.726 0.246685 0 0 99.9666 95.853 0 0.00222717 0 0 15.6993 -2.66229 0 0.190457 
6160 95.3009 386.808 0.246723 0 0 99.9823 95.885 0 0 0 0 15.7257 -2.65911 0 0.193407 
6170 95.3106 386.793 0.246756 0 0 99.9824 95.8921 0 0 0 0 15.7379 -2.64753 0 0.192863 
6180 95.0703 385.903 0.246424 0 0 99.6615 95.4396 0 0 0 0 15.7758 -2.69077 0 0.193364 
6190 95.081 385.908 0.246448 0 0 99.6652 95.4486 0 0 0 0 15.7856 -2.68952 0 0.189807 
6200 95.1597 385.937 0.246661 0 0 99.6586 95.5274 0 0.00218818 0.00218818 0 15.8031 -2.68366 0 0.183741 
6210 95.1852 386.009 0.24668 0 0 99.6732 95.5512 0 0.00217865 0.00217865 0 15.8126 -2.69311 0 0.179256 
6220 95.1895 386.022 0.246683 0 0 99.6732 95.5556 0 0.00217865 0.00217865 0 15.8235 -2.66492 0 0.171833 
6230 95.187 385.996 0.246693 0 0 99.6652 95.5522 0 0 0 0 15.8304 -2.64149 0 0.166475 
6240 95.2022 386 0.24673 0 0 99.6587 95.5674 0 0 0 0 15.8391 -2.6192 0 0.1577 
6250 95.15 385.917 0.246644 0 0 99.6478 95.5152 0 0 0 0 15.8457 -2.59873 0 0.150576 
6260 95.154 385.913 0.246657 0 0 99.6486 95.5184 0 0 0 0 15.8525 -2.61324 0 0.146544 
6270 95.1518 385.898 0.246661 0 0 99.6464 95.5163 0 0 0 0 15.8547 -2.57596 0 0.140162 
6280 95.1518 385.898 0.246661 0 0 99.6464 95.5163 0 0 0 0 15.8547 -2.57596 0 0.136773 
6290 95.1584 385.918 0.246665 0 0 99.6529 95.5228 0 0.0021692 0 0 15.8612 -2.55317 0 0.13622 
6300 95.1605 385.905 0.246679 0 0 99.6486 95.5249 0 0 0 0 15.8633 -2.52108 0 0.130784 
6310 94.9633 385.693 0.24625 0 0 99.5443 95.3261 0 0 0 0 15.8769 -2.5315 0 0.131057 
6320 94.9677 385.692 0.246262 0 0 99.5453 95.3297 0 0 0 0 15.8836 -2.52975 0 0.129482 
6330 94.972 385.698 0.246269 0 0 99.5453 95.3341 0 0 0 0 15.8879 -2.52041 0 0.127983 
6340 94.7885 385.267 0.245986 0 0 99.4487 95.1474 0 0.0042735 0.0042735 0 15.9167 -2.52246 0 0.127629 
6350 94.7383 385.198 0.245893 0 0 99.4532 95.0957 0 0.00212766 0.00212766 0 15.9234 -2.52522 0 0.127894 
6360 94.5558 384.989 0.245495 0 0 99.3684 94.9095 0 0.00421053 0.00421053 0 15.96 -2.46046 0 0.130486 
6370 94.5577 385.027 0.245475 0 0 99.3857 94.9099 0 0 0 0 15.9811 -2.47067 0 0.131847 
6380 94.6381 385.109 0.245663 0 0 99.4937 94.9895 0 0 0 0 16.0105 -2.47435 0 0.133119 
6390 94.6333 385.127 0.245638 0 0 99.5021 94.9833 0 0.00416667 0 0 16.0417 -2.5546 0 0.134548 
6400 94.4366 384.898 0.245214 0 0 99.3992 94.7859 0 0.004158 0.002079 0 16.0748 -2.52073 0 0.138087 
6410 94.3659 384.809 0.245041 0 0 99.2952 94.7152 0 0 0 0 16.0956 -2.54203 0 0.140754 
6420 94.471 385.017 0.245221 0 0 99.3983 94.8195 0 0 0 0 16.1162 -2.54888 0 0.142241 
6430 94.3561 384.954 0.244942 0 0 99.3996 94.7039 0 0.00207039 0.00207039 0 16.1677 -2.57548 0 0.146937 
6440 94.3737 384.903 0.245023 0 0 99.3963 94.7187 0 0.00410678 0.00205339 0 16.2136 -2.62956 0 0.151133 
6450 94.3633 384.88 0.245011 0 0 99.4041 94.7061 0 0.00408163 0.00204082 0 16.2673 -2.67598 0 0.155595 
6460 94.4214 384.974 0.245102 0 0 99.4355 94.7601 0 0.00604839 0.00403226 0 16.3125 -2.66227 0 0.15993 
6470 94.4641 385.008 0.245197 0 0 99.4442 94.7988 0 0.00199203 0 0 16.3825 -2.73981 0 0.168533 
6480 94.4803 384.994 0.245249 0 0 99.4547 94.811 0 0.00590551 0.0019685 0 16.4528 -2.83304 0 0.174051 
6490 94.5157 385.059 0.245299 0 0 99.4685 94.8465 0 0.0019685 0 0 16.4961 -2.7854 0 0.176847 
6500 94.5275 385.057 0.245331 0 0 99.4745 94.8569 0 0.00588235 0.00392157 0 16.5471 -2.81382 0 0.180483 
6510 94.5312 385.08 0.245326 0 0 99.4902 94.8594 0 0 0 0 16.582 -2.86017 0 0.182736 
6520 94.5164 385.075 0.245289 0 0 99.5068 94.8414 0 0.00386847 0 0 16.6325 -2.89666 0 0.185342 
6530 94.4923 385.035 0.245252 0 0 99.5077 94.8166 0 0.0019305 0 0 16.6757 -2.87146 0 0.188637 
6540 94.4305 384.911 0.245174 0 0 99.4884 94.7548 0 0 0 0 16.7008 -2.91914 0 0.189103 
6550 94.4355 384.892 0.2452 0 0 99.4894 94.7592 0 0 0 0 16.7129 -2.8752 0 0.186762 
6560 94.4256 384.87 0.245188 0 0 99.4962 94.7462 0 0.00381679 0.00381679 0 16.7328 -2.8489 0 0.186219 
6570 94.4307 384.943 0.245154 0 0 99.518 94.7495 0 0.00379507 0.00189753 0 16.7609 -2.90734 0 0.18648 
6580 94.4307 384.937 0.245157 0 0 99.518 94.7495 0 0 0 0 16.7704 -2.93795 0 0.181117 
6590 94.4792 385.083 0.245189 0 0 99.5417 94.7973 0 0 0 0 16.7879 -2.9431 0 0.175384 
6600 94.4962 385.13 0.245203 0 0 99.5509 94.8132 0 0 0 0 16.7981 -2.94853 0 0.168898 
6610 94.5094 385.13 0.245238 0 0 99.5472 94.8264 0 0.00377358 0.00188679 0 16.8075 -2.91986 0 0.164817 
6620 94.5283 385.142 0.245282 0 0 99.5472 94.8453 0 0 0 0 16.8151 -2.91069 0 0.155352 
6630 94.5104 385.115 0.245251 0 0 99.5443 94.8267 0 0 0 0 16.8192 -2.9203 0 0.151338 
6640 94.6083 385.215 0.245476 0 0 99.5424 94.9247 0 0 0 0 16.8249 -2.89215 0 0.146409 
6650 94.5895 385.19 0.245442 0 0 99.5405 94.9058 0 0 0 0 16.8286 -2.88924 0 0.140293 
6660 94.594 385.19 0.245454 0 0 99.5414 94.9098 0 0 0 0 16.8327 -2.88871 0 0.135571 
6670 94.4165 384.942 0.245091 0 0 99.4465 94.7317 0 0 0 0 16.8443 -2.88443 0 0.134531 
6680 94.4165 384.934 0.245096 0 0 99.4465 94.7317 0 0 0 0 16.848 -2.89275 0 0.131055 
6690 94.4165 384.921 0.245105 0 0 99.4465 94.7317 0 0 0 0 16.8555 -2.88761 0 0.129743 
6700 94.4251 384.925 0.245125 0 0 99.4457 94.7397 0 0 0 0 16.8652 -2.862 0 0.129138 
6710 94.4403 384.925 0.245165 0 0 99.4552 94.7537 0 0 0 0 16.8843 -2.84289 0 0.129591 
6720 94.368 384.794 0.245053 0 0 99.4721 94.6803 0 0.00371747 0.00371747 0 16.9182 -2.82652 0 0.129691 
6730 94.3623 384.767 0.245056 0 0 99.4713 94.6728 0 0.00184843 0.00184843 0 16.9316 -2.85004 0 0.129784 
6740 94.4576 384.779 0.245299 0 0 99.476 94.7675 0 0 0 0 16.9502 -2.86406 0 0.130223 
6750 94.4641 384.781 0.245314 0 0 99.4825 94.7735 0 0 0 0 16.9613 -2.84804 0 0.130374 
6760 94.3156 384.602 0.244997 0 0 99.4055 94.6239 0 0 0 0 16.9927 -2.83617 0 0.132669 
6770 94.3035 384.6 0.244967 0 0 99.415 94.6106 0 0.00182815 0 0 17.0329 -2.8511 0 0.135022 
6780 94.3133 384.599 0.244993 0 0 99.4226 94.6193 0 0.00546448 0.00364299 0 17.0583 -2.78422 0 0.13743 
6790 94.0871 384.151 0.244597 0 0 99.2468 94.392 0 0 0 0 17.1089 -2.78107 0 0.143195 
6800 94.0871 384.147 0.244599 0 0 99.2468 94.392 0 0.00181488 0.00181488 0 17.1325 -2.74944 0 0.14476 
6810 94.2206 384.271 0.244921 0 0 99.4358 94.5244 0 0.00180832 0 0 17.1826 -2.80146 0 0.148643 
6820 94.2554 384.236 0.245033 0 0 99.4446 94.5554 0 0 0 0 17.2429 -2.7945 0 0.154599 
6830 94.2562 384.247 0.245028 0 0 99.4466 94.5552 0 0 0 0 17.2883 -2.80463 0 0.160578 
6840 94.3097 384.373 0.245112 0 0 99.5381 94.6071 0 0.00176991 0 0 17.3398 -2.79244 0 0.163559 
6850 94.3175 384.392 0.245121 0 0 99.5467 94.6138 0 0.00352734 0 0 17.3774 -2.83344 0 0.166674 
6860 94.3339 384.448 0.245127 0 0 99.5694 94.6292 0 0 0 0 17.4288 -2.86059 0 0.169638 
6870 94.2979 384.667 0.244919 0 0 99.5801 94.5906 0 0.00348432 0.00348432 0 17.4948 -2.85491 0 0.172794 
6880 94.3674 384.867 0.245005 0 0 99.6898 94.6586 0 0.00693241 0.0034662 0 17.539 -2.97028 0 0.174872 
6890 94.5544 384.43 0.245645 0 0 99.8636 94.6995 0 0.00690846 0.00172712 0 17.5976 -2.94975 0 0.179694 
6900 94.5292 384.388 0.245607 0 0 99.8763 94.6735 0 0.00171821 0.00171821 0 17.6426 -3.05742 0 0.183643 
6910 94.5 384.333 0.245565 0 0 99.8754 94.6433 0 0.00170648 0.00170648 0 17.6724 -3.11598 0 0.185034 
6920 94.4829 384.232 0.245587 0 0 99.8549 94.6263 0 0.00170648 0.00170648 0 17.698 -3.12805 0 0.185977 
6930 94.4652 384.177 0.245577 0 0 99.8523 94.6078 0 0.00169779 0 0 17.7165 -3.17665 0 0.184175 
6940 94.4772 384.156 0.245624 0 0 99.846 94.6193 0 0 0 0 17.7377 -3.22528 0 0.182709 
6950 94.5584 384.23 0.245809 0 0 99.8443 94.7005 0 0 0 0 17.7496 -3.22719 0 0.179225 
6960 94.5431 384.203 0.245786 0 0 99.8443 94.6853 0 0.00169205 0 0 17.7563 -3.24369 0 0.174123 
6970 94.5707 384.404 0.245732 0 0 99.8889 94.7121 0 0 0 0 17.7761 -3.22562 0 0.168244 
6980 94.5738 384.441 0.245716 0 0 99.8993 94.7148 0 0.00167785 0 0 17.7819 -3.25233 0 0.161025 
6990 94.6817 384.556 0.245928 0 0 99.9179 94.8224 0 0 0 0 17.7956 -3.26649 0 0.157982 
7000 94.6928 385.578 0.245607 0 0 99.9299 94.8331 0 0.00500835 0.00166945 0 17.808 -3.20025 0 0.153309 
7010 94.7746 385.686 0.245777 0 0 100.015 94.9149 0 0 0 0 17.8114 -3.2089 0 0.148656 
7020 94.7696 385.676 0.245771 0 0 100.01 94.9098 0 0 0 0 17.813 -3.21397 0 0.142724 
7030 94.7696 385.676 0.245771 0 0 100.01 94.9098 0 0 0 0 17.813 -3.21397 0 0.137608 
7040 94.7696 385.671 0.245774 0 0 100.01 94.9098 0 0 0 0 17.8197 -3.24101 0 0.134593 
7050 94.7733 385.667 0.245786 0 0 100.01 94.9133 0 0 0 0 17.8233 -3.24085 0 0.132725 
7060 94.7471 385.637 0.245736 0 0 100.017 94.8869 0 0.00332779 0.00166389 0 17.8319 -3.23578 0 0.131185 
7070 94.8339 385.748 0.245918 0 0 100.018 94.9734 0 0 0 0 17.8405 -3.25916 0 0.128449 
7080 94.8361 385.738 0.245929 0 0 100.018 94.9752 0 0.00165563 0.00165563 0 17.851 -3.20446 0 0.127601 
7090 94.6832 385.408 0.245676 0 0 99.9356 94.8218 0 0.00330033 0 0 17.8647 -3.21976 0 0.126752 
7100 94.6606 385.407 0.245616 0 0 99.9423 94.799 0 0.00164745 0 0 17.8913 -3.21127 0 0.12876 
7110 94.6798 385.435 0.245647 0 0 99.9573 94.8177 0 0.00328407 0 0 17.908 -3.23098 0 0.129604 
7120 94.6634 385.43 0.245608 0 0 99.9557 94.8013 0 0 0 0 17.9212 -3.24937 0 0.129686 
7130 94.6623 385.416 0.245614 0 0 99.9574 94.8 0 0.00655738 0.00491803 0 17.9443 -3.27835 0 0.130217 
7140 94.6563 385.365 0.245632 0 0 99.9558 94.7938 0 0 0 0 17.9705 -3.28378 0 0.13318 
7150 94.6726 385.373 0.245669 0 0 99.9625 94.8094 0 0 0 0 18.0065 -3.30415 0 0.13525 
7160 94.652 385.353 0.245627 0 0 99.9626 94.7886 0 0.00162602 0 0 18.0472 -3.29614 0 0.137977 
7170 94.6866 385.363 0.24571 0 0 99.9677 94.8223 0 0.00161551 0.00161551 0 18.0775 -3.26889 0 0.139982 
7180 94.6881 385.354 0.245719 0 0 99.9662 94.8232 0 0.00321543 0.00160772 0 18.1206 -3.27769 0 0.143547 
7190 94.8696 385.471 0.246163 0 0 100.025 95.0032 0 0.00317965 0.00158983 0 18.1971 -3.20261 0 0.151368 
7200 94.8273 385.401 0.246096 0 0 100.021 94.9604 0 0.00475436 0.00158479 0 18.2504 -3.21215 0 0.156636 
7210 94.8693 385.433 0.246184 0 0 100.027 95.0016 0 0.0015748 0 0 18.3087 -3.26136 0 0.161717 
7220 94.8807 385.457 0.246198 0 0 100.031 95.0126 0 0.00156986 0 0 18.3359 -3.2592 0 0.163537 
7230 94.9124 385.567 0.24621 0 0 100.067 95.0438 0 0 0 0 18.385 -3.26512 0 0.167148 
7240 94.9395 385.602 0.246258 0 0 100.082 95.0698 0 0.00155039 0 0 18.4295 -3.3263 0 0.170381 
7250 94.9367 385.573 0.246269 0 0 100.074 95.0664 0 0 0 0 18.4676 -3.38964 0 0.174272 
7260 94.8788 385.535 0.246138 0 0 100.094 95.0077 0 0.00306748 0.00153374 0 18.5061 -3.29698 0 0.175534 
7270 94.8491 385.413 0.246138 0 0 100.079 94.9771 0 0.00152439 0 0 18.5595 -3.25541 0 0.180023 
7280 94.9014 385.355 0.246334 0 0 100.135 95.0288 0 0.0030349 0.00151745 0 18.607 -3.30151 0 0.183677 
7290 94.8424 385.276 0.246227 0 0 100.139 94.9697 0 0.0030303 0.0030303 0 18.647 -3.27353 0 0.181525 
7300 94.8187 385.264 0.246172 0 0 100.144 94.9456 0 0 0 0 18.6767 -3.32006 0 0.182576 
7310 94.7967 385.23 0.246136 0 0 100.143 94.9232 0 0 0 0 18.7048 -3.35281 0 0.180894 
7320 94.7369 385.115 0.246051 0 0 100.133 94.8625 0 0.00597907 0.0044843 0 18.7294 -3.3793 0 0.177249 
7330 94.7243 385.085 0.246035 0 0 100.128 94.8495 0 0.00447094 0.00298063 0 18.7452 -3.40042 0 0.173692 
7340 94.7396 385.214 0.245989 0 0 100.165 94.8646 0 0.00297619 0 0 18.7574 -3.43991 0 0.170655 
7350 94.7132 385.181 0.245941 0 0 100.16 94.838 0 0 0 0 18.7697 -3.46166 0 0.168579 
7360 94.7359 385.323 0.245907 0 0 100.196 94.8605 0 0 0 0 18.7834 -3.45704 0 0.163849 
7370 94.7825 385.518 0.245904 0 0 100.241 94.9068 0 0 0 0 18.7959 -3.4576 0 0.159876 
7380 94.7784 385.507 0.2459 0 0 100.233 94.9025 0 0.0014771 0 0 18.8021 -3.4419 0 0.155469 
7390 94.7903 385.514 0.245926 0 0 100.23 94.9143 0 0 0 0 18.8065 -3.41782 0 0.149114 
7400 94.8218 385.673 0.245909 0 0 100.268 94.9455 0 0 0 0 18.8144 -3.43584 0 0.142743 
7410 94.8162 385.654 0.245907 0 0 100.271 94.9397 0 0.00147059 0.00147059 0 18.8221 -3.44281 0 0.138769 
7420 94.8176 385.651 0.245912 0 0 100.272 94.9412 0 0.00147059 0 0 18.8279 -3.44719 0 0.136424 
7430 94.8147 385.64 0.245912 0 0 100.271 94.9382 0 0.00147059 0.00147059 0 18.8324 -3.44496 0 0.134087 
7440 94.8267 385.646 0.245939 0 0 100.279 94.9501 0 0.00146843 0.00146843 0 18.8488 -3.40181 0 0.132558 
7450 94.8311 385.662 0.24594 0 0 100.283 94.9545 0 0 0 0 18.8532 -3.39994 0 0.131474 
7460 94.846 385.672 0.245973 0 0 100.282 94.9692 0 0 0 0 18.8695 -3.41043 0 0.131947 
7470 94.8375 385.654 0.245962 0 0 100.284 94.9605 0 0 0 0 18.8829 -3.41211 0 0.130421 
7480 94.8482 385.666 0.245982 0 0 100.289 94.9708 0 0.00145985 0.00145985 0 18.8978 -3.41967 0 0.131174 
7490 94.8253 385.632 0.245943 0 0 100.293 94.9476 0 0 0 0 18.9156 -3.39238 0 0.130295 
7500 94.6749 385.315 0.245698 0 0 100.218 94.7968 0 0.00145138 0 0 18.9434 -3.40932 0 0.131784 
7510 94.6787 385.311 0.245711 0 0 100.221 94.8003 0 0.00144718 0 0 18.9711 -3.36489 0 0.133534 
7520 94.6753 385.279 0.245723 0 0 100.224 94.796 0 0.00287356 0.00287356 0 19.0086 -3.39893 0 0.137037 
7530 94.6753 385.195 0.245778 0 0 100.212 94.7954 0 0.00572246 0.00286123 0 19.0615 -3.39623 0 0.141386 
7540 94.7429 385.334 0.245891 0 0 100.21 94.8629 0 0.00142857 0 0 19.0986 -3.33555 0 0.145625 
7550 94.6643 385.25 0.245716 0 0 100.138 94.7838 0 0.00426743 0.00142248 0 19.1437 -3.30011 0 0.149629 
7560 94.5319 385.218 0.245388 0 0 100.065 94.6511 0 0.00141844 0 0 19.1787 -3.32588 0 0.153032 
7570 94.6337 385.467 0.245524 0 0 100.075 94.7525 0 0 0 0 19.2207 -3.3307 0 0.157085 
7580 94.7242 385.632 0.245683 0 0 100.149 94.843 0 0.00282885 0.00141443 0 19.2659 -3.33822 0 0.160159 
7590 94.6985 385.527 0.245682 0 0 100.136 94.8163 0 0 0 0 19.3142 -3.3383 0 0.165887 
7600 94.7942 385.84 0.245758 0 0 100.16 94.911 0 0.00278164 0 0 19.3505 -3.3056 0 0.166684 
7610 94.8821 385.979 0.245916 0 0 100.175 94.9986 0 0 0 0 19.3828 -3.33364 0 0.169605 
7620 94.8915 385.97 0.245949 0 0 100.165 95.0069 0 0.00274725 0.00137363 0 19.4492 -3.3718 0 0.175857 
7630 94.896 385.899 0.246008 0 0 100.153 95.0109 0 0.00410397 0.00136799 0 19.4761 -3.36841 0 0.178001 
7640 94.9441 385.905 0.246129 0 0 100.221 95.0587 0 0.00136426 0.00136426 0 19.5116 -3.42238 0 0.17838 
7650 94.9783 385.852 0.246254 0 0 100.289 95.0923 0 0.00542741 0.0027137 0 19.5645 -3.42878 0 0.181288 
7660 94.9919 386.98 0.245944 0 0 100.432 95.3784 0 0.00810811 0.00405405 0 19.6027 -3.40912 0 0.182841 
7670 94.9784 386.88 0.245974 0 0 100.406 95.3644 0 0.00269906 0.00134953 0 19.6235 -3.40078 0 0.184135 
7680 94.9852 386.859 0.246005 0 0 100.402 95.3696 0 0 0 0 19.6492 -3.41655 0 0.183189 
7690 94.996 386.807 0.246065 0 0 100.392 95.3788 0 0.00133869 0 0 19.6693 -3.43737 0 0.177564 
7700 94.964 386.698 0.246047 0 0 100.385 95.3458 0 0.00133511 0.00133511 0 19.6876 -3.42334 0 0.174789 
7710 94.9177 386.665 0.245948 0 0 100.393 95.2975 0 0.00132802 0.00132802 0 19.7092 -3.44952 0 0.170882 
7720 94.9444 386.812 0.245919 0 0 100.426 95.3232 0 0 0 0 19.7205 -3.45251 0 0.169571 
7730 94.9472 386.875 0.245883 0 0 100.442 95.3245 0 0 0 0 19.7335 -3.46275 0 0.166217 
7740 94.9525 386.843 0.245927 0 0 100.504 95.3298 0 0.00131926 0 0 19.748 -3.46332 0 0.162894 
7750 94.9289 386.816 0.245881 0 0 100.508 95.3053 0 0.00263158 0 0 19.7697 -3.46093 0 0.159864 
7760 94.9147 386.852 0.245815 0 0 100.528 95.29 0 0 0 0 19.7769 -3.47606 0 0.156978 
7770 94.8755 386.786 0.245751 0 0 100.522 95.2503 0 0 0 0 19.7851 -3.495 0 0.151216 
7780 94.8562 386.744 0.245727 0 0 100.514 95.2301 0 0 0 0 19.7922 -3.50116 0 0.146147 
7790 94.8316 387.153 0.24552 0 0 100.531 95.205 0 0 0 0 19.8003 -3.52016 0 0.143359 
7800 94.8592 387.24 0.24554 0 0 100.555 95.2321 0 0 0 0 19.8136 -3.51132 0 0.141153 
7810 94.8683 387.241 0.245563 0 0 100.562 95.2412 0 0 0 0 19.8357 -3.45013 0 0.140193 
7820 94.867 387.291 0.245531 0 0 100.58 95.2399 0 0 0 0 19.8409 -3.44225 0 0.137806 
7830 94.9026 387.401 0.245555 0 0 100.608 95.274 0 0 0 0 19.8558 -3.40329 0 0.136702 
7840 94.9248 387.419 0.2456 0 0 100.613 95.2957 0 0 0 0 19.8794 -3.34726 0 0.136451 
7850 94.9366 387.41 0.245635 0 0 100.62 95.3066 0 0.00129366 0.00129366 0 19.8926 -3.31722 0 0.135427 
7860 94.9472 387.405 0.245663 0 0 100.622 95.3157 0 0.00128866 0.00128866 0 19.9046 -3.33302 0 0.134402 
7870 94.8432 387.265 0.245443 0 0 100.564 95.2108 0 0 0 0 19.9293 -3.309 0 0.135124 
7880 94.8922 387.053 0.245647 0 0 100.567 95.2593 0 0.0012837 0.0012837 0 19.9512 -3.3036 0 0.136475 
7890 94.894 387.024 0.245667 0 0 100.572 95.2593 0 0.00383142 0.00127714 0 19.9962 -3.27117 0 0.139524 
7900 94.9235 387.038 0.245735 0 0 100.575 95.2883 0 0 0 0 20.0204 -3.28544 0 0.141555 
7910 94.9416 387.023 0.24579 0 0 100.576 95.305 0 0.00127065 0.00127065 0 20.0508 -3.28591 0 0.144138 
7920 95.0392 387.03 0.246041 0 0 100.572 95.4013 0 0.00126582 0.00126582 0 20.0899 -3.24486 0 0.14816 
7930 94.9634 386.799 0.245935 0 0 100.497 95.3245 0 0.00126263 0 0 20.1162 -3.23169 0 0.150485 
7940 94.7276 386.414 0.245486 0 0 100.377 95.0883 0 0.00252207 0 0 20.1513 -3.31059 0 0.152646 
7950 94.7519 386.413 0.245546 0 0 100.369 95.1121 0 0.00377834 0.00125945 0 20.1914 -3.26953 0 0.155869 
7960 94.7068 386.313 0.245474 0 0 100.297 95.0652 0 0.00250627 0 0 20.2431 -3.28913 0 0.161173 
7970 94.7075 386.27 0.245502 0 0 100.291 95.065 0 0.00375 0.00375 0 20.305 -3.25854 0 0.166618 
7980 94.7308 386.259 0.245567 0 0 100.297 95.0856 0 0 0 0 20.3424 -3.264 0 0.170419 
7990 94.78 386.321 0.24567 0 0 100.286 95.1335 0 0.00370828 0 0 20.3758 -3.25684 0 0.172758 
8000 94.7709 385.906 0.245787 0 0 100.185 95.0197 0 0.00246305 0.00123153 0 20.4236 -3.29835 0 0.175616 
8010 94.8428 386.07 0.245893 0 0 100.187 95.0909 0 0.00614251 0.002457 0 20.4644 -3.26823 0 0.1775 
8020 94.7295 385.903 0.245668 0 0 100.13 94.9767 0 0.00244798 0.00122399 0 20.4969 -3.2948 0 0.178565 
8030 94.7186 385.959 0.245625 0 0 100.197 94.9647 0 0.00365408 0.00121803 0 20.5408 -3.3068 0 0.178845 
8040 94.7898 386.09 0.245743 0 0 100.211 95.0352 0 0.00121507 0 0 20.5638 -3.29943 0 0.177432 
8050 94.7424 386.006 0.245671 0 0 100.203 94.9878 0 0 0 0 20.5844 -3.3255 0 0.176337 
8060 94.7631 386.038 0.245719 0 0 100.261 95.0085 0 0 0 0 20.61 -3.3668 0 0.175985 
8070 94.76 386.079 0.245686 0 0 100.267 95.0048 0 0 0 0 20.6267 -3.36097 0 0.173113 
8080 94.7452 386.004 0.245694 0 0 100.249 94.9891 0 0.00120773 0 0 20.6425 -3.38354 0 0.171159 
8090 94.7485 385.958 0.245729 0 0 100.241 94.9904 0 0.0011976 0 0 20.6743 -3.35947 0 0.169045 
8100 94.7826 386.092 0.24573 0 0 100.271 95.0239 0 0.00119474 0 0 20.6894 -3.331 0 0.167081 
8110 94.7729 386.137 0.245674 0 0 100.298 95.0131 0 0.00237812 0.00118906 0 20.7051 -3.35235 0 0.164865 
8120 94.7461 386.101 0.245624 0 0 100.3 94.9858 0 0.00118624 0 0 20.7189 -3.34608 0 0.158547 
8130 94.7811 387.079 0.245388 0 0 100.431 95.245 0 0.00118343 0.00118343 0 20.7302 -3.34471 0 0.156283 
8140 94.774 387.079 0.245369 0 0 100.436 95.2379 0 0.00118343 0.00118343 0 20.7385 -3.34817 0 0.152994 
8150 94.8337 387.222 0.245448 0 0 100.512 95.296 0 0.00117925 0 0 20.7583 -3.38569 0 0.149543 
8160 94.7993 387.161 0.245402 0 0 100.518 95.2594 0 0.00117371 0 0 20.7723 -3.42436 0 0.147583 
8170 94.8244 387.137 0.245482 0 0 100.511 95.2834 0 0 0 0 20.7927 -3.37673 0 0.146111 
8180 94.8267 387.117 0.245499 0 0 100.508 95.2857 0 0.00351288 0.00234192 0 20.8126 -3.35928 0 0.144116 
8190 94.8446 387.648 0.245323 0 0 100.52 95.3026 0 0 0 0 20.8236 -3.34537 0 0.143563 
8200 94.734 387.718 0.244994 0 0 100.483 95.1914 0 0.00233372 0 0 20.8425 -3.34185 0 0.14178 
8210 94.6535 387.59 0.244829 0 0 100.431 95.1093 0 0.00116279 0 0 20.8663 -3.29623 0 0.141136 
8220 94.6381 387.567 0.244799 0 0 100.44 95.0928 0 0 0 0 20.8759 -3.28745 0 0.139968 
8230 94.5912 387.469 0.244734 0 0 100.44 95.0439 0 0.00115473 0 0 20.8926 -3.2854 0 0.140151 
8240 94.6286 387.145 0.244935 0 0 100.439 95.0807 0 0.00230681 0.00230681 0 20.9193 -3.28907 0 0.140768 
8250 94.6336 386.843 0.245038 0 0 100.455 95.0853 0 0.00115207 0.00115207 0 20.9412 -3.26621 0 0.14135 
8260 94.7069 386.986 0.245157 0 0 100.532 95.1575 0 0 0 0 20.9667 -3.24711 0 0.14225 
8270 94.7007 386.967 0.245152 0 0 100.538 95.1502 0 0.00229358 0.00114679 0 20.9839 -3.25168 0 0.142061 
8280 94.762 387.035 0.245282 0 0 100.54 95.2105 0 0.00228833 0.00114416 0 21.0126 -3.23293 0 0.14389 
8290 94.6891 386.871 0.245148 0 0 100.478 95.1371 0 0.00228571 0.00114286 0 21.0514 -3.24174 0 0.14655 
8300 94.7263 386.395 0.245391 0 0 100.355 95.0582 0 0.00114025 0.00114025 0 21.1038 -3.25844 0 0.151154 
8310 94.7432 386.294 0.245502 0 0 100.335 95.0739 0 0.00340909 0.00227273 0 21.1557 -3.2662 0 0.153642 
8320 94.638 386.132 0.2453 0 0 100.27 94.9672 0 0.00339367 0.00226244 0 21.2036 -3.21297 0 0.157842 
8330 94.5632 385.995 0.24516 0 0 100.209 94.8916 0 0.003386 0.00112867 0 21.2427 -3.23486 0 0.160819 
8340 94.5664 385.936 0.245203 0 0 100.186 94.8941 0 0 0 0 21.2815 -3.26015 0 0.164212 
8350 94.4421 385.643 0.24502 0 0 100.117 94.7694 0 0 0 0 21.3116 -3.27795 0 0.167239 
8360 94.4877 386.24 0.244931 0 0 100.306 94.9271 0 0.00224215 0.00112108 0 21.3442 -3.32404 0 0.169196 
8370 94.4536 386.18 0.244879 0 0 100.306 94.8916 0 0.00335196 0 0 21.381 -3.32643 0 0.17095 
8380 94.5228 386.238 0.245037 0 0 100.36 94.9578 0 0.00221976 0 0 21.4195 -3.35049 0 0.173387 
8390 94.5627 387.054 0.244879 0 0 100.442 95.1931 0 0 0 0 21.4506 -3.29573 0 0.173276 
8400 94.5249 386.968 0.244831 0 0 100.434 95.1525 0 0 0 0 21.4729 -3.2876 0 0.173058 
8410 94.5374 386.914 0.244894 0 0 100.416 95.163 0 0.00440529 0.00220264 0 21.511 -3.28481 0 0.173879 
8420 94.5308 386.829 0.244927 0 0 100.397 95.1549 0 0 0 0 21.5363 -3.28803 0 0.173669 
8430 94.5077 386.781 0.244897 0 0 100.394 95.1305 0 0.00109649 0 0 21.5746 -3.27168 0 0.175558 
8440 94.5438 387.309 0.244851 0 0 100.384 95.1652 0 0 0 0 21.5875 -3.28456 0 0.174417 
8450 94.5622 387.394 0.244842 0 0 100.401 95.1823 0 0.0010917 0.0010917 0 21.6114 -3.28011 0 0.173871 
8460 94.5937 387.489 0.244858 0 0 100.424 95.2124 0 0.0043573 0.00108932 0 21.6242 -3.28661 0 0.168485 
8470 94.6167 387.481 0.244918 0 0 100.427 95.2334 0 0.00542888 0.00108578 0 21.6515 -3.2721 0 0.165077 
8480 94.6494 387.563 0.244947 0 0 100.448 95.2641 0 0 0 0 21.6807 -3.27469 0 0.163786 
8490 94.5727 387.4 0.244844 0 0 100.425 95.1841 0 0.00107643 0 0 21.7018 -3.30449 0 0.162444 
8500 94.6221 387.522 0.244911 0 0 100.444 95.2302 0 0 0 0 21.7206 -3.34822 0 0.159468 
8510 94.6207 387.512 0.244913 0 0 100.448 95.2276 0 0.00213675 0.00106838 0 21.7361 -3.38106 0 0.155986 
