# Avida count data
# Tue Oct 18 10:57:49 2016
#  1: update
#  2: number of insts executed this update
#  3: number of organisms
#  4: number of different genotypes
#  5: number of different threshold genotypes
#  6: (deprecated) number of different species
#  7: (deprecated) number of different threshold species
#  8: (deprecated) number of different lineages
#  9: number of births in this update
# 10: number of deaths in this update
# 11: number of breed true
# 12: number of breed true organisms?
# 13: number of no-birth organisms
# 14: number of single-threaded organisms
# 15: number of multi-threaded organisms
# 16: number of modified organisms

0 1 1 1 1 0 0 0 1 0 1 1 1 1 0 0 
10 1 1 1 1 0 0 0 0 0 0 1 1 1 0 0 
20 1 1 1 1 0 0 0 0 0 0 1 1 1 0 0 
30 1 1 1 1 0 0 0 0 0 0 1 1 1 0 0 
40 1 1 1 1 0 0 0 0 0 0 1 1 1 0 0 
50 1 1 1 1 0 0 0 0 0 0 1 1 1 0 0 
60 1 1 1 1 0 0 0 0 0 0 1 1 1 0 0 
70 1 1 1 1 0 0 0 0 0 0 1 1 1 0 0 
80 1 1 1 1 0 0 0 0 0 0 1 1 1 0 0 
90 1 1 1 1 0 0 0 0 0 0 1 1 1 0 0 
100 1 1 1 1 0 0 0 0 0 0 1 1 1 0 0 
110 1 1 1 1 0 0 0 0 0 0 1 1 1 0 0 
120 1 1 1 1 0 0 0 0 0 0 1 1 1 0 0 
130 1 1 1 1 0 0 0 0 0 0 1 1 1 0 0 
140 1 1 1 1 0 0 0 0 0 0 1 1 1 0 0 
150 1 1 1 1 0 0 0 0 0 0 1 1 1 0 0 
160 1 1 1 1 0 0 0 0 0 0 1 1 1 0 0 
170 1 1 1 1 0 0 0 0 0 0 1 1 1 0 0 
180 1 1 1 1 0 0 0 0 0 0 1 1 1 0 0 
190 1 1 1 1 0 0 0 0 0 0 1 1 1 0 0 
200 1 1 1 1 0 0 0 0 0 0 1 1 1 0 0 
210 1 1 1 1 0 0 0 0 0 0 1 1 1 0 0 
220 1 1 1 1 0 0 0 0 0 0 1 1 1 0 0 
230 1 1 1 1 0 0 0 0 0 0 1 1 1 0 0 
240 1 1 1 1 0 0 0 0 0 0 1 1 1 0 0 
250 1 1 1 1 0 0 0 0 0 0 1 1 1 0 0 
260 1 1 1 1 0 0 0 0 0 0 1 1 1 0 0 
270 1 1 1 1 0 0 0 0 0 0 1 1 1 0 0 
280 1 1 1 1 0 0 0 0 0 0 1 1 1 0 0 
290 1 1 1 1 0 0 0 0 0 0 1 1 1 0 0 
300 1 1 1 1 0 0 0 0 0 0 1 1 1 0 0 
310 1 1 1 1 0 0 0 0 0 0 1 1 1 0 0 
320 1 1 1 1 0 0 0 0 0 0 1 1 1 0 0 
330 1 1 1 1 0 0 0 0 0 0 1 1 1 0 0 
340 1 1 1 1 0 0 0 0 0 0 1 1 1 0 0 
350 1 1 1 1 0 0 0 0 0 0 1 1 1 0 0 
360 1 1 1 1 0 0 0 0 0 0 1 1 1 0 0 
370 1 1 1 1 0 0 0 0 0 0 1 1 1 0 0 
380 1 1 1 1 0 0 0 0 0 0 1 1 1 0 0 
390 2 2 1 1 0 0 0 0 0 0 2 1 2 0 0 
400 2 2 1 1 0 0 0 0 0 0 2 1 2 0 0 
410 2 2 1 1 0 0 0 0 0 0 2 1 2 0 0 
420 2 2 1 1 0 0 0 0 0 0 2 1 2 0 0 
430 2 2 1 1 0 0 0 0 0 0 2 1 2 0 0 
440 2 2 1 1 0 0 0 0 0 0 2 1 2 0 0 
450 2 2 1 1 0 0 0 0 0 0 2 1 2 0 0 
460 2 2 1 1 0 0 0 0 0 0 2 1 2 0 0 
470 2 2 1 1 0 0 0 0 0 0 2 1 2 0 0 
480 2 2 1 1 0 0 0 0 0 0 2 1 2 0 0 
490 2 2 1 1 0 0 0 0 0 0 2 1 2 0 0 
500 2 2 1 1 0 0 0 0 0 0 2 1 2 0 0 
510 2 2 1 1 0 0 0 0 0 0 2 1 2 0 0 
520 2 2 1 1 0 0 0 0 0 0 2 1 2 0 0 
530 2 2 1 1 0 0 0 0 0 0 2 1 2 0 0 
540 2 2 1 1 0 0 0 0 0 0 2 1 2 0 0 
550 2 2 1 1 0 0 0 0 0 0 2 1 2 0 0 
560 2 2 1 1 0 0 0 0 0 0 2 1 2 0 0 
570 2 2 1 1 0 0 0 0 0 0 2 1 2 0 0 
580 2 2 1 1 0 0 0 0 0 0 2 1 2 0 0 
590 2 2 1 1 0 0 0 0 0 0 2 1 2 0 0 
600 2 2 1 1 0 0 0 0 0 0 2 1 2 0 0 
610 2 2 1 1 0 0 0 0 0 0 2 1 2 0 0 
620 2 2 1 1 0 0 0 0 0 0 2 1 2 0 0 
630 2 2 1 1 0 0 0 0 0 0 2 1 2 0 0 
640 2 2 1 1 0 0 0 0 0 0 2 1 2 0 0 
650 2 2 1 1 0 0 0 0 0 0 2 1 2 0 0 
660 2 2 1 1 0 0 0 0 0 0 2 1 2 0 0 
670 2 2 1 1 0 0 0 0 0 0 2 1 2 0 0 
680 2 2 1 1 0 0 0 0 0 0 2 1 2 0 0 
690 2 2 1 1 0 0 0 0 0 0 2 1 2 0 0 
700 2 2 1 1 0 0 0 0 0 0 2 1 2 0 0 
710 2 2 1 1 0 0 0 0 0 0 2 1 2 0 0 
720 2 2 1 1 0 0 0 0 0 0 2 1 2 0 0 
730 2 2 1 1 0 0 0 0 0 0 2 1 2 0 0 
740 2 2 1 1 0 0 0 0 0 0 2 1 2 0 0 
750 2 2 1 1 0 0 0 0 0 0 2 1 2 0 0 
760 3 3 2 1 0 0 0 0 0 0 2 2 3 0 0 
770 3 3 2 1 0 0 0 0 0 0 2 2 3 0 0 
780 3 3 2 1 0 0 0 0 0 0 2 2 3 0 0 
790 3 3 2 1 0 0 0 0 0 0 2 2 3 0 0 
800 4 4 2 1 0 0 0 0 0 0 3 2 4 0 0 
810 4 4 2 1 0 0 0 0 0 0 3 2 4 0 0 
820 4 4 2 1 0 0 0 0 0 0 3 2 4 0 0 
830 4 4 2 1 0 0 0 0 0 0 3 2 4 0 0 
840 4 4 2 1 0 0 0 0 0 0 3 2 4 0 0 
850 4 4 2 1 0 0 0 0 0 0 3 2 4 0 0 
860 4 4 2 1 0 0 0 0 0 0 3 2 4 0 0 
870 4 4 2 1 0 0 0 0 0 0 3 2 4 0 0 
880 4 4 2 1 0 0 0 0 0 0 3 2 4 0 0 
890 4 4 2 1 0 0 0 0 0 0 3 2 4 0 0 
900 4 4 2 1 0 0 0 0 0 0 3 2 4 0 0 
910 4 4 2 1 0 0 0 0 0 0 3 2 4 0 0 
920 4 4 2 1 0 0 0 0 0 0 3 2 4 0 0 
930 4 4 2 1 0 0 0 0 0 0 3 2 4 0 0 
940 4 4 2 1 0 0 0 0 0 0 3 2 4 0 0 
950 4 4 2 1 0 0 0 0 0 0 3 2 4 0 0 
960 4 4 2 1 0 0 0 0 0 0 3 2 4 0 0 
970 4 4 2 1 0 0 0 0 0 0 3 2 4 0 0 
980 4 4 2 1 0 0 0 0 0 0 3 2 4 0 0 
990 4 4 2 1 0 0 0 0 0 0 3 2 4 0 0 
1000 4 4 2 1 0 0 0 0 0 0 3 2 4 0 0 
1010 4 4 2 1 0 0 0 0 0 0 3 2 4 0 0 
1020 4 4 2 1 0 0 0 0 0 0 3 2 4 0 0 
1030 4 4 2 1 0 0 0 0 0 0 3 2 4 0 0 
1040 4 4 2 1 0 0 0 0 0 0 3 2 4 0 0 
1050 4 4 2 1 0 0 0 0 0 0 3 2 4 0 0 
1060 4 4 2 1 0 0 0 0 0 0 3 2 4 0 0 
1070 4 4 2 1 0 0 0 0 0 0 3 2 4 0 0 
1080 4 4 2 1 0 0 0 0 0 0 3 2 4 0 0 
1090 4 4 2 1 0 0 0 0 0 0 3 2 4 0 0 
1100 4 4 2 1 0 0 0 0 0 0 3 2 4 0 0 
1110 4 4 2 1 0 0 0 0 0 0 3 2 4 0 0 
1120 4 4 2 1 0 0 0 0 0 0 3 2 4 0 0 
1130 4 4 2 1 0 0 0 0 0 0 3 2 4 0 0 
1140 5 5 2 1 0 0 0 0 0 0 4 3 5 0 0 
1150 5 5 2 1 0 0 0 0 0 0 4 3 5 0 0 
1160 5 5 2 1 0 0 0 0 0 0 4 3 5 0 0 
1170 6 6 3 1 0 0 0 0 0 0 4 4 6 0 0 
1180 6 6 3 1 0 0 0 0 0 0 4 4 6 0 0 
1190 6 7 4 1 0 0 0 1 0 0 4 4 7 0 0 
1200 7 7 4 1 0 0 0 0 0 0 4 4 7 0 0 
1210 7 7 4 1 0 0 0 0 0 0 4 4 7 0 0 
1220 7 7 4 1 0 0 0 0 0 0 4 4 7 0 0 
1230 7 7 4 1 0 0 0 0 0 0 4 4 7 0 0 
1240 7 7 4 1 0 0 0 0 0 0 4 4 7 0 0 
1250 7 7 4 1 0 0 0 0 0 0 4 4 7 0 0 
1260 7 7 4 1 0 0 0 0 0 0 4 4 7 0 0 
1270 7 7 4 1 0 0 0 0 0 0 4 4 7 0 0 
1280 7 7 4 1 0 0 0 0 0 0 4 4 7 0 0 
1290 7 7 4 1 0 0 0 0 0 0 4 4 7 0 0 
1300 7 7 4 1 0 0 0 0 0 0 4 4 7 0 0 
1310 7 7 4 1 0 0 0 0 0 0 4 4 7 0 0 
1320 7 7 4 1 0 0 0 0 0 0 4 4 7 0 0 
1330 7 7 4 1 0 0 0 0 0 0 4 4 7 0 0 
1340 7 7 4 1 0 0 0 0 0 0 4 4 7 0 0 
1350 7 7 4 1 0 0 0 0 0 0 4 4 7 0 0 
1360 7 7 4 1 0 0 0 0 0 0 4 4 7 0 0 
1370 7 7 4 1 0 0 0 0 0 0 4 4 7 0 0 
1380 7 7 4 1 0 0 0 0 0 0 4 4 7 0 0 
1390 7 7 4 1 0 0 0 0 0 0 4 4 7 0 0 
1400 7 7 4 1 0 0 0 0 0 0 4 4 7 0 0 
1410 7 7 4 1 0 0 0 0 0 0 4 4 7 0 0 
1420 7 7 4 1 0 0 0 0 0 0 4 4 7 0 0 
1430 7 7 4 1 0 0 0 0 0 0 4 4 7 0 0 
1440 7 7 4 1 0 0 0 0 0 0 4 4 7 0 0 
1450 7 7 4 1 0 0 0 0 0 0 4 4 7 0 0 
1460 7 7 4 1 0 0 0 0 0 0 4 4 7 0 0 
1470 7 7 4 1 0 0 0 0 0 0 4 4 7 0 0 
1480 7 7 4 1 0 0 0 0 0 0 4 4 7 0 0 
1490 7 7 4 1 0 0 0 0 0 0 4 4 7 0 0 
1500 7 7 4 1 0 0 0 0 0 0 4 4 7 0 0 
1510 7 7 4 1 0 0 0 0 0 0 4 4 7 0 0 
1520 7 7 4 1 0 0 0 0 0 0 4 4 7 0 0 
1530 8 8 4 1 0 0 0 0 0 0 5 4 8 0 0 
1540 11 11 6 1 0 0 0 0 0 0 6 6 11 0 0 
1550 11 11 6 1 0 0 0 0 0 0 6 6 11 0 0 
1560 11 11 6 1 0 0 0 0 0 0 6 6 11 0 0 
1570 11 11 6 1 0 0 0 0 0 0 6 6 11 0 0 
1580 13 13 7 1 0 0 0 0 0 0 7 7 13 0 0 
1590 13 13 7 1 0 0 0 0 0 0 7 7 13 0 0 
1600 13 13 7 1 0 0 0 0 0 0 7 7 13 0 0 
1610 13 13 7 1 0 0 0 0 0 0 7 7 13 0 0 
1620 13 13 7 1 0 0 0 0 0 0 7 7 13 0 0 
1630 13 13 7 1 0 0 0 0 0 0 7 7 13 0 0 
1640 13 13 7 1 0 0 0 0 0 0 7 7 13 0 0 
1650 13 13 7 1 0 0 0 0 0 0 7 7 13 0 0 
1660 13 13 7 1 0 0 0 0 0 0 7 7 13 0 0 
1670 13 13 7 1 0 0 0 0 0 0 7 7 13 0 0 
1680 13 13 7 1 0 0 0 0 0 0 7 7 13 0 0 
1690 13 13 7 1 0 0 0 0 0 0 7 7 13 0 0 
1700 13 13 7 1 0 0 0 0 0 0 7 7 13 0 0 
1710 13 13 7 1 0 0 0 0 0 0 7 7 13 0 0 
1720 13 13 7 1 0 0 0 0 0 0 7 7 13 0 0 
1730 13 13 7 1 0 0 0 0 0 0 7 7 13 0 0 
1740 13 13 7 1 0 0 0 0 0 0 7 7 13 0 0 
1750 13 13 7 1 0 0 0 0 0 0 7 7 13 0 0 
1760 13 13 7 1 0 0 0 0 0 0 7 7 13 0 0 
1770 13 13 7 1 0 0 0 0 0 0 7 7 13 0 0 
1780 13 13 7 1 0 0 0 0 0 0 7 7 13 0 0 
1790 13 13 7 1 0 0 0 0 0 0 7 7 13 0 0 
1800 13 13 7 1 0 0 0 0 0 0 7 7 13 0 0 
1810 13 13 7 1 0 0 0 0 0 0 7 7 13 0 0 
1820 13 13 7 1 0 0 0 0 0 0 7 7 13 0 0 
1830 13 13 7 1 0 0 0 0 0 0 7 7 13 0 0 
1840 13 13 7 1 0 0 0 0 0 0 7 7 13 0 0 
1850 13 13 7 1 0 0 0 0 0 0 7 7 13 0 0 
1860 13 13 7 1 0 0 0 0 0 0 7 7 13 0 0 
1870 13 13 7 1 0 0 0 0 0 0 7 7 13 0 0 
1880 13 13 7 1 0 0 0 0 0 0 7 7 13 0 0 
1890 13 13 7 1 0 0 0 0 0 0 7 7 13 0 0 
1900 13 13 7 1 0 0 0 0 0 0 7 7 13 0 0 
1910 15 16 7 2 0 0 0 1 0 1 10 9 16 0 0 
1920 18 18 7 2 0 0 0 0 0 0 12 10 18 0 0 
1930 19 19 7 2 0 0 0 0 0 0 13 10 19 0 0 
1940 19 19 7 2 0 0 0 0 0 0 13 10 19 0 0 
1950 20 20 7 2 0 0 0 0 0 0 14 10 20 0 0 
1960 20 20 7 2 0 0 0 0 0 0 14 10 20 0 0 
1970 24 24 9 2 0 0 0 0 0 0 16 12 24 0 0 
1980 24 24 9 2 0 0 0 0 0 0 17 13 24 0 0 
1990 24 24 9 2 0 0 0 0 0 0 17 13 24 0 0 
2000 24 24 9 2 0 0 0 0 0 0 17 13 24 0 0 
2010 24 24 9 2 0 0 0 0 0 0 17 13 24 0 0 
2020 24 24 9 2 0 0 0 0 0 0 17 13 24 0 0 
2030 24 24 9 2 0 0 0 0 0 0 17 13 24 0 0 
2040 24 24 9 2 0 0 0 0 0 0 17 13 24 0 0 
2050 24 24 9 2 0 0 0 0 0 0 17 13 24 0 0 
2060 24 24 9 2 0 0 0 0 0 0 17 13 24 0 0 
2070 24 24 9 2 0 0 0 0 0 0 17 13 24 0 0 
2080 24 24 9 2 0 0 0 0 0 0 17 13 24 0 0 
2090 24 24 9 2 0 0 0 0 0 0 17 13 24 0 0 
2100 24 24 9 2 0 0 0 0 0 0 17 13 24 0 0 
2110 24 24 9 2 0 0 0 0 0 0 17 13 24 0 0 
2120 24 24 9 2 0 0 0 0 0 0 17 13 24 0 0 
2130 24 24 9 2 0 0 0 0 0 0 17 13 24 0 0 
2140 24 24 9 2 0 0 0 0 0 0 17 13 24 0 0 
2150 24 24 9 2 0 0 0 0 0 0 17 13 24 0 0 
2160 24 24 9 2 0 0 0 0 0 0 17 13 24 0 0 
2170 24 24 9 2 0 0 0 0 0 0 17 13 24 0 0 
2180 24 24 9 2 0 0 0 0 0 0 17 13 24 0 0 
2190 24 24 9 2 0 0 0 0 0 0 17 13 24 0 0 
2200 24 24 9 2 0 0 0 0 0 0 17 13 24 0 0 
2210 24 24 9 2 0 0 0 0 0 0 17 13 24 0 0 
2220 24 24 9 2 0 0 0 0 0 0 17 13 24 0 0 
2230 24 24 9 2 0 0 0 0 0 0 17 13 24 0 0 
2240 24 24 9 2 0 0 0 0 0 0 17 13 24 0 0 
2250 25 25 10 2 0 0 0 0 0 0 17 13 25 0 0 
2260 25 25 10 2 0 0 0 0 0 0 17 13 25 0 0 
2270 26 26 11 2 0 0 0 0 0 0 17 13 26 0 0 
2280 27 27 11 2 0 0 0 0 0 0 18 13 27 0 0 
2290 30 30 13 2 0 0 0 0 0 0 19 15 30 0 0 
2300 32 32 15 2 0 0 0 0 0 0 19 15 32 0 0 
2310 34 34 17 2 0 0 0 0 0 0 19 17 34 0 0 
2320 34 34 17 3 0 0 0 0 0 0 19 18 34 0 0 
2330 35 35 18 3 0 0 0 0 0 0 19 18 35 0 0 
2340 35 35 18 3 0 0 0 0 0 0 19 19 35 0 0 
2350 37 37 18 3 0 0 0 0 0 0 21 20 37 0 0 
2360 37 37 18 3 0 0 0 0 0 0 21 20 37 0 0 
2370 38 39 20 3 0 0 0 1 0 0 21 21 39 0 0 
2380 39 40 21 3 0 0 0 1 0 0 21 22 40 0 0 
2390 40 40 21 3 0 0 0 0 0 0 21 22 40 0 0 
2400 40 40 21 3 0 0 0 0 0 0 21 22 40 0 0 
2410 40 40 21 3 0 0 0 0 0 0 21 22 40 0 0 
2420 40 40 21 3 0 0 0 0 0 0 21 22 40 0 0 
2430 40 40 21 3 0 0 0 0 0 0 21 22 40 0 0 
2440 40 40 21 3 0 0 0 0 0 0 21 22 40 0 0 
2450 40 40 21 3 0 0 0 0 0 0 21 22 40 0 0 
2460 40 40 21 3 0 0 0 0 0 0 21 22 40 0 0 
2470 40 40 21 3 0 0 0 0 0 0 21 22 40 0 0 
2480 40 40 21 3 0 0 0 0 0 0 21 22 40 0 0 
2490 40 40 21 3 0 0 0 0 0 0 21 22 40 0 0 
2500 40 40 21 3 0 0 0 0 0 0 21 22 40 0 0 
2510 40 40 21 3 0 0 0 0 0 0 21 22 40 0 0 
2520 40 40 21 3 0 0 0 0 0 0 21 22 40 0 0 
2530 40 40 21 3 0 0 0 0 0 0 21 22 40 0 0 
2540 40 40 21 3 0 0 0 0 0 0 21 22 40 0 0 
2550 40 40 21 3 0 0 0 0 0 0 21 22 40 0 0 
2560 40 40 21 3 0 0 0 0 0 0 21 22 40 0 0 
2570 40 40 21 3 0 0 0 0 0 0 21 22 40 0 0 
2580 40 40 21 3 0 0 0 0 0 0 21 22 40 0 0 
2590 40 40 21 3 0 0 0 0 0 0 21 22 40 0 0 
2600 40 40 21 3 0 0 0 0 0 0 21 22 40 0 0 
2610 40 40 21 3 0 0 0 0 0 0 21 22 40 0 0 
2620 40 40 21 3 0 0 0 0 0 0 21 22 40 0 0 
2630 40 40 21 3 0 0 0 0 0 0 21 22 40 0 0 
2640 40 40 21 3 0 0 0 0 0 0 21 21 40 0 0 
2650 40 40 21 3 0 0 0 0 0 0 21 21 40 0 0 
2660 41 42 22 3 0 0 0 1 0 1 22 22 42 0 0 
2670 45 46 25 3 0 0 0 1 0 0 23 24 46 0 0 
2680 47 47 26 3 0 0 0 0 0 0 23 25 47 0 0 
2690 49 49 26 3 0 0 0 0 0 0 27 28 49 0 0 
2700 51 52 28 3 0 0 0 1 0 1 28 30 52 0 0 
2710 54 54 29 3 0 0 0 0 0 0 30 31 54 0 0 
2720 54 54 29 3 0 0 0 1 1 0 30 31 54 0 0 
2730 54 54 29 3 0 0 0 0 0 0 30 31 54 0 0 
2740 54 54 29 4 0 0 0 0 0 0 31 32 54 0 0 
2750 56 56 31 4 0 0 0 0 0 0 31 33 56 0 0 
2760 57 57 31 4 0 0 0 0 0 0 32 33 57 0 0 
2770 58 59 31 4 0 0 0 1 0 1 34 33 59 0 0 
2780 59 59 31 4 0 0 0 0 0 0 34 33 59 0 0 
2790 59 59 31 4 0 0 0 0 0 0 34 33 59 0 0 
2800 59 59 31 4 0 0 0 0 0 0 34 33 59 0 0 
2810 59 59 31 4 0 0 0 0 0 0 34 33 59 0 0 
2820 59 59 31 4 0 0 0 0 0 0 34 33 59 0 0 
2830 58 58 30 4 0 0 0 0 0 0 34 32 58 0 0 
2840 58 58 30 4 0 0 0 0 0 0 34 32 58 0 0 
2850 58 58 30 4 0 0 0 0 0 0 34 32 58 0 0 
2860 58 58 30 4 0 0 0 0 0 0 34 32 58 0 0 
2870 58 58 30 4 0 0 0 0 0 0 34 32 58 0 0 
2880 58 58 30 4 0 0 0 0 0 0 34 32 58 0 0 
2890 58 58 30 4 0 0 0 0 0 0 34 32 58 0 0 
2900 58 58 30 4 0 0 0 0 0 0 34 32 58 0 0 
2910 58 58 30 4 0 0 0 0 0 0 34 32 58 0 0 
2920 58 58 30 4 0 0 0 0 0 0 34 32 58 0 0 
2930 58 58 30 4 0 0 0 0 0 0 34 32 58 0 0 
2940 58 58 30 4 0 0 0 0 0 0 34 32 58 0 0 
2950 58 58 30 4 0 0 0 0 0 0 34 32 58 0 0 
2960 58 58 30 4 0 0 0 0 0 0 34 32 58 0 0 
2970 58 58 30 4 0 0 0 0 0 0 34 32 58 0 0 
2980 58 58 30 4 0 0 0 0 0 0 34 32 58 0 0 
2990 58 58 30 4 0 0 0 0 0 0 34 32 58 0 0 
3000 58 58 30 4 0 0 0 0 0 0 34 32 58 0 0 
3010 60 62 31 5 0 0 0 2 0 1 37 33 62 0 0 
3020 64 64 33 5 0 0 0 0 0 0 37 35 64 0 0 
3030 66 66 34 5 0 0 0 0 0 0 38 36 66 0 0 
3040 66 66 34 5 0 0 0 0 0 0 38 35 66 0 0 
3050 66 66 34 5 0 0 0 0 0 0 38 35 66 0 0 
3060 67 68 34 5 0 0 0 2 1 2 40 38 68 0 0 
3070 73 73 36 6 0 0 0 0 0 0 43 39 73 0 0 
3080 75 75 38 6 0 0 0 0 0 0 44 42 75 0 0 
3090 76 76 40 6 0 0 0 0 0 0 43 42 76 0 0 
3100 79 79 40 7 0 0 0 0 0 0 46 43 79 0 0 
3110 81 81 42 7 0 0 0 0 0 0 46 45 81 0 0 
3120 81 81 43 7 0 0 0 1 1 0 45 45 81 0 0 
3130 81 81 43 7 0 0 0 0 0 0 46 45 81 0 0 
3140 83 83 45 9 0 0 0 0 0 0 47 48 83 0 0 
3150 85 85 47 9 0 0 0 0 0 0 47 49 85 0 0 
3160 85 85 47 9 0 0 0 0 0 0 47 49 85 0 0 
3170 87 87 49 9 0 0 0 0 0 0 47 49 87 0 0 
3180 87 87 49 9 0 0 0 0 0 0 47 49 87 0 0 
3190 87 87 49 9 0 0 0 0 0 0 47 49 87 0 0 
3200 87 87 49 9 0 0 0 0 0 0 47 49 87 0 0 
3210 87 87 49 9 0 0 0 0 0 0 47 49 87 0 0 
3220 87 87 49 9 0 0 0 0 0 0 47 49 87 0 0 
3230 87 87 49 9 0 0 0 0 0 0 47 49 87 0 0 
3240 87 87 49 9 0 0 0 0 0 0 47 49 87 0 0 
3250 87 87 49 9 0 0 0 0 0 0 47 49 87 0 0 
3260 87 87 49 9 0 0 0 0 0 0 47 49 87 0 0 
3270 87 87 49 9 0 0 0 0 0 0 47 49 87 0 0 
3280 87 87 49 9 0 0 0 0 0 0 47 49 87 0 0 
3290 87 87 49 9 0 0 0 0 0 0 47 49 87 0 0 
3300 87 87 49 9 0 0 0 0 0 0 47 49 87 0 0 
3310 88 88 50 9 0 0 0 0 0 0 47 49 88 0 0 
3320 88 88 50 9 0 0 0 0 0 0 47 49 88 0 0 
3330 88 88 50 9 0 0 0 0 0 0 47 49 88 0 0 
3340 88 88 50 9 0 0 0 0 0 0 47 49 88 0 0 
3350 88 88 50 9 0 0 0 0 0 0 47 49 88 0 0 
3360 88 88 50 9 0 0 0 0 0 0 47 49 88 0 0 
3370 88 88 50 9 0 0 0 0 0 0 47 49 88 0 0 
3380 88 88 51 9 0 0 0 0 0 0 46 49 88 0 0 
3390 89 89 51 9 0 0 0 0 0 0 47 49 89 0 0 
3400 89 89 52 9 0 0 0 1 1 0 46 49 89 0 0 
3410 92 92 55 9 0 0 0 0 0 0 46 50 92 0 0 
3420 92 93 58 9 0 0 0 1 0 0 44 51 93 0 0 
3430 95 96 60 9 0 0 0 1 0 0 45 54 96 0 0 
3440 98 98 61 9 0 0 0 0 0 0 46 53 98 0 0 
3450 100 100 62 9 0 0 0 1 1 0 47 54 100 0 0 
3460 103 103 64 10 0 0 0 1 1 1 48 57 103 0 0 
3470 105 105 66 10 0 0 0 0 0 0 49 59 105 0 0 
3480 106 107 68 10 0 0 0 1 0 0 49 60 107 0 0 
3490 108 108 70 10 0 0 0 1 1 0 49 61 108 0 0 
3500 110 110 75 10 0 0 0 2 2 0 46 63 110 0 0 
3510 111 111 74 10 0 0 0 0 0 0 48 63 111 0 0 
3520 112 112 74 10 0 0 0 0 0 0 49 64 112 0 0 
3530 112 112 76 10 0 0 0 1 1 0 47 65 112 0 0 
3540 112 112 76 10 0 0 0 0 0 0 47 64 112 0 0 
3550 113 113 76 10 0 0 0 0 0 0 48 65 113 0 0 
3560 114 114 76 10 0 0 0 0 0 0 49 66 114 0 0 
3570 115 115 76 10 0 0 0 0 0 0 50 66 115 0 0 
3580 115 115 76 10 0 0 0 0 0 0 50 66 115 0 0 
3590 115 115 76 10 0 0 0 0 0 0 50 66 115 0 0 
3600 115 115 76 10 0 0 0 0 0 0 50 66 115 0 0 
3610 115 115 76 10 0 0 0 0 0 0 50 66 115 0 0 
3620 115 115 76 10 0 0 0 0 0 0 50 66 115 0 0 
3630 115 115 76 10 0 0 0 0 0 0 50 66 115 0 0 
3640 115 115 76 10 0 0 0 0 0 0 50 66 115 0 0 
3650 115 115 76 10 0 0 0 0 0 0 50 66 115 0 0 
3660 115 115 76 10 0 0 0 0 0 0 50 66 115 0 0 
3670 115 115 76 10 0 0 0 0 0 0 50 66 115 0 0 
3680 116 116 77 10 0 0 0 0 0 0 50 66 116 0 0 
3690 116 116 77 10 0 0 0 0 0 0 50 66 116 0 0 
3700 117 117 78 10 0 0 0 0 0 0 50 66 117 0 0 
3710 117 117 78 10 0 0 0 0 0 0 50 66 117 0 0 
3720 117 117 78 10 0 0 0 0 0 0 50 66 117 0 0 
3730 117 117 78 10 0 0 0 0 0 0 50 66 117 0 0 
3740 118 118 78 10 0 0 0 0 0 0 51 66 118 0 0 
3750 118 118 78 10 0 0 0 0 0 0 51 66 118 0 0 
3760 118 118 78 11 0 0 0 0 0 0 52 67 118 0 0 
3770 119 119 79 11 0 0 0 0 0 0 52 68 119 0 0 
3780 120 120 80 11 0 0 0 0 0 0 51 69 120 0 0 
3790 121 122 80 11 0 0 0 1 0 1 53 71 122 0 0 
3800 124 124 80 11 0 0 0 1 1 1 55 70 124 0 0 
3810 127 127 82 11 0 0 0 0 0 0 56 72 127 0 0 
3820 130 131 84 12 0 0 0 1 0 0 58 75 131 0 0 
3830 133 133 86 12 0 0 0 0 0 0 58 76 133 0 0 
3840 135 135 88 11 0 0 0 0 0 0 58 79 135 0 0 
3850 140 140 91 13 0 0 0 0 0 0 60 78 140 0 0 
3860 143 143 94 13 0 0 0 0 0 0 60 78 143 0 0 
3870 143 143 93 13 0 0 0 0 0 0 61 78 143 0 0 
3880 147 147 97 14 0 0 0 0 0 0 61 81 147 0 0 
3890 148 148 98 14 0 0 0 2 2 2 61 81 148 0 0 
3900 149 149 98 14 0 0 0 0 0 0 62 81 149 0 0 
3910 149 149 100 14 0 0 0 0 0 0 62 83 149 0 0 
3920 149 149 100 14 0 0 0 0 0 0 62 85 149 0 0 
3930 149 149 100 14 0 0 0 0 0 0 62 86 149 0 0 
3940 150 150 101 14 0 0 0 0 0 0 62 86 150 0 0 
3950 150 150 101 14 0 0 0 0 0 0 62 86 150 0 0 
3960 152 152 102 14 0 0 0 0 0 0 63 86 152 0 0 
3970 152 152 103 14 0 0 0 0 0 0 63 87 152 0 0 
3980 152 152 103 14 0 0 0 0 0 0 63 87 152 0 0 
3990 152 152 103 14 0 0 0 0 0 0 63 87 152 0 0 
4000 152 152 103 14 0 0 0 0 0 0 63 87 152 0 0 
4010 152 152 103 14 0 0 0 0 0 0 63 87 152 0 0 
4020 152 152 103 14 0 0 0 0 0 0 63 87 152 0 0 
4030 152 152 103 14 0 0 0 0 0 0 63 87 152 0 0 
4040 152 152 103 14 0 0 0 0 0 0 63 87 152 0 0 
4050 152 152 103 14 0 0 0 0 0 0 63 87 152 0 0 
4060 152 152 103 14 0 0 0 0 0 0 63 87 152 0 0 
4070 152 152 103 14 0 0 0 0 0 0 63 87 152 0 0 
4080 152 152 103 14 0 0 0 0 0 0 63 87 152 0 0 
4090 152 152 103 14 0 0 0 0 0 0 63 87 152 0 0 
4100 153 153 104 14 0 0 0 0 0 0 63 87 153 0 0 
4110 154 154 104 15 0 0 0 0 0 0 64 88 154 0 0 
4120 154 154 104 15 0 0 0 0 0 0 64 88 154 0 0 
4130 154 154 104 15 0 0 0 0 0 0 64 88 154 0 0 
4140 154 154 104 15 0 0 0 0 0 0 64 87 154 0 0 
4150 155 155 105 15 0 0 0 0 0 0 64 86 155 0 0 
4160 157 157 106 16 0 0 0 1 1 0 65 87 157 0 0 
4170 164 164 115 16 0 0 0 0 0 0 63 92 164 0 0 
4180 165 166 116 16 0 0 0 2 1 1 64 95 166 0 0 
4190 168 168 122 16 0 0 0 2 2 0 61 98 168 0 0 
4200 170 170 124 16 0 0 0 1 1 1 61 99 170 0 0 
4210 173 173 128 17 0 0 0 1 1 0 61 104 173 0 0 
4220 176 177 129 19 0 0 0 1 0 1 64 103 177 0 0 
4230 180 180 132 19 0 0 0 0 0 0 64 105 180 0 0 
4240 183 183 132 19 0 0 0 0 0 0 66 104 183 0 0 
4250 185 185 133 19 0 0 0 0 0 0 67 104 185 0 0 
4260 187 187 134 20 0 0 0 0 0 0 69 105 187 0 0 
4270 188 188 133 19 0 0 0 1 1 1 70 107 188 0 0 
4280 188 188 133 19 0 0 0 0 0 0 70 107 188 0 0 
4290 190 190 133 20 0 0 0 0 0 0 72 106 190 0 0 
4300 192 192 135 20 0 0 0 1 1 0 73 107 192 0 0 
4310 192 192 137 20 0 0 0 0 0 0 71 108 192 0 0 
4320 192 192 137 20 0 0 0 0 0 0 71 108 192 0 0 
4330 192 192 137 20 0 0 0 0 0 0 71 108 192 0 0 
4340 192 192 136 21 0 0 0 0 0 0 72 109 192 0 0 
4350 192 192 136 21 0 0 0 0 0 0 72 109 192 0 0 
4360 193 193 135 22 0 0 0 0 0 0 73 110 193 0 0 
4370 193 193 135 22 0 0 0 0 0 0 73 110 193 0 0 
4380 193 193 135 22 0 0 0 0 0 0 73 110 193 0 0 
4390 193 193 135 22 0 0 0 0 0 0 73 110 193 0 0 
4400 193 193 135 22 0 0 0 0 0 0 73 110 193 0 0 
4410 193 193 135 22 0 0 0 0 0 0 73 110 193 0 0 
4420 193 193 135 22 0 0 0 0 0 0 73 110 193 0 0 
4430 193 193 135 22 0 0 0 0 0 0 73 110 193 0 0 
4440 193 193 135 22 0 0 0 0 0 0 73 110 193 0 0 
4450 193 193 135 22 0 0 0 0 0 0 73 110 193 0 0 
4460 193 193 135 22 0 0 0 0 0 0 73 110 193 0 0 
4470 194 194 135 22 0 0 0 0 0 0 74 110 194 0 0 
4480 194 194 135 22 0 0 0 0 0 0 74 110 194 0 0 
4490 195 195 136 22 0 0 0 2 2 1 74 111 195 0 0 
4500 195 195 136 22 0 0 0 0 0 0 75 112 195 0 0 
4510 195 195 135 21 0 0 0 0 0 0 75 111 195 0 0 
4520 197 197 136 21 0 0 0 0 0 0 76 111 197 0 0 
4530 199 199 137 21 0 0 0 2 2 2 78 115 199 0 0 
4540 201 201 140 21 0 0 0 0 0 0 77 116 201 0 0 
4550 204 204 141 21 0 0 0 0 0 0 80 120 204 0 0 
4560 207 208 139 21 0 0 0 1 0 1 86 120 208 0 0 
4570 213 214 146 21 0 0 0 2 1 0 85 121 214 0 0 
4580 217 218 151 22 0 0 0 1 0 1 85 124 218 0 0 
4590 220 220 156 22 0 0 0 1 1 0 84 124 220 0 0 
4600 223 223 159 22 0 0 0 1 1 0 84 124 223 0 0 
4610 226 227 162 22 0 0 0 2 1 1 87 126 227 0 0 
4620 231 231 163 22 0 0 0 0 0 0 90 128 231 0 0 
4630 234 234 164 25 0 0 0 1 1 1 92 133 234 0 0 
4640 234 234 167 25 0 0 0 0 0 0 89 133 234 0 0 
4650 235 235 166 25 0 0 0 1 1 0 91 132 235 0 0 
4660 236 236 167 25 0 0 0 0 0 0 92 133 236 0 0 
4670 236 236 166 25 0 0 0 0 0 0 93 134 236 0 0 
4680 236 237 166 25 0 0 0 1 0 1 94 133 237 0 0 
4690 237 238 167 25 0 0 0 1 0 0 94 133 238 0 0 
4700 238 238 168 25 0 0 0 1 1 0 93 132 238 0 0 
4710 238 238 169 25 0 0 0 0 0 0 93 134 238 0 0 
4720 239 239 169 25 0 0 0 0 0 0 94 134 239 0 0 
4730 240 240 170 25 0 0 0 0 0 0 95 135 240 0 0 
4740 240 240 170 25 0 0 0 0 0 0 95 135 240 0 0 
4750 240 240 170 25 0 0 0 0 0 0 95 135 240 0 0 
4760 241 241 170 25 0 0 0 0 0 0 96 135 241 0 0 
4770 240 240 170 25 0 0 0 0 0 0 95 135 240 0 0 
4780 240 240 170 25 0 0 0 0 0 0 95 135 240 0 0 
4790 240 240 170 25 0 0 0 0 0 0 95 135 240 0 0 
4800 240 240 170 25 0 0 0 0 0 0 95 135 240 0 0 
4810 240 240 170 25 0 0 0 0 0 0 95 135 240 0 0 
4820 240 240 170 25 0 0 0 0 0 0 95 135 240 0 0 
4830 240 240 170 25 0 0 0 0 0 0 95 135 240 0 0 
4840 243 243 171 26 0 0 0 0 0 0 97 135 243 0 0 
4850 244 244 171 26 0 0 0 0 0 0 98 135 244 0 0 
4860 244 244 172 26 0 0 0 0 0 0 98 135 244 0 0 
4870 244 244 171 26 0 0 0 0 0 0 98 136 244 0 0 
4880 245 245 171 26 0 0 0 0 0 0 99 137 245 0 0 
4890 246 246 173 26 0 0 0 1 1 0 99 139 246 0 0 
4900 247 247 172 26 0 0 0 1 1 1 101 140 247 0 0 
4910 247 248 173 26 0 0 0 1 0 0 101 140 248 0 0 
4920 250 250 174 28 0 0 0 1 1 1 103 141 250 0 0 
4930 256 256 179 28 0 0 0 0 0 0 105 145 256 0 0 
4940 257 257 183 28 0 0 0 2 2 0 103 145 257 0 0 
4950 258 258 185 30 0 0 0 0 0 0 103 147 258 0 0 
4960 262 263 187 31 0 0 0 2 1 2 107 151 263 0 0 
4970 270 270 189 33 0 0 0 1 1 0 110 155 270 0 0 
4980 272 273 193 33 0 0 0 3 2 0 111 156 273 0 0 
4990 276 276 194 33 0 0 0 0 0 0 112 154 276 0 0 
5000 281 281 200 33 0 0 0 0 0 0 115 155 281 0 0 
5010 285 285 202 33 0 0 0 0 0 0 117 156 285 0 0 
5020 285 285 202 33 0 0 0 0 0 0 118 155 285 0 0 
5030 286 286 202 32 0 0 0 1 1 0 119 156 286 0 0 
5040 287 287 201 32 0 0 0 0 0 0 121 156 287 0 0 
5050 287 287 201 32 0 0 0 0 0 0 121 157 287 0 0 
5060 287 287 202 32 0 0 0 0 0 0 120 159 287 0 0 
5070 287 287 204 32 0 0 0 0 0 0 118 159 287 0 0 
5080 287 287 205 32 0 0 0 0 0 0 118 160 287 0 0 
5090 289 289 206 32 0 0 0 0 0 0 119 160 289 0 0 
5100 290 290 207 32 0 0 0 0 0 0 119 161 290 0 0 
5110 290 290 207 32 0 0 0 0 0 0 119 161 290 0 0 
5120 290 290 210 32 0 0 0 1 1 0 118 163 290 0 0 
5130 290 290 210 32 0 0 0 0 0 0 118 163 290 0 0 
5140 290 290 210 32 0 0 0 0 0 0 118 163 290 0 0 
5150 290 290 210 32 0 0 0 0 0 0 118 163 290 0 0 
5160 290 290 210 32 0 0 0 0 0 0 118 163 290 0 0 
5170 291 291 210 32 0 0 0 0 0 0 119 163 291 0 0 
5180 291 291 210 32 0 0 0 0 0 0 119 163 291 0 0 
5190 291 291 210 32 0 0 0 0 0 0 119 163 291 0 0 
5200 292 292 211 32 0 0 0 0 0 0 119 163 292 0 0 
5210 293 293 212 32 0 0 0 0 0 0 119 163 293 0 0 
5220 294 294 213 32 0 0 0 0 0 0 119 163 294 0 0 
5230 297 297 214 32 0 0 0 0 0 0 121 164 297 0 0 
5240 297 297 214 32 0 0 0 0 0 0 121 166 297 0 0 
5250 297 298 214 32 0 0 0 1 0 1 122 167 298 0 0 
5260 299 299 215 32 0 0 0 0 0 0 122 167 299 0 0 
5270 300 300 216 32 0 0 0 0 0 0 122 168 300 0 0 
5280 303 303 218 32 0 0 0 0 0 0 124 169 303 0 0 
5290 304 304 220 33 0 0 0 1 1 0 123 169 304 0 0 
5300 306 306 221 33 0 0 0 2 2 2 124 171 306 0 0 
5310 309 309 222 33 0 0 0 0 0 0 125 171 309 0 0 
5320 309 309 224 34 0 0 0 0 0 0 126 173 309 0 0 
5330 311 311 225 34 0 0 0 1 1 0 127 174 311 0 0 
5340 315 316 231 35 0 0 0 3 2 1 127 171 316 0 0 
5350 322 323 240 36 0 0 0 2 1 0 128 178 323 0 0 
5360 329 330 245 36 0 0 0 1 0 0 130 183 330 0 0 
5370 333 333 248 37 0 0 0 1 1 1 130 186 333 0 0 
5380 333 334 252 38 0 0 0 2 1 2 128 189 334 0 0 
5390 339 339 253 40 0 0 0 1 1 0 133 189 339 0 0 
5400 338 338 253 41 0 0 0 0 0 0 132 188 338 0 0 
5410 338 338 251 42 0 0 0 0 0 0 134 188 338 0 0 
5420 338 338 249 42 0 0 0 1 1 1 135 190 338 0 0 
5430 338 338 247 42 0 0 0 1 1 1 137 189 338 0 0 
5440 339 339 246 42 0 0 0 0 0 0 139 189 339 0 0 
5450 339 339 246 42 0 0 0 0 0 0 138 188 339 0 0 
5460 340 340 246 42 0 0 0 0 0 0 139 188 340 0 0 
5470 340 340 243 42 0 0 0 0 0 0 142 189 340 0 0 
5480 341 341 243 42 0 0 0 0 0 0 143 189 341 0 0 
5490 342 342 245 42 0 0 0 0 0 0 142 189 342 0 0 
5500 343 343 246 42 0 0 0 0 0 0 142 190 343 0 0 
5510 343 343 246 42 0 0 0 0 0 0 142 190 343 0 0 
5520 343 343 246 42 0 0 0 0 0 0 142 190 343 0 0 
5530 344 344 246 42 0 0 0 0 0 0 143 190 344 0 0 
5540 344 344 246 42 0 0 0 0 0 0 143 190 344 0 0 
5550 345 345 247 42 0 0 0 0 0 0 143 190 345 0 0 
5560 345 345 247 42 0 0 0 0 0 0 143 190 345 0 0 
5570 345 345 247 42 0 0 0 0 0 0 143 190 345 0 0 
5580 347 348 249 42 0 0 0 1 0 0 144 192 348 0 0 
5590 348 348 249 42 0 0 0 0 0 0 144 191 348 0 0 
5600 350 350 251 42 0 0 0 0 0 0 144 191 350 0 0 
5610 350 350 250 42 0 0 0 0 0 0 145 191 350 0 0 
5620 352 352 251 42 0 0 0 1 1 1 146 190 352 0 0 
5630 353 353 254 42 0 0 0 0 0 0 145 190 353 0 0 
5640 354 355 255 42 0 0 0 1 0 0 146 193 355 0 0 
5650 355 355 257 42 0 0 0 0 0 0 143 193 355 0 0 
5660 356 356 259 42 0 0 0 2 2 1 142 195 356 0 0 
5670 358 358 258 42 0 0 0 2 2 1 145 195 358 0 0 
5680 360 360 261 41 0 0 0 2 2 0 143 198 360 0 0 
5690 364 365 266 41 0 0 0 1 0 1 143 201 365 0 0 
5700 370 370 267 42 0 0 0 0 0 0 148 203 370 0 0 
5710 372 374 269 41 0 0 0 3 1 0 148 202 374 0 0 
5720 378 378 273 41 0 0 0 1 1 0 149 201 378 0 0 
5730 380 381 270 43 0 0 0 1 0 1 152 202 381 0 0 
5740 383 383 278 43 0 0 0 1 1 0 149 210 383 0 0 
5750 390 390 282 44 0 0 0 1 1 1 152 219 390 0 0 
5760 392 392 283 44 0 0 0 1 1 0 153 218 392 0 0 
5770 392 392 281 45 0 0 0 2 2 2 155 218 392 0 0 
5780 394 394 283 45 0 0 0 0 0 0 156 219 394 0 0 
5790 394 394 283 45 0 0 0 1 1 1 157 219 394 0 0 
5800 397 397 286 44 0 0 0 1 1 0 156 222 397 0 0 
5810 397 397 287 44 0 0 0 1 1 0 155 222 397 0 0 
5820 399 399 286 44 0 0 0 2 2 1 157 220 399 0 0 
5830 399 399 285 43 0 0 0 1 1 1 157 220 399 0 0 
5840 399 399 288 43 0 0 0 0 0 0 155 221 399 0 0 
5850 400 401 290 43 0 0 0 2 1 1 155 222 401 0 0 
5860 401 401 290 43 0 0 0 0 0 0 155 221 401 0 0 
5870 401 401 289 42 0 0 0 1 1 0 155 222 401 0 0 
5880 401 401 290 42 0 0 0 0 0 0 154 224 401 0 0 
5890 402 402 292 42 0 0 0 0 0 0 153 225 402 0 0 
5900 402 402 292 42 0 0 0 0 0 0 153 225 402 0 0 
5910 402 402 292 43 0 0 0 0 0 0 153 226 402 0 0 
5920 402 402 292 43 0 0 0 0 0 0 152 226 402 0 0 
5930 402 402 292 43 0 0 0 0 0 0 152 226 402 0 0 
5940 403 403 293 43 0 0 0 0 0 0 152 226 403 0 0 
5950 405 405 294 44 0 0 0 0 0 0 153 228 405 0 0 
5960 406 406 296 44 0 0 0 0 0 0 153 228 406 0 0 
5970 406 406 297 44 0 0 0 0 0 0 152 229 406 0 0 
5980 408 408 300 44 0 0 0 1 1 0 152 231 408 0 0 
5990 411 411 301 44 0 0 0 0 0 0 154 232 411 0 0 
6000 413 413 302 44 0 0 0 1 1 0 155 232 413 0 0 
6010 416 416 305 44 0 0 0 1 1 0 157 232 416 0 0 
6020 417 417 308 44 0 0 0 1 1 0 156 231 417 0 0 
6030 418 418 307 42 0 0 0 2 2 1 157 233 418 0 0 
6040 418 418 306 42 0 0 0 0 0 0 158 234 418 0 0 
6050 420 420 306 42 0 0 0 1 1 0 161 234 420 0 0 
6060 420 421 305 43 0 0 0 2 1 1 164 236 421 0 0 
6070 423 423 308 43 0 0 0 1 1 1 163 236 423 0 0 
6080 428 428 309 43 0 0 0 1 1 0 168 240 428 0 0 
6090 431 431 310 43 0 0 0 1 1 0 170 243 431 0 0 
6100 434 435 312 44 0 0 0 2 1 1 172 244 435 0 0 
6110 437 437 312 45 0 0 0 0 0 0 175 244 437 0 0 
6120 443 443 311 49 0 0 0 1 1 1 180 244 443 0 0 
6130 444 444 315 49 0 0 0 1 1 0 178 247 444 0 0 
6140 445 446 321 49 0 0 0 3 2 0 178 251 446 0 0 
6150 448 449 321 50 0 0 0 1 0 0 180 250 449 0 0 
6160 452 452 327 50 0 0 0 0 0 0 178 250 452 0 0 
6170 454 454 328 50 0 0 0 0 0 0 179 251 454 0 0 
6180 455 455 330 50 0 0 0 0 0 0 179 251 455 0 0 
6190 457 457 334 50 0 0 0 0 0 0 177 251 457 0 0 
6200 457 457 333 51 0 0 0 1 1 1 178 250 457 0 0 
6210 458 459 334 52 0 0 0 1 0 1 178 249 459 0 0 
6220 459 459 334 53 0 0 0 1 1 1 178 249 459 0 0 
6230 460 460 336 53 0 0 0 0 0 0 178 251 460 0 0 
6240 460 460 334 53 0 0 0 0 0 0 180 252 460 0 0 
6250 460 460 333 53 0 0 0 0 0 0 181 252 460 0 0 
6260 461 461 334 53 0 0 0 0 0 0 181 251 461 0 0 
6270 461 461 334 53 0 0 0 0 0 0 181 250 461 0 0 
6280 461 461 334 53 0 0 0 0 0 0 181 250 461 0 0 
6290 461 461 335 53 0 0 0 1 1 0 180 251 461 0 0 
6300 461 461 335 53 0 0 0 0 0 0 180 250 461 0 0 
6310 463 463 338 53 0 0 0 0 0 0 179 250 463 0 0 
6320 464 464 339 53 0 0 0 0 0 0 179 250 464 0 0 
6330 464 464 339 53 0 0 0 0 0 0 180 251 464 0 0 
6340 468 468 343 54 0 0 0 2 2 2 180 251 468 0 0 
6350 469 470 343 54 0 0 0 1 0 1 182 251 470 0 0 
6360 474 475 346 56 0 0 0 2 1 2 186 257 475 0 0 
6370 477 477 349 57 0 0 0 0 0 0 185 258 477 0 0 
6380 478 478 351 56 0 0 0 0 0 0 186 261 478 0 0 
6390 479 480 354 56 0 0 0 2 1 0 184 262 480 0 0 
6400 481 481 355 58 0 0 0 2 2 1 185 264 481 0 0 
6410 481 481 355 58 0 0 0 0 0 0 185 264 481 0 0 
6420 482 482 356 58 0 0 0 0 0 0 186 265 482 0 0 
6430 483 483 360 58 0 0 0 1 1 1 183 267 483 0 0 
6440 487 487 362 58 0 0 0 2 2 1 188 272 487 0 0 
6450 490 490 365 59 0 0 0 2 2 1 189 273 490 0 0 
6460 495 496 367 60 0 0 0 3 2 2 195 275 496 0 0 
6470 502 502 372 61 0 0 0 1 1 0 199 274 502 0 0 
6480 508 508 373 61 0 0 0 3 3 1 205 276 508 0 0 
6490 508 508 378 62 0 0 0 1 1 0 203 279 508 0 0 
6500 510 510 378 63 0 0 0 3 3 2 203 285 510 0 0 
6510 512 512 379 63 0 0 0 0 0 0 204 290 512 0 0 
6520 516 517 385 64 0 0 0 2 1 0 205 291 517 0 0 
6530 518 518 388 64 0 0 0 1 1 0 203 292 518 0 0 
6540 518 518 389 63 0 0 0 0 0 0 204 295 518 0 0 
6550 519 519 390 63 0 0 0 0 0 0 204 297 519 0 0 
6560 523 524 390 63 0 0 0 2 1 2 208 297 524 0 0 
6570 526 527 392 64 0 0 0 2 1 1 209 299 527 0 0 
6580 527 527 392 64 0 0 0 0 0 0 209 298 527 0 0 
6590 528 528 394 64 0 0 0 0 0 0 207 297 528 0 0 
6600 530 530 396 64 0 0 0 0 0 0 208 300 530 0 0 
6610 530 530 395 64 0 0 0 2 2 1 209 302 530 0 0 
6620 530 530 396 64 0 0 0 0 0 0 208 302 530 0 0 
6630 531 531 396 64 0 0 0 0 0 0 209 302 531 0 0 
6640 531 531 395 64 0 0 0 0 0 0 211 302 531 0 0 
6650 531 531 395 64 0 0 0 0 0 0 211 302 531 0 0 
6660 532 532 396 64 0 0 0 0 0 0 211 302 532 0 0 
6670 533 533 396 64 0 0 0 0 0 0 212 303 533 0 0 
6680 533 533 397 64 0 0 0 0 0 0 210 303 533 0 0 
6690 533 533 397 64 0 0 0 0 0 0 210 302 533 0 0 
6700 534 534 397 64 0 0 0 0 0 0 211 302 534 0 0 
6710 536 536 396 65 0 0 0 0 0 0 213 304 536 0 0 
6720 538 538 395 65 0 0 0 2 2 2 216 306 538 0 0 
6730 541 541 395 65 0 0 0 1 1 1 219 306 541 0 0 
6740 542 542 397 65 0 0 0 0 0 0 218 308 542 0 0 
6750 543 543 399 65 0 0 0 0 0 0 219 309 543 0 0 
6760 545 545 402 65 0 0 0 0 0 0 217 308 545 0 0 
6770 546 547 402 65 0 0 0 1 0 0 219 309 547 0 0 
6780 549 549 401 66 0 0 0 3 3 2 223 311 549 0 0 
6790 551 551 406 67 0 0 0 0 0 0 222 310 551 0 0 
6800 551 551 408 68 0 0 0 1 1 1 222 310 551 0 0 
6810 553 553 411 68 0 0 0 1 1 0 220 309 553 0 0 
6820 560 560 417 67 0 0 0 0 0 0 222 312 560 0 0 
6830 562 562 421 69 0 0 0 0 0 0 226 317 562 0 0 
6840 565 565 420 68 0 0 0 1 1 0 228 319 565 0 0 
6850 567 567 423 69 0 0 0 2 2 0 229 318 567 0 0 
6860 569 569 420 69 0 0 0 0 0 0 233 320 569 0 0 
6870 574 574 420 69 0 0 0 2 2 2 239 318 574 0 0 
6880 576 577 423 70 0 0 0 4 3 2 237 321 577 0 0 
6890 579 579 428 72 0 0 0 4 4 1 236 325 579 0 0 
6900 582 582 427 73 0 0 0 1 1 1 244 322 582 0 0 
6910 585 586 426 74 0 0 0 1 0 1 250 328 586 0 0 
6920 586 586 425 74 0 0 0 1 1 1 250 325 586 0 0 
6930 589 589 429 74 0 0 0 1 1 0 248 325 589 0 0 
6940 591 591 431 73 0 0 0 0 0 0 248 327 591 0 0 
6950 591 591 432 73 0 0 0 0 0 0 247 329 591 0 0 
6960 591 591 433 73 0 0 0 1 1 0 247 330 591 0 0 
6970 594 594 435 76 0 0 0 0 0 0 247 330 594 0 0 
6980 595 596 438 76 0 0 0 1 0 0 246 331 596 0 0 
6990 597 597 439 76 0 0 0 0 0 0 246 333 597 0 0 
7000 598 599 443 76 0 0 0 3 2 1 245 333 599 0 0 
7010 599 599 443 76 0 0 0 0 0 0 245 333 599 0 0 
7020 599 599 442 76 0 0 0 0 0 0 246 332 599 0 0 
7030 599 599 442 76 0 0 0 0 0 0 246 332 599 0 0 
7040 599 599 442 76 0 0 0 0 0 0 245 333 599 0 0 
7050 600 600 442 76 0 0 0 0 0 0 246 333 600 0 0 
7060 600 601 442 76 0 0 0 2 1 1 247 333 601 0 0 
7070 602 602 443 76 0 0 0 0 0 0 247 333 602 0 0 
7080 604 604 443 76 0 0 0 1 1 1 249 334 604 0 0 
7090 605 606 446 76 0 0 0 2 1 0 248 335 606 0 0 
7100 607 607 450 77 0 0 0 1 1 0 246 340 607 0 0 
7110 609 609 451 78 0 0 0 2 2 0 247 340 609 0 0 
7120 609 609 452 78 0 0 0 0 0 0 246 341 609 0 0 
7130 610 610 450 79 0 0 0 4 4 3 248 342 610 0 0 
7140 611 611 451 79 0 0 0 0 0 0 250 341 611 0 0 
7150 614 614 451 81 0 0 0 0 0 0 252 343 614 0 0 
7160 615 615 452 80 0 0 0 1 1 0 253 343 615 0 0 
7170 618 619 454 80 0 0 0 1 0 1 256 344 619 0 0 
7180 621 622 451 80 0 0 0 2 1 1 260 347 622 0 0 
7190 629 629 452 80 0 0 0 2 2 1 268 349 629 0 0 
7200 630 631 455 80 0 0 0 3 2 1 266 356 631 0 0 
7210 635 635 460 80 0 0 0 1 1 0 265 356 635 0 0 
7220 637 637 462 80 0 0 0 1 1 0 264 361 637 0 0 
7230 639 639 465 80 0 0 0 0 0 0 263 364 639 0 0 
7240 644 645 468 82 0 0 0 1 0 0 267 369 645 0 0 
7250 648 648 469 83 0 0 0 0 0 0 268 370 648 0 0 
7260 652 652 466 83 0 0 0 2 2 1 272 370 652 0 0 
7270 656 656 469 83 0 0 0 1 1 0 275 369 656 0 0 
7280 658 659 468 80 0 0 0 2 1 1 277 370 659 0 0 
7290 660 660 470 79 0 0 0 2 2 2 279 365 660 0 0 
7300 662 662 473 79 0 0 0 0 0 0 278 369 662 0 0 
7310 664 664 477 78 0 0 0 0 0 0 276 371 664 0 0 
7320 669 669 480 78 0 0 0 4 4 3 278 374 669 0 0 
7330 670 671 482 79 0 0 0 3 2 2 279 374 671 0 0 
7340 671 672 485 79 0 0 0 2 1 0 278 376 672 0 0 
7350 673 673 488 78 0 0 0 0 0 0 276 376 673 0 0 
7360 674 674 487 77 0 0 0 0 0 0 276 375 674 0 0 
7370 676 676 488 77 0 0 0 0 0 0 276 378 676 0 0 
7380 676 677 489 77 0 0 0 1 0 0 276 380 677 0 0 
7390 677 677 488 77 0 0 0 0 0 0 276 380 677 0 0 
7400 679 679 491 77 0 0 0 0 0 0 275 381 679 0 0 
7410 680 680 490 77 0 0 0 1 1 1 276 381 680 0 0 
7420 680 680 491 77 0 0 0 1 1 0 275 381 680 0 0 
7430 680 680 491 77 0 0 0 1 1 1 276 381 680 0 0 
7440 681 681 490 78 0 0 0 1 1 1 278 382 681 0 0 
7450 681 681 489 78 0 0 0 0 0 0 279 383 681 0 0 
7460 682 682 491 78 0 0 0 0 0 0 278 384 682 0 0 
7470 683 683 493 78 0 0 0 0 0 0 276 385 683 0 0 
7480 684 685 492 78 0 0 0 1 0 1 278 385 685 0 0 
7490 687 687 493 78 0 0 0 0 0 0 279 385 687 0 0 
7500 689 689 492 79 0 0 0 1 1 0 280 383 689 0 0 
7510 691 691 496 80 0 0 0 1 1 0 279 386 691 0 0 
7520 695 696 500 81 0 0 0 2 1 2 281 389 696 0 0 
7530 698 699 498 82 0 0 0 4 3 2 286 388 699 0 0 
7540 700 700 500 82 0 0 0 1 1 0 287 389 700 0 0 
7550 703 703 503 83 0 0 0 3 3 1 290 390 703 0 0 
7560 705 705 507 84 0 0 0 1 1 0 289 395 705 0 0 
7570 707 707 506 86 0 0 0 0 0 0 293 402 707 0 0 
7580 707 707 508 87 0 0 0 2 2 1 291 398 707 0 0 
7590 713 713 515 87 0 0 0 0 0 0 293 405 713 0 0 
7600 718 719 520 87 0 0 0 2 1 0 295 410 719 0 0 
7610 721 721 522 89 0 0 0 0 0 0 294 411 721 0 0 
7620 728 728 524 91 0 0 0 2 2 1 301 410 728 0 0 
7630 730 731 529 91 0 0 0 3 2 1 302 414 731 0 0 
7640 733 733 529 92 0 0 0 1 1 1 304 416 733 0 0 
7650 736 737 530 93 0 0 0 4 3 2 304 415 737 0 0 
7660 740 740 534 93 0 0 0 6 6 3 304 413 740 0 0 
7670 741 741 538 93 0 0 0 2 2 1 301 416 741 0 0 
7680 744 744 540 94 0 0 0 0 0 0 305 419 744 0 0 
7690 746 747 544 94 0 0 0 1 0 0 304 419 747 0 0 
7700 749 749 545 94 0 0 0 1 1 1 303 421 749 0 0 
7710 753 753 544 96 0 0 0 1 1 1 310 423 753 0 0 
7720 755 755 546 96 0 0 0 0 0 0 308 427 755 0 0 
7730 758 758 549 96 0 0 0 0 0 0 307 426 758 0 0 
7740 758 758 550 96 0 0 0 1 1 0 305 425 758 0 0 
7750 759 760 549 97 0 0 0 2 1 0 308 426 760 0 0 
7760 762 762 551 96 0 0 0 0 0 0 308 426 762 0 0 
7770 763 763 551 96 0 0 0 0 0 0 309 428 763 0 0 
7780 765 765 553 96 0 0 0 0 0 0 309 429 765 0 0 
7790 766 766 552 97 0 0 0 0 0 0 310 429 766 0 0 
7800 767 767 555 97 0 0 0 0 0 0 309 427 767 0 0 
7810 767 767 560 97 0 0 0 0 0 0 305 429 767 0 0 
7820 767 767 562 97 0 0 0 0 0 0 303 429 767 0 0 
7830 770 770 564 97 0 0 0 0 0 0 306 432 770 0 0 
7840 771 771 567 97 0 0 0 0 0 0 303 431 771 0 0 
7850 773 773 569 97 0 0 0 1 1 1 302 433 773 0 0 
7860 776 776 569 97 0 0 0 1 1 1 306 432 776 0 0 
7870 778 778 569 97 0 0 0 0 0 0 308 433 778 0 0 
7880 779 779 569 97 0 0 0 1 1 1 311 437 779 0 0 
7890 782 783 568 97 0 0 0 3 2 1 317 434 783 0 0 
7900 784 784 567 99 0 0 0 0 0 0 319 435 784 0 0 
7910 787 787 574 98 0 0 0 1 1 1 317 437 787 0 0 
7920 790 790 579 98 0 0 0 1 1 1 318 442 790 0 0 
7930 791 792 580 98 0 0 0 1 0 0 319 441 792 0 0 
7940 792 793 581 99 0 0 0 2 1 0 320 445 793 0 0 
7950 794 794 587 97 0 0 0 3 3 1 316 443 794 0 0 
7960 798 798 594 98 0 0 0 2 2 0 316 450 798 0 0 
7970 800 800 596 100 0 0 0 3 3 3 321 452 800 0 0 
7980 806 806 602 100 0 0 0 0 0 0 320 452 806 0 0 
7990 807 809 606 100 0 0 0 3 1 0 320 453 809 0 0 
8000 812 812 606 99 0 0 0 2 2 1 325 455 812 0 0 
8010 813 814 611 101 0 0 0 5 4 2 323 455 814 0 0 
8020 817 817 611 101 0 0 0 2 2 1 322 455 817 0 0 
8030 821 821 612 100 0 0 0 3 3 1 324 457 821 0 0 
8040 823 823 615 98 0 0 0 1 1 0 321 457 823 0 0 
8050 823 823 614 98 0 0 0 0 0 0 321 459 823 0 0 
8060 823 823 615 97 0 0 0 0 0 0 321 461 823 0 0 
8070 825 825 618 97 0 0 0 0 0 0 322 462 825 0 0 
8080 827 828 618 98 0 0 0 1 0 0 325 467 828 0 0 
8090 834 835 623 101 0 0 0 1 0 0 330 469 835 0 0 
8100 837 837 625 101 0 0 0 1 1 0 332 469 837 0 0 
8110 840 841 629 101 0 0 0 2 1 1 332 470 841 0 0 
8120 843 843 629 100 0 0 0 1 1 0 333 472 843 0 0 
8130 845 845 630 100 0 0 0 1 1 1 334 474 845 0 0 
8140 845 845 632 101 0 0 0 1 1 1 334 479 845 0 0 
8150 847 848 633 101 0 0 0 1 0 0 335 480 848 0 0 
8160 851 852 637 101 0 0 0 1 0 0 336 484 852 0 0 
8170 854 854 643 102 0 0 0 0 0 0 333 482 854 0 0 
8180 854 854 641 103 0 0 0 3 3 2 335 485 854 0 0 
8190 856 856 644 104 0 0 0 0 0 0 336 487 856 0 0 
8200 857 857 647 104 0 0 0 2 2 0 335 485 857 0 0 
8210 860 860 649 103 0 0 0 1 1 0 337 487 860 0 0 
8220 862 862 650 104 0 0 0 0 0 0 338 485 862 0 0 
8230 866 866 650 105 0 0 0 1 1 0 342 485 866 0 0 
8240 867 867 651 105 0 0 0 2 2 2 342 487 867 0 0 
8250 868 868 653 104 0 0 0 1 1 1 339 486 868 0 0 
8260 870 870 653 104 0 0 0 0 0 0 341 484 870 0 0 
8270 871 872 653 104 0 0 0 2 1 1 341 481 872 0 0 
8280 874 874 656 103 0 0 0 2 2 1 340 486 874 0 0 
8290 875 875 659 104 0 0 0 2 2 1 342 489 875 0 0 
8300 877 877 665 105 0 0 0 1 1 1 340 487 877 0 0 
8310 879 880 663 104 0 0 0 3 2 2 347 485 880 0 0 
8320 883 884 660 104 0 0 0 3 2 2 355 485 884 0 0 
8330 886 886 661 104 0 0 0 3 3 1 354 483 886 0 0 
8340 888 888 660 103 0 0 0 0 0 0 358 486 888 0 0 
8350 889 889 664 102 0 0 0 0 0 0 355 491 889 0 0 
8360 892 892 670 101 0 0 0 2 2 1 355 496 892 0 0 
8370 895 895 671 102 0 0 0 3 3 0 358 500 895 0 0 
8380 901 901 673 101 0 0 0 2 2 0 361 501 901 0 0 
8390 901 901 674 102 0 0 0 0 0 0 358 502 901 0 0 
8400 905 905 672 101 0 0 0 0 0 0 363 503 905 0 0 
8410 908 908 673 102 0 0 0 4 4 2 372 506 908 0 0 
8420 910 910 675 102 0 0 0 0 0 0 374 504 910 0 0 
8430 912 912 682 103 0 0 0 1 1 0 373 514 912 0 0 
8440 914 914 684 102 0 0 0 0 0 0 371 514 914 0 0 
8450 916 916 685 106 0 0 0 1 1 1 372 517 916 0 0 
8460 918 918 688 106 0 0 0 4 4 1 370 519 918 0 0 
8470 921 921 691 105 0 0 0 5 5 1 368 525 921 0 0 
8480 924 924 693 107 0 0 0 0 0 0 371 525 924 0 0 
8490 928 929 698 107 0 0 0 1 0 0 372 526 929 0 0 
8500 934 934 704 108 0 0 0 0 0 0 372 531 934 0 0 
8510 935 936 707 109 0 0 0 2 1 1 370 532 936 0 0 
