# Avida Dominant Data
# Tue Oct 18 10:57:49 2016
#  1: Update
#  2: Average Merit of the Dominant Genotype
#  3: Average Gestation Time of the Dominant Genotype
#  4: Average Fitness of the Dominant Genotype
#  5: Repro Rate?
#  6: Size of Dominant Genotype
#  7: Copied Size of Dominant Genotype
#  8: Executed Size of Dominant Genotype
#  9: Abundance of Dominant Genotype
# 10: Number of Births
# 11: Number of Dominant Breed True?
# 12: Dominant Gene Depth
# 13: Dominant Breed In
# 14: Max Fitness?
# 15: Genotype ID of Dominant Genotype
# 16: Name of the Dominant Genotype

0 0 0 0 0 100 0 0 1 0 0 0 0 2.22507e-308 1 100-aaaaa 
10 0 0 0 0 100 0 0 1 0 0 0 0 2.22507e-308 1 100-aaaaa 
20 0 0 0 0 100 0 0 1 0 0 0 0 2.22507e-308 1 100-aaaaa 
30 0 0 0 0 100 0 0 1 0 0 0 0 2.22507e-308 1 100-aaaaa 
40 0 0 0 0 100 0 0 1 0 0 0 0 2.22507e-308 1 100-aaaaa 
50 0 0 0 0 100 0 0 1 0 0 0 0 2.22507e-308 1 100-aaaaa 
60 0 0 0 0 100 0 0 1 0 0 0 0 2.22507e-308 1 100-aaaaa 
70 0 0 0 0 100 0 0 1 0 0 0 0 2.22507e-308 1 100-aaaaa 
80 0 0 0 0 100 0 0 1 0 0 0 0 2.22507e-308 1 100-aaaaa 
90 0 0 0 0 100 0 0 1 0 0 0 0 2.22507e-308 1 100-aaaaa 
100 0 0 0 0 100 0 0 1 0 0 0 0 2.22507e-308 1 100-aaaaa 
110 0 0 0 0 100 0 0 1 0 0 0 0 2.22507e-308 1 100-aaaaa 
120 0 0 0 0 100 0 0 1 0 0 0 0 2.22507e-308 1 100-aaaaa 
130 0 0 0 0 100 0 0 1 0 0 0 0 2.22507e-308 1 100-aaaaa 
140 0 0 0 0 100 0 0 1 0 0 0 0 2.22507e-308 1 100-aaaaa 
150 0 0 0 0 100 0 0 1 0 0 0 0 2.22507e-308 1 100-aaaaa 
160 0 0 0 0 100 0 0 1 0 0 0 0 2.22507e-308 1 100-aaaaa 
170 0 0 0 0 100 0 0 1 0 0 0 0 2.22507e-308 1 100-aaaaa 
180 0 0 0 0 100 0 0 1 0 0 0 0 2.22507e-308 1 100-aaaaa 
190 0 0 0 0 100 0 0 1 0 0 0 0 2.22507e-308 1 100-aaaaa 
200 0 0 0 0 100 0 0 1 0 0 0 0 2.22507e-308 1 100-aaaaa 
210 0 0 0 0 100 0 0 1 0 0 0 0 2.22507e-308 1 100-aaaaa 
220 0 0 0 0 100 0 0 1 0 0 0 0 2.22507e-308 1 100-aaaaa 
230 0 0 0 0 100 0 0 1 0 0 0 0 2.22507e-308 1 100-aaaaa 
240 0 0 0 0 100 0 0 1 0 0 0 0 2.22507e-308 1 100-aaaaa 
250 0 0 0 0 100 0 0 1 0 0 0 0 2.22507e-308 1 100-aaaaa 
260 0 0 0 0 100 0 0 1 0 0 0 0 2.22507e-308 1 100-aaaaa 
270 0 0 0 0 100 0 0 1 0 0 0 0 2.22507e-308 1 100-aaaaa 
280 0 0 0 0 100 0 0 1 0 0 0 0 2.22507e-308 1 100-aaaaa 
290 0 0 0 0 100 0 0 1 0 0 0 0 2.22507e-308 1 100-aaaaa 
300 0 0 0 0 100 0 0 1 0 0 0 0 2.22507e-308 1 100-aaaaa 
310 0 0 0 0 100 0 0 1 0 0 0 0 2.22507e-308 1 100-aaaaa 
320 0 0 0 0 100 0 0 1 0 0 0 0 2.22507e-308 1 100-aaaaa 
330 0 0 0 0 100 0 0 1 0 0 0 0 2.22507e-308 1 100-aaaaa 
340 0 0 0 0 100 0 0 1 0 0 0 0 2.22507e-308 1 100-aaaaa 
350 0 0 0 0 100 0 0 1 0 0 0 0 2.22507e-308 1 100-aaaaa 
360 0 0 0 0 100 0 0 1 0 0 0 0 2.22507e-308 1 100-aaaaa 
370 0 0 0 0 100 0 0 1 0 0 0 0 2.22507e-308 1 100-aaaaa 
380 0 0 0 0 100 0 0 1 0 0 0 0 2.22507e-308 1 100-aaaaa 
390 97 389 0.249357 0.00257069 100 100 0 2 0 0 0 0 0.249357 1 100-aaaaa 
400 97 389 0.249357 0.00257069 100 100 0 2 0 0 0 0 0.249357 1 100-aaaaa 
410 97 389 0.249357 0.00257069 100 100 0 2 0 0 0 0 0.249357 1 100-aaaaa 
420 97 389 0.249357 0.00257069 100 100 0 2 0 0 0 0 0.249357 1 100-aaaaa 
430 97 389 0.249357 0.00257069 100 100 0 2 0 0 0 0 0.249357 1 100-aaaaa 
440 97 389 0.249357 0.00257069 100 100 0 2 0 0 0 0 0.249357 1 100-aaaaa 
450 97 389 0.249357 0.00257069 100 100 0 2 0 0 0 0 0.249357 1 100-aaaaa 
460 97 389 0.249357 0.00257069 100 100 0 2 0 0 0 0 0.249357 1 100-aaaaa 
470 97 389 0.249357 0.00257069 100 100 0 2 0 0 0 0 0.249357 1 100-aaaaa 
480 97 389 0.249357 0.00257069 100 100 0 2 0 0 0 0 0.249357 1 100-aaaaa 
490 97 389 0.249357 0.00257069 100 100 0 2 0 0 0 0 0.249357 1 100-aaaaa 
500 97 389 0.249357 0.00257069 100 100 0 2 0 0 0 0 0.249357 1 100-aaaaa 
510 97 389 0.249357 0.00257069 100 100 0 2 0 0 0 0 0.249357 1 100-aaaaa 
520 97 389 0.249357 0.00257069 100 100 0 2 0 0 0 0 0.249357 1 100-aaaaa 
530 97 389 0.249357 0.00257069 100 100 0 2 0 0 0 0 0.249357 1 100-aaaaa 
540 97 389 0.249357 0.00257069 100 100 0 2 0 0 0 0 0.249357 1 100-aaaaa 
550 97 389 0.249357 0.00257069 100 100 0 2 0 0 0 0 0.249357 1 100-aaaaa 
560 97 389 0.249357 0.00257069 100 100 0 2 0 0 0 0 0.249357 1 100-aaaaa 
570 97 389 0.249357 0.00257069 100 100 0 2 0 0 0 0 0.249357 1 100-aaaaa 
580 97 389 0.249357 0.00257069 100 100 0 2 0 0 0 0 0.249357 1 100-aaaaa 
590 97 389 0.249357 0.00257069 100 100 0 2 0 0 0 0 0.249357 1 100-aaaaa 
600 97 389 0.249357 0.00257069 100 100 0 2 0 0 0 0 0.249357 1 100-aaaaa 
610 97 389 0.249357 0.00257069 100 100 0 2 0 0 0 0 0.249357 1 100-aaaaa 
620 97 389 0.249357 0.00257069 100 100 0 2 0 0 0 0 0.249357 1 100-aaaaa 
630 97 389 0.249357 0.00257069 100 100 0 2 0 0 0 0 0.249357 1 100-aaaaa 
640 97 389 0.249357 0.00257069 100 100 0 2 0 0 0 0 0.249357 1 100-aaaaa 
650 97 389 0.249357 0.00257069 100 100 0 2 0 0 0 0 0.249357 1 100-aaaaa 
660 97 389 0.249357 0.00257069 100 100 0 2 0 0 0 0 0.249357 1 100-aaaaa 
670 97 389 0.249357 0.00257069 100 100 0 2 0 0 0 0 0.249357 1 100-aaaaa 
680 97 389 0.249357 0.00257069 100 100 0 2 0 0 0 0 0.249357 1 100-aaaaa 
690 97 389 0.249357 0.00257069 100 100 0 2 0 0 0 0 0.249357 1 100-aaaaa 
700 97 389 0.249357 0.00257069 100 100 0 2 0 0 0 0 0.249357 1 100-aaaaa 
710 97 389 0.249357 0.00257069 100 100 0 2 0 0 0 0 0.249357 1 100-aaaaa 
720 97 389 0.249357 0.00257069 100 100 0 2 0 0 0 0 0.249357 1 100-aaaaa 
730 97 389 0.249357 0.00257069 100 100 0 2 0 0 0 0 0.249357 1 100-aaaaa 
740 97 389 0.249357 0.00257069 100 100 0 2 0 0 0 0 0.249357 1 100-aaaaa 
750 97 389 0.249357 0.00257069 100 100 0 2 0 0 0 0 0.249357 1 100-aaaaa 
760 97 389 0.249357 0.00257069 100 100 0 2 0 0 0 0 0.249357 1 100-aaaaa 
770 97 389 0.249357 0.00257069 100 100 0 2 0 0 0 0 0.249357 1 100-aaaaa 
780 97 389 0.249357 0.00257069 100 100 0 2 0 0 0 0 0.249357 1 100-aaaaa 
790 97 389 0.249357 0.00257069 100 100 0 2 0 0 0 0 0.249357 1 100-aaaaa 
800 97 389 0.249357 0.00257069 100 100 0 3 0 0 0 0 0.249357 1 100-aaaaa 
810 97 389 0.249357 0.00257069 100 100 0 3 0 0 0 0 0.249357 1 100-aaaaa 
820 97 389 0.249357 0.00257069 100 100 0 3 0 0 0 0 0.249357 1 100-aaaaa 
830 97 389 0.249357 0.00257069 100 100 0 3 0 0 0 0 0.249357 1 100-aaaaa 
840 97 389 0.249357 0.00257069 100 100 0 3 0 0 0 0 0.249357 1 100-aaaaa 
850 97 389 0.249357 0.00257069 100 100 0 3 0 0 0 0 0.249357 1 100-aaaaa 
860 97 389 0.249357 0.00257069 100 100 0 3 0 0 0 0 0.249357 1 100-aaaaa 
870 97 389 0.249357 0.00257069 100 100 0 3 0 0 0 0 0.249357 1 100-aaaaa 
880 97 389 0.249357 0.00257069 100 100 0 3 0 0 0 0 0.249357 1 100-aaaaa 
890 97 389 0.249357 0.00257069 100 100 0 3 0 0 0 0 0.249357 1 100-aaaaa 
900 97 389 0.249357 0.00257069 100 100 0 3 0 0 0 0 0.249357 1 100-aaaaa 
910 97 389 0.249357 0.00257069 100 100 0 3 0 0 0 0 0.249357 1 100-aaaaa 
920 97 389 0.249357 0.00257069 100 100 0 3 0 0 0 0 0.249357 1 100-aaaaa 
930 97 389 0.249357 0.00257069 100 100 0 3 0 0 0 0 0.249357 1 100-aaaaa 
940 97 389 0.249357 0.00257069 100 100 0 3 0 0 0 0 0.249357 1 100-aaaaa 
950 97 389 0.249357 0.00257069 100 100 0 3 0 0 0 0 0.249357 1 100-aaaaa 
960 97 389 0.249357 0.00257069 100 100 0 3 0 0 0 0 0.249357 1 100-aaaaa 
970 97 389 0.249357 0.00257069 100 100 0 3 0 0 0 0 0.249357 1 100-aaaaa 
980 97 389 0.249357 0.00257069 100 100 0 3 0 0 0 0 0.249357 1 100-aaaaa 
990 97 389 0.249357 0.00257069 100 100 0 3 0 0 0 0 0.249357 1 100-aaaaa 
1000 97 389 0.249357 0.00257069 100 100 0 3 0 0 0 0 0.249357 1 100-aaaaa 
1010 97 389 0.249357 0.00257069 100 100 0 3 0 0 0 0 0.249357 1 100-aaaaa 
1020 97 389 0.249357 0.00257069 100 100 0 3 0 0 0 0 0.249357 1 100-aaaaa 
1030 97 389 0.249357 0.00257069 100 100 0 3 0 0 0 0 0.249357 1 100-aaaaa 
1040 97 389 0.249357 0.00257069 100 100 0 3 0 0 0 0 0.249357 1 100-aaaaa 
1050 97 389 0.249357 0.00257069 100 100 0 3 0 0 0 0 0.249357 1 100-aaaaa 
1060 97 389 0.249357 0.00257069 100 100 0 3 0 0 0 0 0.249357 1 100-aaaaa 
1070 97 389 0.249357 0.00257069 100 100 0 3 0 0 0 0 0.249357 1 100-aaaaa 
1080 97 389 0.249357 0.00257069 100 100 0 3 0 0 0 0 0.249357 1 100-aaaaa 
1090 97 389 0.249357 0.00257069 100 100 0 3 0 0 0 0 0.249357 1 100-aaaaa 
1100 97 389 0.249357 0.00257069 100 100 0 3 0 0 0 0 0.249357 1 100-aaaaa 
1110 97 389 0.249357 0.00257069 100 100 0 3 0 0 0 0 0.249357 1 100-aaaaa 
1120 97 389 0.249357 0.00257069 100 100 0 3 0 0 0 0 0.249357 1 100-aaaaa 
1130 97 389 0.249357 0.00257069 100 100 0 3 0 0 0 0 0.249357 1 100-aaaaa 
1140 97 389 0.249357 0.00257069 100 100 0 4 0 0 0 0 0.249357 1 100-aaaaa 
1150 97 389 0.249357 0.00257069 100 100 0 4 0 0 0 0 0.249357 1 100-aaaaa 
1160 97 389 0.249357 0.00257069 100 100 0 4 0 0 0 0 0.249357 1 100-aaaaa 
1170 97 389 0.249357 0.00257069 100 100 0 4 0 0 0 0 0.249357 1 100-aaaaa 
1180 97 389 0.249357 0.00257069 100 100 0 4 0 0 0 0 0.249357 1 100-aaaaa 
1190 97 389 0.249357 0.00257069 100 100 0 4 1 0 0 0 0.249357 1 100-aaaaa 
1200 97 389 0.249357 0.00257069 100 100 0 4 0 0 0 0 0.249357 1 100-aaaaa 
1210 97 389 0.249357 0.00257069 100 100 0 4 0 0 0 0 0.249357 1 100-aaaaa 
1220 97 389 0.249357 0.00257069 100 100 0 4 0 0 0 0 0.249357 1 100-aaaaa 
1230 97 389 0.249357 0.00257069 100 100 0 4 0 0 0 0 0.249357 1 100-aaaaa 
1240 97 389 0.249357 0.00257069 100 100 0 4 0 0 0 0 0.249357 1 100-aaaaa 
1250 97 389 0.249357 0.00257069 100 100 0 4 0 0 0 0 0.249357 1 100-aaaaa 
1260 97 389 0.249357 0.00257069 100 100 0 4 0 0 0 0 0.249357 1 100-aaaaa 
1270 97 389 0.249357 0.00257069 100 100 0 4 0 0 0 0 0.249357 1 100-aaaaa 
1280 97 389 0.249357 0.00257069 100 100 0 4 0 0 0 0 0.249357 1 100-aaaaa 
1290 97 389 0.249357 0.00257069 100 100 0 4 0 0 0 0 0.249357 1 100-aaaaa 
1300 97 389 0.249357 0.00257069 100 100 0 4 0 0 0 0 0.249357 1 100-aaaaa 
1310 97 389 0.249357 0.00257069 100 100 0 4 0 0 0 0 0.249357 1 100-aaaaa 
1320 97 389 0.249357 0.00257069 100 100 0 4 0 0 0 0 0.249357 1 100-aaaaa 
1330 97 389 0.249357 0.00257069 100 100 0 4 0 0 0 0 0.249357 1 100-aaaaa 
1340 97 389 0.249357 0.00257069 100 100 0 4 0 0 0 0 0.249357 1 100-aaaaa 
1350 97 389 0.249357 0.00257069 100 100 0 4 0 0 0 0 0.249357 1 100-aaaaa 
1360 97 389 0.249357 0.00257069 100 100 0 4 0 0 0 0 0.249357 1 100-aaaaa 
1370 97 389 0.249357 0.00257069 100 100 0 4 0 0 0 0 0.249357 1 100-aaaaa 
1380 97 389 0.249357 0.00257069 100 100 0 4 0 0 0 0 0.249357 1 100-aaaaa 
1390 97 389 0.249357 0.00257069 100 100 0 4 0 0 0 0 0.249357 1 100-aaaaa 
1400 97 389 0.249357 0.00257069 100 100 0 4 0 0 0 0 0.249357 1 100-aaaaa 
1410 97 389 0.249357 0.00257069 100 100 0 4 0 0 0 0 0.249357 1 100-aaaaa 
1420 97 389 0.249357 0.00257069 100 100 0 4 0 0 0 0 0.249357 1 100-aaaaa 
1430 97 389 0.249357 0.00257069 100 100 0 4 0 0 0 0 0.249357 1 100-aaaaa 
1440 97 389 0.249357 0.00257069 100 100 0 4 0 0 0 0 0.249357 1 100-aaaaa 
1450 97 389 0.249357 0.00257069 100 100 0 4 0 0 0 0 0.249357 1 100-aaaaa 
1460 97 389 0.249357 0.00257069 100 100 0 4 0 0 0 0 0.249357 1 100-aaaaa 
1470 97 389 0.249357 0.00257069 100 100 0 4 0 0 0 0 0.249357 1 100-aaaaa 
1480 97 389 0.249357 0.00257069 100 100 0 4 0 0 0 0 0.249357 1 100-aaaaa 
1490 97 389 0.249357 0.00257069 100 100 0 4 0 0 0 0 0.249357 1 100-aaaaa 
1500 97 389 0.249357 0.00257069 100 100 0 4 0 0 0 0 0.249357 1 100-aaaaa 
1510 97 389 0.249357 0.00257069 100 100 0 4 0 0 0 0 0.249357 1 100-aaaaa 
1520 97 389 0.249357 0.00257069 100 100 0 4 0 0 0 0 0.249357 1 100-aaaaa 
1530 97 389 0.249357 0.00257069 100 100 0 5 0 0 0 0 0.249357 1 100-aaaaa 
1540 97 389 0.249357 0.00257069 100 100 0 5 0 0 0 0 0.249357 1 100-aaaaa 
1550 97 389 0.249357 0.00257069 100 100 0 5 0 0 0 0 0.249357 1 100-aaaaa 
1560 97 389 0.249357 0.00257069 100 100 0 5 0 0 0 0 0.249357 1 100-aaaaa 
1570 97 389 0.249357 0.00257069 100 100 0 5 0 0 0 0 0.249357 1 100-aaaaa 
1580 97 389 0.249357 0.00257069 100 100 0 6 0 0 0 0 0.249357 1 100-aaaaa 
1590 97 389 0.249357 0.00257069 100 100 0 6 0 0 0 0 0.249357 1 100-aaaaa 
1600 97 389 0.249357 0.00257069 100 100 0 6 0 0 0 0 0.249357 1 100-aaaaa 
1610 97 389 0.249357 0.00257069 100 100 0 6 0 0 0 0 0.249357 1 100-aaaaa 
1620 97 389 0.249357 0.00257069 100 100 0 6 0 0 0 0 0.249357 1 100-aaaaa 
1630 97 389 0.249357 0.00257069 100 100 0 6 0 0 0 0 0.249357 1 100-aaaaa 
1640 97 389 0.249357 0.00257069 100 100 0 6 0 0 0 0 0.249357 1 100-aaaaa 
1650 97 389 0.249357 0.00257069 100 100 0 6 0 0 0 0 0.249357 1 100-aaaaa 
1660 97 389 0.249357 0.00257069 100 100 0 6 0 0 0 0 0.249357 1 100-aaaaa 
1670 97 389 0.249357 0.00257069 100 100 0 6 0 0 0 0 0.249357 1 100-aaaaa 
1680 97 389 0.249357 0.00257069 100 100 0 6 0 0 0 0 0.249357 1 100-aaaaa 
1690 97 389 0.249357 0.00257069 100 100 0 6 0 0 0 0 0.249357 1 100-aaaaa 
1700 97 389 0.249357 0.00257069 100 100 0 6 0 0 0 0 0.249357 1 100-aaaaa 
1710 97 389 0.249357 0.00257069 100 100 0 6 0 0 0 0 0.249357 1 100-aaaaa 
1720 97 389 0.249357 0.00257069 100 100 0 6 0 0 0 0 0.249357 1 100-aaaaa 
1730 97 389 0.249357 0.00257069 100 100 0 6 0 0 0 0 0.249357 1 100-aaaaa 
1740 97 389 0.249357 0.00257069 100 100 0 6 0 0 0 0 0.249357 1 100-aaaaa 
1750 97 389 0.249357 0.00257069 100 100 0 6 0 0 0 0 0.249357 1 100-aaaaa 
1760 97 389 0.249357 0.00257069 100 100 0 6 0 0 0 0 0.249357 1 100-aaaaa 
1770 97 389 0.249357 0.00257069 100 100 0 6 0 0 0 0 0.249357 1 100-aaaaa 
1780 97 389 0.249357 0.00257069 100 100 0 6 0 0 0 0 0.249357 1 100-aaaaa 
1790 97 389 0.249357 0.00257069 100 100 0 6 0 0 0 0 0.249357 1 100-aaaaa 
1800 97 389 0.249357 0.00257069 100 100 0 6 0 0 0 0 0.249357 1 100-aaaaa 
1810 97 389 0.249357 0.00257069 100 100 0 6 0 0 0 0 0.249357 1 100-aaaaa 
1820 97 389 0.249357 0.00257069 100 100 0 6 0 0 0 0 0.249357 1 100-aaaaa 
1830 97 389 0.249357 0.00257069 100 100 0 6 0 0 0 0 0.249357 1 100-aaaaa 
1840 97 389 0.249357 0.00257069 100 100 0 6 0 0 0 0 0.249357 1 100-aaaaa 
1850 97 389 0.249357 0.00257069 100 100 0 6 0 0 0 0 0.249357 1 100-aaaaa 
1860 97 389 0.249357 0.00257069 100 100 0 6 0 0 0 0 0.249357 1 100-aaaaa 
1870 97 389 0.249357 0.00257069 100 100 0 6 0 0 0 0 0.249357 1 100-aaaaa 
1880 97 389 0.249357 0.00257069 100 100 0 6 0 0 0 0 0.249357 1 100-aaaaa 
1890 97 389 0.249357 0.00257069 100 100 0 6 0 0 0 0 0.249357 1 100-aaaaa 
1900 97 389 0.249357 0.00257069 100 100 0 6 0 0 0 0 0.249357 1 100-aaaaa 
1910 97 389 0.249357 0.00257069 100 100 0 8 0 0 0 0 0.249357 1 100-aaaaa 
1920 97 389 0.249357 0.00257069 100 100 0 9 0 0 0 0 0.249357 1 100-aaaaa 
1930 97 389 0.249357 0.00257069 100 100 0 9 0 0 0 0 0.249357 1 100-aaaaa 
1940 97 389 0.249357 0.00257069 100 100 0 9 0 0 0 0 0.249357 1 100-aaaaa 
1950 97 389 0.249357 0.00257069 100 100 0 9 0 0 0 0 0.249357 1 100-aaaaa 
1960 97 389 0.249357 0.00257069 100 100 0 9 0 0 0 0 0.249357 1 100-aaaaa 
1970 97 389 0.249357 0.00257069 100 100 0 10 0 0 0 0 0.249357 1 100-aaaaa 
1980 97 389 0.249357 0.00257069 100 100 0 11 0 0 0 0 0.249357 1 100-aaaaa 
1990 97 389 0.249357 0.00257069 100 100 0 11 0 0 0 0 0.249357 1 100-aaaaa 
2000 97 389 0.249357 0.00257069 100 100 0 11 0 0 0 0 0.249357 1 100-aaaaa 
2010 97 389 0.249357 0.00257069 100 100 0 11 0 0 0 0 0.249357 1 100-aaaaa 
2020 97 389 0.249357 0.00257069 100 100 0 11 0 0 0 0 0.249357 1 100-aaaaa 
2030 97 389 0.249357 0.00257069 100 100 0 11 0 0 0 0 0.249357 1 100-aaaaa 
2040 97 389 0.249357 0.00257069 100 100 0 11 0 0 0 0 0.249357 1 100-aaaaa 
2050 97 389 0.249357 0.00257069 100 100 0 11 0 0 0 0 0.249357 1 100-aaaaa 
2060 97 389 0.249357 0.00257069 100 100 0 11 0 0 0 0 0.249357 1 100-aaaaa 
2070 97 389 0.249357 0.00257069 100 100 0 11 0 0 0 0 0.249357 1 100-aaaaa 
2080 97 389 0.249357 0.00257069 100 100 0 11 0 0 0 0 0.249357 1 100-aaaaa 
2090 97 389 0.249357 0.00257069 100 100 0 11 0 0 0 0 0.249357 1 100-aaaaa 
2100 97 389 0.249357 0.00257069 100 100 0 11 0 0 0 0 0.249357 1 100-aaaaa 
2110 97 389 0.249357 0.00257069 100 100 0 11 0 0 0 0 0.249357 1 100-aaaaa 
2120 97 389 0.249357 0.00257069 100 100 0 11 0 0 0 0 0.249357 1 100-aaaaa 
2130 97 389 0.249357 0.00257069 100 100 0 11 0 0 0 0 0.249357 1 100-aaaaa 
2140 97 389 0.249357 0.00257069 100 100 0 11 0 0 0 0 0.249357 1 100-aaaaa 
2150 97 389 0.249357 0.00257069 100 100 0 11 0 0 0 0 0.249357 1 100-aaaaa 
2160 97 389 0.249357 0.00257069 100 100 0 11 0 0 0 0 0.249357 1 100-aaaaa 
2170 97 389 0.249357 0.00257069 100 100 0 11 0 0 0 0 0.249357 1 100-aaaaa 
2180 97 389 0.249357 0.00257069 100 100 0 11 0 0 0 0 0.249357 1 100-aaaaa 
2190 97 389 0.249357 0.00257069 100 100 0 11 0 0 0 0 0.249357 1 100-aaaaa 
2200 97 389 0.249357 0.00257069 100 100 0 11 0 0 0 0 0.249357 1 100-aaaaa 
2210 97 389 0.249357 0.00257069 100 100 0 11 0 0 0 0 0.249357 1 100-aaaaa 
2220 97 389 0.249357 0.00257069 100 100 0 11 0 0 0 0 0.249357 1 100-aaaaa 
2230 97 389 0.249357 0.00257069 100 100 0 11 0 0 0 0 0.249357 1 100-aaaaa 
2240 97 389 0.249357 0.00257069 100 100 0 11 0 0 0 0 0.249357 1 100-aaaaa 
2250 97 389 0.249357 0.00257069 100 100 0 11 0 0 0 0 0.249357 1 100-aaaaa 
2260 97 389 0.249357 0.00257069 100 100 0 11 0 0 0 0 0.249357 1 100-aaaaa 
2270 97 389 0.249357 0.00257069 100 100 0 11 0 0 0 0 0.249357 1 100-aaaaa 
2280 97 389 0.249357 0.00257069 100 100 0 12 0 0 0 0 0.249357 1 100-aaaaa 
2290 97 389 0.249357 0.00257069 100 100 0 13 0 0 0 0 0.249357 1 100-aaaaa 
2300 97 389 0.249357 0.00257069 100 100 0 13 0 0 0 0 0.249357 1 100-aaaaa 
2310 97 389 0.249357 0.00257069 100 100 0 13 0 0 0 0 0.249357 1 100-aaaaa 
2320 97 389 0.249357 0.00257069 100 100 0 13 0 0 0 0 0.249357 1 100-aaaaa 
2330 97 389 0.249357 0.00257069 100 100 0 13 0 0 0 0 0.249357 1 100-aaaaa 
2340 97 389 0.249357 0.00257069 100 100 0 13 0 0 0 0 0.249357 1 100-aaaaa 
2350 97 389 0.249357 0.00257069 100 100 0 13 0 0 0 0 0.249357 1 100-aaaaa 
2360 97 389 0.249357 0.00257069 100 100 0 13 0 0 0 0 0.249357 1 100-aaaaa 
2370 97 389 0.249357 0.00257069 100 100 0 13 0 0 0 0 0.249357 1 100-aaaaa 
2380 97 389 0.249357 0.00257069 100 100 0 13 0 0 0 0 0.249357 1 100-aaaaa 
2390 97 389 0.249357 0.00257069 100 100 0 13 0 0 0 0 0.249357 1 100-aaaaa 
2400 97 389 0.249357 0.00257069 100 100 0 13 0 0 0 0 0.249357 1 100-aaaaa 
2410 97 389 0.249357 0.00257069 100 100 0 13 0 0 0 0 0.249357 1 100-aaaaa 
2420 97 389 0.249357 0.00257069 100 100 0 13 0 0 0 0 0.249357 1 100-aaaaa 
2430 97 389 0.249357 0.00257069 100 100 0 13 0 0 0 0 0.249357 1 100-aaaaa 
2440 97 389 0.249357 0.00257069 100 100 0 13 0 0 0 0 0.249357 1 100-aaaaa 
2450 97 389 0.249357 0.00257069 100 100 0 13 0 0 0 0 0.249357 1 100-aaaaa 
2460 97 389 0.249357 0.00257069 100 100 0 13 0 0 0 0 0.249357 1 100-aaaaa 
2470 97 389 0.249357 0.00257069 100 100 0 13 0 0 0 0 0.249357 1 100-aaaaa 
2480 97 389 0.249357 0.00257069 100 100 0 13 0 0 0 0 0.249357 1 100-aaaaa 
2490 97 389 0.249357 0.00257069 100 100 0 13 0 0 0 0 0.249357 1 100-aaaaa 
2500 97 389 0.249357 0.00257069 100 100 0 13 0 0 0 0 0.249357 1 100-aaaaa 
2510 97 389 0.249357 0.00257069 100 100 0 13 0 0 0 0 0.249357 1 100-aaaaa 
2520 97 389 0.249357 0.00257069 100 100 0 13 0 0 0 0 0.249357 1 100-aaaaa 
2530 97 389 0.249357 0.00257069 100 100 0 13 0 0 0 0 0.249357 1 100-aaaaa 
2540 97 389 0.249357 0.00257069 100 100 0 13 0 0 0 0 0.249357 1 100-aaaaa 
2550 97 389 0.249357 0.00257069 100 100 0 13 0 0 0 0 0.249357 1 100-aaaaa 
2560 97 389 0.249357 0.00257069 100 100 0 13 0 0 0 0 0.249357 1 100-aaaaa 
2570 97 389 0.249357 0.00257069 100 100 0 13 0 0 0 0 0.249357 1 100-aaaaa 
2580 97 389 0.249357 0.00257069 100 100 0 13 0 0 0 0 0.249357 1 100-aaaaa 
2590 97 389 0.249357 0.00257069 100 100 0 13 0 0 0 0 0.249357 1 100-aaaaa 
2600 97 389 0.249357 0.00257069 100 100 0 13 0 0 0 0 0.249357 1 100-aaaaa 
2610 97 389 0.249357 0.00257069 100 100 0 13 0 0 0 0 0.249357 1 100-aaaaa 
2620 97 389 0.249357 0.00257069 100 100 0 13 0 0 0 0 0.249357 1 100-aaaaa 
2630 97 389 0.249357 0.00257069 100 100 0 13 0 0 0 0 0.249357 1 100-aaaaa 
2640 97 389 0.249357 0.00257069 100 100 0 13 0 0 0 0 0.249357 1 100-aaaaa 
2650 97 389 0.249357 0.00257069 100 100 0 13 0 0 0 0 0.249357 1 100-aaaaa 
2660 97 389 0.249357 0.00257069 100 100 0 13 0 0 0 0 0.249357 1 100-aaaaa 
2670 97 389 0.249357 0.00257069 100 100 0 14 0 0 0 0 0.249357 1 100-aaaaa 
2680 97 389 0.249357 0.00257069 100 100 0 14 0 0 0 0 0.249357 1 100-aaaaa 
2690 97 389 0.249357 0.00257069 100 100 0 16 0 0 0 0 0.249357 1 100-aaaaa 
2700 97 389 0.249357 0.00257069 100 100 0 16 0 0 0 0 0.249357 1 100-aaaaa 
2710 97 389 0.249357 0.00257069 100 100 0 16 0 0 0 0 0.249357 1 100-aaaaa 
2720 97 389 0.249357 0.00257069 100 100 0 16 1 0 0 0 0.249357 1 100-aaaaa 
2730 97 389 0.249357 0.00257069 100 100 0 16 0 0 0 0 0.249357 1 100-aaaaa 
2740 97 389 0.249357 0.00257069 100 100 0 16 0 0 0 0 0.249357 1 100-aaaaa 
2750 97 389 0.249357 0.00257069 100 100 0 16 0 0 0 0 0.249357 1 100-aaaaa 
2760 97 389 0.249357 0.00257069 100 100 0 16 0 0 0 0 0.249357 1 100-aaaaa 
2770 97 389 0.249357 0.00257069 100 100 0 16 0 0 0 0 0.249357 1 100-aaaaa 
2780 97 389 0.249357 0.00257069 100 100 0 16 0 0 0 0 0.249357 1 100-aaaaa 
2790 97 389 0.249357 0.00257069 100 100 0 16 0 0 0 0 0.249357 1 100-aaaaa 
2800 97 389 0.249357 0.00257069 100 100 0 16 0 0 0 0 0.249357 1 100-aaaaa 
2810 97 389 0.249357 0.00257069 100 100 0 16 0 0 0 0 0.249357 1 100-aaaaa 
2820 97 389 0.249357 0.00257069 100 100 0 16 0 0 0 0 0.249357 1 100-aaaaa 
2830 97 389 0.249357 0.00257069 100 100 0 16 0 0 0 0 0.249357 1 100-aaaaa 
2840 97 389 0.249357 0.00257069 100 100 0 16 0 0 0 0 0.249357 1 100-aaaaa 
2850 97 389 0.249357 0.00257069 100 100 0 16 0 0 0 0 0.249357 1 100-aaaaa 
2860 97 389 0.249357 0.00257069 100 100 0 16 0 0 0 0 0.249357 1 100-aaaaa 
2870 97 389 0.249357 0.00257069 100 100 0 16 0 0 0 0 0.249357 1 100-aaaaa 
2880 97 389 0.249357 0.00257069 100 100 0 16 0 0 0 0 0.249357 1 100-aaaaa 
2890 97 389 0.249357 0.00257069 100 100 0 16 0 0 0 0 0.249357 1 100-aaaaa 
2900 97 389 0.249357 0.00257069 100 100 0 16 0 0 0 0 0.249357 1 100-aaaaa 
2910 97 389 0.249357 0.00257069 100 100 0 16 0 0 0 0 0.249357 1 100-aaaaa 
2920 97 389 0.249357 0.00257069 100 100 0 16 0 0 0 0 0.249357 1 100-aaaaa 
2930 97 389 0.249357 0.00257069 100 100 0 16 0 0 0 0 0.249357 1 100-aaaaa 
2940 97 389 0.249357 0.00257069 100 100 0 16 0 0 0 0 0.249357 1 100-aaaaa 
2950 97 389 0.249357 0.00257069 100 100 0 16 0 0 0 0 0.249357 1 100-aaaaa 
2960 97 389 0.249357 0.00257069 100 100 0 16 0 0 0 0 0.249357 1 100-aaaaa 
2970 97 389 0.249357 0.00257069 100 100 0 16 0 0 0 0 0.249357 1 100-aaaaa 
2980 97 389 0.249357 0.00257069 100 100 0 16 0 0 0 0 0.249357 1 100-aaaaa 
2990 97 389 0.249357 0.00257069 100 100 0 16 0 0 0 0 0.249357 1 100-aaaaa 
3000 97 389 0.249357 0.00257069 100 100 0 16 0 0 0 0 0.249357 1 100-aaaaa 
3010 97 389 0.249357 0.00257069 100 100 0 18 2 1 0 0 0.249357 1 100-aaaaa 
3020 97 389 0.249357 0.00257069 100 100 0 18 0 0 0 0 0.249357 1 100-aaaaa 
3030 97 389 0.249357 0.00257069 100 100 0 19 0 0 0 0 0.249357 1 100-aaaaa 
3040 97 389 0.249357 0.00257069 100 100 0 19 0 0 0 0 0.249357 1 100-aaaaa 
3050 97 389 0.249357 0.00257069 100 100 0 19 0 0 0 0 0.249357 1 100-aaaaa 
3060 97 389 0.249357 0.00257069 100 100 0 20 1 1 0 0 0.249357 1 100-aaaaa 
3070 97 389 0.249357 0.00257069 100 100 0 20 0 0 0 0 0.249357 1 100-aaaaa 
3080 97 389 0.249357 0.00257069 100 100 0 19 0 0 0 0 0.249357 1 100-aaaaa 
3090 97 389 0.249357 0.00257069 100 100 0 19 0 0 0 0 0.249357 1 100-aaaaa 
3100 97 389 0.249357 0.00257069 100 100 0 20 0 0 0 0 0.249357 1 100-aaaaa 
3110 97 389 0.249357 0.00257069 100 100 0 19 0 0 0 0 0.249357 1 100-aaaaa 
3120 97 389 0.249357 0.00257069 100 100 0 18 0 0 0 0 0.249357 1 100-aaaaa 
3130 97 389 0.249357 0.00257069 100 100 0 18 0 0 0 0 0.249357 1 100-aaaaa 
3140 97 389 0.249357 0.00257069 100 100 0 18 0 0 0 0 0.249357 1 100-aaaaa 
3150 97 389 0.249357 0.00257069 100 100 0 18 0 0 0 0 0.249357 1 100-aaaaa 
3160 97 389 0.249357 0.00257069 100 100 0 18 0 0 0 0 0.249357 1 100-aaaaa 
3170 97 389 0.249357 0.00257069 100 100 0 18 0 0 0 0 0.249357 1 100-aaaaa 
3180 97 389 0.249357 0.00257069 100 100 0 18 0 0 0 0 0.249357 1 100-aaaaa 
3190 97 389 0.249357 0.00257069 100 100 0 18 0 0 0 0 0.249357 1 100-aaaaa 
3200 97 389 0.249357 0.00257069 100 100 0 18 0 0 0 0 0.249357 1 100-aaaaa 
3210 97 389 0.249357 0.00257069 100 100 0 18 0 0 0 0 0.249357 1 100-aaaaa 
3220 97 389 0.249357 0.00257069 100 100 0 18 0 0 0 0 0.249357 1 100-aaaaa 
3230 97 389 0.249357 0.00257069 100 100 0 18 0 0 0 0 0.249357 1 100-aaaaa 
3240 97 389 0.249357 0.00257069 100 100 0 18 0 0 0 0 0.249357 1 100-aaaaa 
3250 97 389 0.249357 0.00257069 100 100 0 18 0 0 0 0 0.249357 1 100-aaaaa 
3260 97 389 0.249357 0.00257069 100 100 0 18 0 0 0 0 0.249357 1 100-aaaaa 
3270 97 389 0.249357 0.00257069 100 100 0 18 0 0 0 0 0.249357 1 100-aaaaa 
3280 97 389 0.249357 0.00257069 100 100 0 18 0 0 0 0 0.249357 1 100-aaaaa 
3290 97 389 0.249357 0.00257069 100 100 0 18 0 0 0 0 0.249357 1 100-aaaaa 
3300 97 389 0.249357 0.00257069 100 100 0 18 0 0 0 0 0.249357 1 100-aaaaa 
3310 97 389 0.249357 0.00257069 100 100 0 18 0 0 0 0 0.249357 1 100-aaaaa 
3320 97 389 0.249357 0.00257069 100 100 0 18 0 0 0 0 0.249357 1 100-aaaaa 
3330 97 389 0.249357 0.00257069 100 100 0 18 0 0 0 0 0.249357 1 100-aaaaa 
3340 97 389 0.249357 0.00257069 100 100 0 18 0 0 0 0 0.249357 1 100-aaaaa 
3350 97 389 0.249357 0.00257069 100 100 0 18 0 0 0 0 0.249357 1 100-aaaaa 
3360 97 389 0.249357 0.00257069 100 100 0 18 0 0 0 0 0.249357 1 100-aaaaa 
3370 97 389 0.249357 0.00257069 100 100 0 18 0 0 0 0 0.249357 1 100-aaaaa 
3380 97 389 0.249357 0.00257069 100 100 0 17 0 0 0 0 0.249357 1 100-aaaaa 
3390 97 389 0.249357 0.00257069 100 100 0 18 0 0 0 0 0.249357 1 100-aaaaa 
3400 97 389 0.249357 0.00257069 100 100 0 18 1 0 0 0 0.249357 1 100-aaaaa 
3410 97 389 0.249357 0.00257069 100 100 0 17 0 0 0 0 0.249357 1 100-aaaaa 
3420 97 389 0.249357 0.00257069 100 100 0 15 0 0 0 0 0.249357 1 100-aaaaa 
3430 97 389 0.249357 0.00257069 100 100 0 14 0 0 0 0 0.249357 1 100-aaaaa 
3440 97 389 0.249357 0.00257069 100 100 0 14 0 0 0 0 0.249357 1 100-aaaaa 
3450 97 389 0.249357 0.00257069 100 100 0 14 0 0 0 0 0.249357 1 100-aaaaa 
3460 97 389 0.249357 0.00257069 100 100 0 13 0 0 0 0 0.249357 1 100-aaaaa 
3470 97 389 0.249357 0.00257069 100 100 0 15 0 0 0 0 0.249357 1 100-aaaaa 
3480 97 389 0.249357 0.00257069 100 100 0 15 0 0 0 0 0.249357 1 100-aaaaa 
3490 97 389 0.249357 0.00257069 100 100 0 16 1 0 0 0 0.249357 1 100-aaaaa 
3500 97 389 0.249357 0.00257069 100 100 0 13 0 0 0 0 0.249357 1 100-aaaaa 
3510 97 389 0.249357 0.00257069 100 100 0 14 0 0 0 0 0.249357 1 100-aaaaa 
3520 97 389 0.249357 0.00257069 100 100 0 14 0 0 0 0 0.249357 1 100-aaaaa 
3530 97 389 0.249357 0.00257069 100 100 0 14 0 0 0 0 0.249357 1 100-aaaaa 
3540 97 389 0.249357 0.00257069 100 100 0 14 0 0 0 0 0.249357 1 100-aaaaa 
3550 97 389 0.249357 0.00257069 100 100 0 14 0 0 0 0 0.249357 1 100-aaaaa 
3560 97 389 0.249357 0.00257069 100 100 0 14 0 0 0 0 0.249357 1 100-aaaaa 
3570 97 389 0.249357 0.00257069 100 100 0 14 0 0 0 0 0.249357 1 100-aaaaa 
3580 97 389 0.249357 0.00257069 100 100 0 14 0 0 0 0 0.249357 1 100-aaaaa 
3590 97 389 0.249357 0.00257069 100 100 0 14 0 0 0 0 0.249357 1 100-aaaaa 
3600 97 389 0.249357 0.00257069 100 100 0 14 0 0 0 0 0.249357 1 100-aaaaa 
3610 97 389 0.249357 0.00257069 100 100 0 14 0 0 0 0 0.249357 1 100-aaaaa 
3620 97 389 0.249357 0.00257069 100 100 0 14 0 0 0 0 0.249357 1 100-aaaaa 
3630 97 389 0.249357 0.00257069 100 100 0 14 0 0 0 0 0.249357 1 100-aaaaa 
3640 97 389 0.249357 0.00257069 100 100 0 14 0 0 0 0 0.249357 1 100-aaaaa 
3650 97 389 0.249357 0.00257069 100 100 0 14 0 0 0 0 0.249357 1 100-aaaaa 
3660 97 389 0.249357 0.00257069 100 100 0 14 0 0 0 0 0.249357 1 100-aaaaa 
3670 97 389 0.249357 0.00257069 100 100 0 14 0 0 0 0 0.249357 1 100-aaaaa 
3680 97 389 0.249357 0.00257069 100 100 0 14 0 0 0 0 0.249357 1 100-aaaaa 
3690 97 389 0.249357 0.00257069 100 100 0 14 0 0 0 0 0.249357 1 100-aaaaa 
3700 97 389 0.249357 0.00257069 100 100 0 14 0 0 0 0 0.249357 1 100-aaaaa 
3710 97 389 0.249357 0.00257069 100 100 0 14 0 0 0 0 0.249357 1 100-aaaaa 
3720 97 389 0.249357 0.00257069 100 100 0 14 0 0 0 0 0.249357 1 100-aaaaa 
3730 97 389 0.249357 0.00257069 100 100 0 14 0 0 0 0 0.249357 1 100-aaaaa 
3740 97 389 0.249357 0.00257069 100 100 0 14 0 0 0 0 0.249357 1 100-aaaaa 
3750 97 389 0.249357 0.00257069 100 100 0 14 0 0 0 0 0.249357 1 100-aaaaa 
3760 97 389 0.249357 0.00257069 100 100 0 14 0 0 0 0 0.249357 1 100-aaaaa 
3770 97 389 0.249357 0.00257069 100 100 0 14 0 0 0 0 0.249357 1 100-aaaaa 
3780 97 389 0.249357 0.00257069 100 100 0 14 0 0 0 0 0.249357 1 100-aaaaa 
3790 97 389 0.249357 0.00257069 100 100 0 15 0 0 0 0 0.249357 1 100-aaaaa 
3800 97 389 0.249357 0.00257069 100 100 0 14 0 0 0 0 0.249357 1 100-aaaaa 
3810 97 389 0.249357 0.00257069 100 100 0 14 0 0 0 0 0.249357 1 100-aaaaa 
3820 97 389 0.249357 0.00257069 100 100 0 13 0 0 0 0 0.249357 1 100-aaaaa 
3830 97 389 0.249357 0.00257069 100 100 0 14 0 0 0 0 0.249357 1 100-aaaaa 
3840 97 389 0.249357 0.00257069 100 100 0 14 0 0 0 0 0.249357 1 100-aaaaa 
3850 97 389 0.249357 0.00257069 100 100 0 12 0 0 0 0 0.249357 1 100-aaaaa 
3860 97 389 0.249357 0.00257069 100 100 0 11 0 0 0 0 0.249357 1 100-aaaaa 
3870 97 389 0.249357 0.00257069 100 100 0 11 0 0 0 0 0.249357 1 100-aaaaa 
3880 97 389 0.249357 0.00257069 100 100 0 11 0 0 0 0 0.249357 1 100-aaaaa 
3890 97 389 0.249357 0.00257069 100 100 0 11 0 0 0 0 0.249357 1 100-aaaaa 
3900 97 389 0.249357 0.00257069 100 100 0 10 0 0 0 0 0.249357 1 100-aaaaa 
3910 97 389 0.249357 0.00257069 100 100 0 10 0 0 0 0 0.249357 1 100-aaaaa 
3920 97 389 0.249357 0.00257069 100 100 0 10 0 0 0 0 0.249357 1 100-aaaaa 
3930 97 389 0.249357 0.00257069 100 100 0 10 0 0 0 0 0.249357 1 100-aaaaa 
3940 97 389 0.249357 0.00257069 100 100 0 10 0 0 0 0 0.249357 1 100-aaaaa 
3950 97 389 0.249357 0.00257069 100 100 0 10 0 0 0 0 0.249357 1 100-aaaaa 
3960 97 389 0.249357 0.00257069 100 100 0 10 0 0 0 0 0.249357 1 100-aaaaa 
3970 97 389 0.249357 0.00257069 100 100 0 10 0 0 0 0 0.249357 1 100-aaaaa 
3980 97 389 0.249357 0.00257069 100 100 0 10 0 0 0 0 0.249357 1 100-aaaaa 
3990 97 389 0.249357 0.00257069 100 100 0 10 0 0 0 0 0.249357 1 100-aaaaa 
4000 97 389 0.249357 0.00257069 100 100 0 10 0 0 0 0 0.249357 1 100-aaaaa 
4010 97 389 0.249357 0.00257069 100 100 0 10 0 0 0 0 0.249357 1 100-aaaaa 
4020 97 389 0.249357 0.00257069 100 100 0 10 0 0 0 0 0.249357 1 100-aaaaa 
4030 97 389 0.249357 0.00257069 100 100 0 10 0 0 0 0 0.249357 1 100-aaaaa 
4040 97 389 0.249357 0.00257069 100 100 0 10 0 0 0 0 0.249357 1 100-aaaaa 
4050 97 389 0.249357 0.00257069 100 100 0 10 0 0 0 0 0.249357 1 100-aaaaa 
4060 97 389 0.249357 0.00257069 100 100 0 10 0 0 0 0 0.249357 1 100-aaaaa 
4070 97 389 0.249357 0.00257069 100 100 0 10 0 0 0 0 0.249357 1 100-aaaaa 
4080 97 389 0.249357 0.00257069 100 100 0 10 0 0 0 0 0.249357 1 100-aaaaa 
4090 97 389 0.249357 0.00257069 100 100 0 10 0 0 0 0 0.249357 1 100-aaaaa 
4100 97 389 0.249357 0.00257069 100 100 0 10 0 0 0 0 0.249357 1 100-aaaaa 
4110 97 389 0.249357 0.00257069 100 100 0 10 0 0 0 0 0.249357 1 100-aaaaa 
4120 97 389 0.249357 0.00257069 100 100 0 10 0 0 0 0 0.249357 1 100-aaaaa 
4130 97 389 0.249357 0.00257069 100 100 0 10 0 0 0 0 0.249357 1 100-aaaaa 
4140 97 389 0.249357 0.00257069 100 100 0 10 0 0 0 0 0.249357 1 100-aaaaa 
4150 97 389 0.249357 0.00257069 100 100 0 9 0 0 0 0 0.249357 1 100-aaaaa 
4160 97 389 0.249357 0.00257069 100 100 0 9 0 0 0 0 0.249357 1 100-aaaaa 
4170 97 389 0.249357 0.00257069 100 100 0 8 0 0 0 0 0.249357 1 100-aaaaa 
4180 97 389 0.249357 0.00257069 100 100 0 8 1 0 0 0 0.249357 1 100-aaaaa 
4190 97 389 0.249357 0.00257069 100 100 0 7 1 0 0 0 0.249357 1 100-aaaaa 
4200 97 389 0.249357 0.00257069 100 100 0 7 0 0 0 0 0.249357 1 100-aaaaa 
4210 97 389 0.249357 0.00257069 100 100 0 6 0 0 0 0 0.249357 1 100-aaaaa 
4220 97 389 0.249357 0.00257069 100 100 0 6 0 0 0 0 0.249357 1 100-aaaaa 
4230 97 389 0.249357 0.00257069 100 100 0 6 0 0 0 0 0.249357 1 100-aaaaa 
4240 96 385 0.249351 0.0025974 99 99 0 6 0 0 2 0 0.249351 39 099-aaaab 
4250 96 385 0.249351 0.0025974 99 99 0 6 0 0 2 0 0.249351 39 099-aaaab 
4260 96 385 0.249351 0.0025974 99 99 0 6 0 0 2 0 0.249351 39 099-aaaab 
4270 96 385 0.249351 0.0025974 99 99 0 6 0 0 2 0 0.249351 39 099-aaaab 
4280 96 385 0.249351 0.0025974 99 99 0 6 0 0 2 0 0.249351 39 099-aaaab 
4290 96 385 0.249351 0.0025974 99 99 0 6 0 0 2 0 0.249351 39 099-aaaab 
4300 96 385 0.249351 0.0025974 99 99 0 6 0 0 2 0 0.249351 39 099-aaaab 
4310 96 385 0.249351 0.0025974 99 99 0 6 0 0 2 0 0.249351 39 099-aaaab 
4320 96 385 0.249351 0.0025974 99 99 0 6 0 0 2 0 0.249351 39 099-aaaab 
4330 96 385 0.249351 0.0025974 99 99 0 6 0 0 2 0 0.249351 39 099-aaaab 
4340 96 385 0.249351 0.0025974 99 99 0 6 0 0 2 0 0.249351 39 099-aaaab 
4350 96 385 0.249351 0.0025974 99 99 0 6 0 0 2 0 0.249351 39 099-aaaab 
4360 96 385 0.249351 0.0025974 99 99 0 6 0 0 2 0 0.249351 39 099-aaaab 
4370 96 385 0.249351 0.0025974 99 99 0 6 0 0 2 0 0.249351 39 099-aaaab 
4380 96 385 0.249351 0.0025974 99 99 0 6 0 0 2 0 0.249351 39 099-aaaab 
4390 96 385 0.249351 0.0025974 99 99 0 6 0 0 2 0 0.249351 39 099-aaaab 
4400 96 385 0.249351 0.0025974 99 99 0 6 0 0 2 0 0.249351 39 099-aaaab 
4410 96 385 0.249351 0.0025974 99 99 0 6 0 0 2 0 0.249351 39 099-aaaab 
4420 96 385 0.249351 0.0025974 99 99 0 6 0 0 2 0 0.249351 39 099-aaaab 
4430 96 385 0.249351 0.0025974 99 99 0 6 0 0 2 0 0.249351 39 099-aaaab 
4440 96 385 0.249351 0.0025974 99 99 0 6 0 0 2 0 0.249351 39 099-aaaab 
4450 96 385 0.249351 0.0025974 99 99 0 6 0 0 2 0 0.249351 39 099-aaaab 
4460 96 385 0.249351 0.0025974 99 99 0 6 0 0 2 0 0.249351 39 099-aaaab 
4470 96 385 0.249351 0.0025974 99 99 0 6 0 0 2 0 0.249351 39 099-aaaab 
4480 96 385 0.249351 0.0025974 99 99 0 6 0 0 2 0 0.249351 39 099-aaaab 
4490 96 385 0.249351 0.0025974 99 99 0 6 0 0 2 0 0.249351 39 099-aaaab 
4500 96 385 0.249351 0.0025974 99 99 0 6 0 0 2 0 0.249351 39 099-aaaab 
4510 96 385 0.249351 0.0025974 99 99 0 6 0 0 2 0 0.249351 39 099-aaaab 
4520 96 385 0.249351 0.0025974 99 99 0 6 0 0 2 0 0.249351 39 099-aaaab 
4530 96 385 0.249351 0.0025974 99 99 0 6 0 0 2 0 0.249351 39 099-aaaab 
4540 96 385 0.249351 0.0025974 99 99 0 6 0 0 2 0 0.249351 39 099-aaaab 
4550 96 385 0.249351 0.0025974 99 99 0 6 0 0 2 0 0.249351 39 099-aaaab 
4560 96 385 0.249351 0.0025974 99 99 0 6 0 0 2 0 0.249351 39 099-aaaab 
4570 96 385 0.249351 0.0025974 99 99 0 7 0 0 2 0 0.249351 39 099-aaaab 
4580 96 385 0.249351 0.0025974 99 99 0 7 0 0 2 0 0.249351 39 099-aaaab 
4590 96 385 0.249351 0.0025974 99 99 0 7 0 0 2 0 0.249351 39 099-aaaab 
4600 96 385 0.249351 0.0025974 99 99 0 7 0 0 2 0 0.249351 39 099-aaaab 
4610 96 385 0.249351 0.0025974 99 99 0 7 0 0 2 0 0.249351 39 099-aaaab 
4620 96 385 0.249351 0.0025974 99 99 0 8 0 0 2 0 0.249351 39 099-aaaab 
4630 96 385 0.249351 0.0025974 99 99 0 8 0 0 2 0 0.249351 39 099-aaaab 
4640 96 385 0.249351 0.0025974 99 99 0 8 0 0 2 0 0.249351 39 099-aaaab 
4650 96 385 0.249351 0.0025974 99 99 0 8 0 0 2 0 0.249351 39 099-aaaab 
4660 96 385 0.249351 0.0025974 99 99 0 8 0 0 2 0 0.249351 39 099-aaaab 
4670 96 385 0.249351 0.0025974 99 99 0 8 0 0 2 0 0.249351 39 099-aaaab 
4680 96 385 0.249351 0.0025974 99 99 0 8 0 0 2 0 0.249351 39 099-aaaab 
4690 96 385 0.249351 0.0025974 99 99 0 8 0 0 2 0 0.249351 39 099-aaaab 
4700 96 385 0.249351 0.0025974 99 99 0 8 0 0 2 0 0.249351 39 099-aaaab 
4710 96 385 0.249351 0.0025974 99 99 0 8 0 0 2 0 0.249351 39 099-aaaab 
4720 96 385 0.249351 0.0025974 99 99 0 8 0 0 2 0 0.249351 39 099-aaaab 
4730 96 385 0.249351 0.0025974 99 99 0 8 0 0 2 0 0.249351 39 099-aaaab 
4740 96 385 0.249351 0.0025974 99 99 0 8 0 0 2 0 0.249351 39 099-aaaab 
4750 96 385 0.249351 0.0025974 99 99 0 8 0 0 2 0 0.249351 39 099-aaaab 
4760 96 385 0.249351 0.0025974 99 99 0 8 0 0 2 0 0.249351 39 099-aaaab 
4770 96 385 0.249351 0.0025974 99 99 0 8 0 0 2 0 0.249351 39 099-aaaab 
4780 96 385 0.249351 0.0025974 99 99 0 8 0 0 2 0 0.249351 39 099-aaaab 
4790 96 385 0.249351 0.0025974 99 99 0 8 0 0 2 0 0.249351 39 099-aaaab 
4800 96 385 0.249351 0.0025974 99 99 0 8 0 0 2 0 0.249351 39 099-aaaab 
4810 96 385 0.249351 0.0025974 99 99 0 8 0 0 2 0 0.249351 39 099-aaaab 
4820 96 385 0.249351 0.0025974 99 99 0 8 0 0 2 0 0.249351 39 099-aaaab 
4830 96 385 0.249351 0.0025974 99 99 0 8 0 0 2 0 0.249351 39 099-aaaab 
4840 96 385 0.249351 0.0025974 99 99 0 8 0 0 2 0 0.249351 39 099-aaaab 
4850 96 385 0.249351 0.0025974 99 99 0 8 0 0 2 0 0.249351 39 099-aaaab 
4860 96 385 0.249351 0.0025974 99 99 0 8 0 0 2 0 0.249351 39 099-aaaab 
4870 96 385 0.249351 0.0025974 99 99 0 8 0 0 2 0 0.249351 39 099-aaaab 
4880 96 385 0.249351 0.0025974 99 99 0 8 0 0 2 0 0.249351 39 099-aaaab 
4890 96 385 0.249351 0.0025974 99 99 0 8 0 0 2 0 0.249351 39 099-aaaab 
4900 96 385 0.249351 0.0025974 99 99 0 8 0 0 2 0 0.249351 39 099-aaaab 
4910 96 385 0.249351 0.0025974 99 99 0 8 0 0 2 0 0.249351 39 099-aaaab 
4920 96 385 0.249351 0.0025974 99 99 0 8 0 0 2 0 0.249351 39 099-aaaab 
4930 96 385 0.249351 0.0025974 99 99 0 8 0 0 2 0 0.249351 39 099-aaaab 
4940 96 385 0.249351 0.0025974 99 99 0 7 0 0 2 0 0.249351 39 099-aaaab 
4950 96 385 0.249351 0.0025974 99 99 0 7 0 0 2 0 0.249351 39 099-aaaab 
4960 96 385 0.249351 0.0025974 99 99 0 7 0 0 2 0 0.249351 39 099-aaaab 
4970 96 385 0.249351 0.0025974 99 99 0 7 1 0 2 0 0.249351 39 099-aaaab 
4980 96 385 0.249351 0.0025974 99 99 0 7 0 0 2 0 0.249351 39 099-aaaab 
4990 96 385 0.249351 0.0025974 99 99 0 7 0 0 2 0 0.249351 39 099-aaaab 
5000 96 385 0.249351 0.0025974 99 99 0 7 0 0 2 0 0.249351 39 099-aaaab 
5010 96 385 0.249351 0.0025974 99 99 0 9 0 0 2 0 0.249351 39 099-aaaab 
5020 96 385 0.249351 0.0025974 99 99 0 9 0 0 2 0 0.249351 39 099-aaaab 
5030 96 385 0.249351 0.0025974 99 99 0 10 0 0 2 0 0.249351 39 099-aaaab 
5040 96 385 0.249351 0.0025974 99 99 0 11 0 0 2 0 0.249351 39 099-aaaab 
5050 96 385 0.249351 0.0025974 99 99 0 10 0 0 2 0 0.249351 39 099-aaaab 
5060 96 385 0.249351 0.0025974 99 99 0 10 0 0 2 0 0.249351 39 099-aaaab 
5070 96 385 0.249351 0.0025974 99 99 0 10 0 0 2 0 0.249351 39 099-aaaab 
5080 96 385 0.249351 0.0025974 99 99 0 10 0 0 2 0 0.249351 39 099-aaaab 
5090 96 385 0.249351 0.0025974 99 99 0 10 0 0 2 0 0.249351 39 099-aaaab 
5100 96 385 0.249351 0.0025974 99 99 0 10 0 0 2 0 0.249351 39 099-aaaab 
5110 96 385 0.249351 0.0025974 99 99 0 10 0 0 2 0 0.249351 39 099-aaaab 
5120 96 385 0.249351 0.0025974 99 99 0 10 0 0 2 0 0.249351 39 099-aaaab 
5130 96 385 0.249351 0.0025974 99 99 0 10 0 0 2 0 0.249351 39 099-aaaab 
5140 96 385 0.249351 0.0025974 99 99 0 10 0 0 2 0 0.249351 39 099-aaaab 
5150 96 385 0.249351 0.0025974 99 99 0 10 0 0 2 0 0.249351 39 099-aaaab 
5160 96 385 0.249351 0.0025974 99 99 0 10 0 0 2 0 0.249351 39 099-aaaab 
5170 96 385 0.249351 0.0025974 99 99 0 10 0 0 2 0 0.249351 39 099-aaaab 
5180 96 385 0.249351 0.0025974 99 99 0 10 0 0 2 0 0.249351 39 099-aaaab 
5190 96 385 0.249351 0.0025974 99 99 0 10 0 0 2 0 0.249351 39 099-aaaab 
5200 96 385 0.249351 0.0025974 99 99 0 10 0 0 2 0 0.249351 39 099-aaaab 
5210 96 385 0.249351 0.0025974 99 99 0 10 0 0 2 0 0.249351 39 099-aaaab 
5220 96 385 0.249351 0.0025974 99 99 0 10 0 0 2 0 0.249351 39 099-aaaab 
5230 96 385 0.249351 0.0025974 99 99 0 10 0 0 2 0 0.249351 39 099-aaaab 
5240 96 385 0.249351 0.0025974 99 99 0 10 0 0 2 0 0.249351 39 099-aaaab 
5250 96 385 0.249351 0.0025974 99 99 0 10 0 0 2 0 0.249351 39 099-aaaab 
5260 96 385 0.249351 0.0025974 99 99 0 10 0 0 2 0 0.249351 39 099-aaaab 
5270 96 385 0.249351 0.0025974 99 99 0 10 0 0 2 0 0.249351 39 099-aaaab 
5280 96 385 0.249351 0.0025974 99 99 0 9 0 0 2 0 0.249351 39 099-aaaab 
5290 96 385 0.249351 0.0025974 99 99 0 8 0 0 2 0 0.249351 39 099-aaaab 
5300 96 385 0.249351 0.0025974 99 99 0 8 0 0 2 0 0.249351 39 099-aaaab 
5310 96 385 0.249351 0.0025974 99 99 0 8 0 0 2 0 0.249351 39 099-aaaab 
5320 96 385 0.249351 0.0025974 99 99 0 8 0 0 2 0 0.249351 39 099-aaaab 
5330 96 385 0.249351 0.0025974 99 99 0 8 0 0 2 0 0.249351 39 099-aaaab 
5340 96 385 0.249351 0.0025974 99 99 0 8 0 0 2 0 0.249351 39 099-aaaab 
5350 96 385 0.249351 0.0025974 99 99 0 8 0 0 2 0 0.249351 39 099-aaaab 
5360 96 385 0.249351 0.0025974 99 99 0 8 0 0 2 0 0.249351 39 099-aaaab 
5370 96 385 0.249351 0.0025974 99 99 0 8 0 0 2 0 0.249351 39 099-aaaab 
5380 96 385 0.249351 0.0025974 99 99 0 9 2 2 2 0 0.249351 39 099-aaaab 
5390 96 385 0.249351 0.0025974 99 99 0 9 0 0 2 0 0.249351 39 099-aaaab 
5400 96 385 0.249351 0.0025974 99 99 0 9 0 0 2 0 0.249351 39 099-aaaab 
5410 96 385 0.249351 0.0025974 99 99 0 9 0 0 2 0 0.249351 39 099-aaaab 
5420 96 385 0.249351 0.0025974 99 99 0 9 0 0 2 0 0.249351 39 099-aaaab 
5430 96 385 0.249351 0.0025974 99 99 0 9 0 0 2 0 0.249351 39 099-aaaab 
5440 96 385 0.249351 0.0025974 99 99 0 9 0 0 2 0 0.249351 39 099-aaaab 
5450 96 385 0.249351 0.0025974 99 99 0 9 0 0 2 0 0.249351 39 099-aaaab 
5460 96 385 0.249351 0.0025974 99 99 0 9 0 0 2 0 0.249351 39 099-aaaab 
5470 96 385 0.249351 0.0025974 99 99 0 9 0 0 2 0 0.249351 39 099-aaaab 
5480 96 385 0.249351 0.0025974 99 99 0 9 0 0 2 0 0.249351 39 099-aaaab 
5490 96 385 0.249351 0.0025974 99 99 0 9 0 0 2 0 0.249351 39 099-aaaab 
5500 96 385 0.249351 0.0025974 99 99 0 9 0 0 2 0 0.249351 39 099-aaaab 
5510 96 385 0.249351 0.0025974 99 99 0 9 0 0 2 0 0.249351 39 099-aaaab 
5520 96 385 0.249351 0.0025974 99 99 0 9 0 0 2 0 0.249351 39 099-aaaab 
5530 96 385 0.249351 0.0025974 99 99 0 9 0 0 2 0 0.249351 39 099-aaaab 
5540 96 385 0.249351 0.0025974 99 99 0 9 0 0 2 0 0.249351 39 099-aaaab 
5550 96 385 0.249351 0.0025974 99 99 0 9 0 0 2 0 0.249351 39 099-aaaab 
5560 96 385 0.249351 0.0025974 99 99 0 9 0 0 2 0 0.249351 39 099-aaaab 
5570 96 385 0.249351 0.0025974 99 99 0 9 0 0 2 0 0.249351 39 099-aaaab 
5580 96 385 0.249351 0.0025974 99 99 0 9 0 0 2 0 0.249351 39 099-aaaab 
5590 96 385 0.249351 0.0025974 99 99 0 9 0 0 2 0 0.249351 39 099-aaaab 
5600 96 385 0.249351 0.0025974 99 99 0 9 0 0 2 0 0.249351 39 099-aaaab 
5610 96 385 0.249351 0.0025974 99 99 0 9 0 0 2 0 0.249351 39 099-aaaab 
5620 96 385 0.249351 0.0025974 99 99 0 9 0 0 2 0 0.249351 39 099-aaaab 
5630 96 385 0.249351 0.0025974 99 99 0 9 0 0 2 0 0.249351 39 099-aaaab 
5640 96 385 0.249351 0.0025974 99 99 0 9 0 0 2 0 0.249351 39 099-aaaab 
5650 96 385 0.249351 0.0025974 99 99 0 9 0 0 2 0 0.249351 39 099-aaaab 
5660 96 385 0.249351 0.0025974 99 99 0 9 0 0 2 0 0.249351 39 099-aaaab 
5670 96 385 0.249351 0.0025974 99 99 0 9 0 0 2 0 0.249351 39 099-aaaab 
5680 96 385 0.249351 0.0025974 99 99 0 9 0 0 2 0 0.249351 39 099-aaaab 
5690 96 385 0.249351 0.0025974 99 99 0 9 0 0 2 0 0.249351 39 099-aaaab 
5700 96 385 0.249351 0.0025974 99 99 0 9 0 0 2 0 0.249351 39 099-aaaab 
5710 96 385 0.249351 0.0025974 99 99 0 9 0 0 2 0 0.249351 39 099-aaaab 
5720 96 385 0.249351 0.0025974 99 99 0 9 0 0 2 0 0.249351 39 099-aaaab 
5730 96 385 0.249351 0.0025974 99 99 0 9 0 0 2 0 0.249351 39 099-aaaab 
5740 96 385 0.249351 0.0025974 99 99 0 8 0 0 2 0 0.249351 39 099-aaaab 
5750 96 385 0.249351 0.0025974 99 99 0 9 0 0 2 0 0.249351 39 099-aaaab 
5760 96 385 0.249351 0.0025974 99 99 0 9 0 0 2 0 0.249351 39 099-aaaab 
5770 96 385 0.249351 0.0025974 99 99 0 9 1 1 2 0 0.249351 39 099-aaaab 
5780 96 385 0.249351 0.0025974 99 99 0 9 0 0 2 0 0.249351 39 099-aaaab 
5790 96 385 0.249351 0.0025974 99 99 0 9 0 0 2 0 0.249351 39 099-aaaab 
5800 96 385 0.249351 0.0025974 99 99 0 9 0 0 2 0 0.249351 39 099-aaaab 
5810 96 385 0.249351 0.0025974 99 99 0 9 0 0 2 0 0.249351 39 099-aaaab 
5820 96 385 0.249351 0.0025974 99 99 0 9 0 0 2 0 0.249351 39 099-aaaab 
5830 96 385 0.249351 0.0025974 99 99 0 9 0 0 2 0 0.249351 39 099-aaaab 
5840 96 385 0.249351 0.0025974 99 99 0 9 0 0 2 0 0.249351 39 099-aaaab 
5850 96 385 0.249351 0.0025974 99 99 0 9 0 0 2 0 0.249351 39 099-aaaab 
5860 96 385 0.249351 0.0025974 99 99 0 9 0 0 2 0 0.249351 39 099-aaaab 
5870 96 385 0.249351 0.0025974 99 99 0 9 0 0 2 0 0.249351 39 099-aaaab 
5880 96 385 0.249351 0.0025974 99 99 0 9 0 0 2 0 0.249351 39 099-aaaab 
5890 96 385 0.249351 0.0025974 99 99 0 9 0 0 2 0 0.249351 39 099-aaaab 
5900 96 385 0.249351 0.0025974 99 99 0 9 0 0 2 0 0.249351 39 099-aaaab 
5910 96 385 0.249351 0.0025974 99 99 0 9 0 0 2 0 0.249351 39 099-aaaab 
5920 96 385 0.249351 0.0025974 99 99 0 9 0 0 2 0 0.249351 39 099-aaaab 
5930 96 385 0.249351 0.0025974 99 99 0 9 0 0 2 0 0.249351 39 099-aaaab 
5940 96 385 0.249351 0.0025974 99 99 0 9 0 0 2 0 0.249351 39 099-aaaab 
5950 96 385 0.249351 0.0025974 99 99 0 9 0 0 2 0 0.249351 39 099-aaaab 
5960 96 385 0.249351 0.0025974 99 99 0 9 0 0 2 0 0.249351 39 099-aaaab 
5970 96 385 0.249351 0.0025974 99 99 0 9 0 0 2 0 0.249351 39 099-aaaab 
5980 96 385 0.249351 0.0025974 99 99 0 9 0 0 2 0 0.249351 39 099-aaaab 
5990 96 385 0.249351 0.0025974 99 99 0 9 0 0 2 0 0.249351 39 099-aaaab 
6000 96 385 0.249351 0.0025974 99 99 0 9 0 0 2 0 0.249351 39 099-aaaab 
6010 96 385 0.249351 0.0025974 99 99 0 9 0 0 2 0 0.249351 39 099-aaaab 
6020 96 385 0.249351 0.0025974 99 99 0 8 0 0 2 0 0.249351 39 099-aaaab 
6030 96 385 0.249351 0.0025974 99 99 0 8 0 0 2 0 0.249351 39 099-aaaab 
6040 96 385 0.249351 0.0025974 99 99 0 8 0 0 2 0 0.249351 39 099-aaaab 
6050 96 385 0.249351 0.0025974 99 99 0 7 0 0 2 0 0.249351 39 099-aaaab 
6060 96 385 0.249351 0.0025974 99 99 0 7 0 0 2 0 0.249351 39 099-aaaab 
6070 96 385 0.249351 0.0025974 99 99 0 7 0 0 2 0 0.249351 39 099-aaaab 
6080 96 385 0.249351 0.0025974 99 99 0 7 0 0 2 0 0.249351 39 099-aaaab 
6090 96 385 0.249351 0.0025974 99 99 0 7 0 0 2 0 0.249351 39 099-aaaab 
6100 96 385 0.249351 0.0025974 99 99 0 7 0 0 2 0 0.249351 39 099-aaaab 
6110 96 385 0.249351 0.0025974 99 99 0 7 0 0 2 0 0.249351 39 099-aaaab 
6120 96 385 0.249351 0.0025974 99 99 0 8 0 0 2 0 0.249351 39 099-aaaab 
6130 96 385 0.249351 0.0025974 99 99 0 7 0 0 2 0 0.249351 39 099-aaaab 
6140 96 385 0.249351 0.0025974 99 99 0 7 0 0 2 0 0.249351 39 099-aaaab 
6150 96 385 0.249351 0.0025974 99 99 0 8 0 0 2 0 0.249351 39 099-aaaab 
6160 96 385 0.249351 0.0025974 99 99 0 8 0 0 2 0 0.249351 39 099-aaaab 
6170 96 385 0.249351 0.0025974 99 99 0 8 0 0 2 0 0.249351 39 099-aaaab 
6180 96 385 0.249351 0.0025974 99 99 0 8 0 0 2 0 0.249351 39 099-aaaab 
6190 96 385 0.249351 0.0025974 99 99 0 8 0 0 2 0 0.249351 39 099-aaaab 
6200 96 385 0.249351 0.0025974 99 99 0 8 0 0 2 0 0.249351 39 099-aaaab 
6210 96 385 0.249351 0.0025974 99 99 0 8 0 0 2 0 0.249351 39 099-aaaab 
6220 96 385 0.249351 0.0025974 99 99 0 8 0 0 2 0 0.249351 39 099-aaaab 
6230 96 385 0.249351 0.0025974 99 99 0 8 0 0 2 0 0.249351 39 099-aaaab 
6240 96 385 0.249351 0.0025974 99 99 0 8 0 0 2 0 0.249351 39 099-aaaab 
6250 96 385 0.249351 0.0025974 99 99 0 8 0 0 2 0 0.249351 39 099-aaaab 
6260 96 385 0.249351 0.0025974 99 99 0 8 0 0 2 0 0.249351 39 099-aaaab 
6270 96 385 0.249351 0.0025974 99 99 0 8 0 0 2 0 0.249351 39 099-aaaab 
6280 96 385 0.249351 0.0025974 99 99 0 8 0 0 2 0 0.249351 39 099-aaaab 
6290 96 385 0.249351 0.0025974 99 99 0 8 0 0 2 0 0.249351 39 099-aaaab 
6300 96 385 0.249351 0.0025974 99 99 0 8 0 0 2 0 0.249351 39 099-aaaab 
6310 96 385 0.249351 0.0025974 99 99 0 8 0 0 2 0 0.249351 39 099-aaaab 
6320 96 385 0.249351 0.0025974 99 99 0 8 0 0 2 0 0.249351 39 099-aaaab 
6330 96 385 0.249351 0.0025974 99 99 0 8 0 0 2 0 0.249351 39 099-aaaab 
6340 96 385 0.249351 0.0025974 99 99 0 8 0 0 2 0 0.249351 39 099-aaaab 
6350 96 385 0.249351 0.0025974 99 99 0 8 0 0 2 0 0.249351 39 099-aaaab 
6360 96 385 0.249351 0.0025974 99 99 0 8 0 0 2 0 0.249351 39 099-aaaab 
6370 96 385 0.249351 0.0025974 99 99 0 8 0 0 2 0 0.249351 39 099-aaaab 
6380 96 385 0.249351 0.0025974 99 99 0 8 0 0 2 0 0.249351 39 099-aaaab 
6390 96 385 0.249351 0.0025974 99 99 0 8 0 0 2 0 0.249351 39 099-aaaab 
6400 96 385 0.249351 0.0025974 99 99 0 8 0 0 2 0 0.249351 39 099-aaaab 
6410 96 385 0.249351 0.0025974 99 99 0 8 0 0 2 0 0.249351 39 099-aaaab 
6420 96 385 0.249351 0.0025974 99 99 0 8 0 0 2 0 0.249351 39 099-aaaab 
6430 96 385 0.249351 0.0025974 99 99 0 8 0 0 2 0 0.249351 39 099-aaaab 
6440 96 385 0.249351 0.0025974 99 99 0 8 0 0 2 0 0.249351 39 099-aaaab 
6450 96 385 0.249351 0.0025974 99 99 0 8 0 0 2 0 0.249351 39 099-aaaab 
6460 96 385 0.249351 0.0025974 99 99 0 8 0 0 2 0 0.249351 39 099-aaaab 
6470 96 385 0.249351 0.0025974 99 99 0 7 1 0 2 0 0.249351 39 099-aaaab 
6480 96 385 0.249351 0.0025974 99 99 0 9 1 1 2 0 0.249351 39 099-aaaab 
6490 96 385 0.249351 0.0025974 99 99 0 8 0 0 2 0 0.249351 39 099-aaaab 
6500 97 386 0.251295 0.00259067 100 100 0 7 0 0 3 0 0.251295 126 100-aaaap 
6510 97 386 0.251295 0.00259067 100 100 0 7 0 0 3 0 0.251295 126 100-aaaap 
6520 97 386 0.251295 0.00259067 100 100 0 7 0 0 3 0 0.251295 126 100-aaaap 
6530 97 386 0.251295 0.00259067 100 100 0 7 0 0 3 0 0.251295 126 100-aaaap 
6540 97 386 0.251295 0.00259067 100 100 0 7 0 0 3 0 0.251295 126 100-aaaap 
6550 97 386 0.251295 0.00259067 100 100 0 6 0 0 3 0 0.251295 126 100-aaaap 
6560 97 386 0.251295 0.00259067 100 100 0 6 0 0 3 0 0.251295 126 100-aaaap 
6570 97 386 0.251295 0.00259067 100 100 0 6 0 0 3 0 0.251295 126 100-aaaap 
6580 97 386 0.251295 0.00259067 100 100 0 6 0 0 3 0 0.251295 126 100-aaaap 
6590 97 386 0.251295 0.00259067 100 100 0 6 0 0 3 0 0.251295 126 100-aaaap 
6600 97 386 0.251295 0.00259067 100 100 0 6 0 0 3 0 0.251295 126 100-aaaap 
6610 97 386 0.251295 0.00259067 100 100 0 6 0 0 3 0 0.251295 126 100-aaaap 
6620 97 386 0.251295 0.00259067 100 100 0 6 0 0 3 0 0.251295 126 100-aaaap 
6630 97 386 0.251295 0.00259067 100 100 0 6 0 0 3 0 0.251295 126 100-aaaap 
6640 97 386 0.251295 0.00259067 100 100 0 6 0 0 3 0 0.251295 126 100-aaaap 
6650 97 386 0.251295 0.00259067 100 100 0 6 0 0 3 0 0.251295 126 100-aaaap 
6660 97 386 0.251295 0.00259067 100 100 0 6 0 0 3 0 0.251295 126 100-aaaap 
6670 97 386 0.251295 0.00259067 100 100 0 6 0 0 3 0 0.251295 126 100-aaaap 
6680 97 386 0.251295 0.00259067 100 100 0 6 0 0 3 0 0.251295 126 100-aaaap 
6690 97 386 0.251295 0.00259067 100 100 0 6 0 0 3 0 0.251295 126 100-aaaap 
6700 97 386 0.251295 0.00259067 100 100 0 6 0 0 3 0 0.251295 126 100-aaaap 
6710 97 386 0.251295 0.00259067 100 100 0 6 0 0 3 0 0.251295 126 100-aaaap 
6720 97 386 0.251295 0.00259067 100 100 0 6 0 0 3 0 0.251295 126 100-aaaap 
6730 97 386 0.251295 0.00259067 100 100 0 6 0 0 3 0 0.251295 126 100-aaaap 
6740 97 386 0.251295 0.00259067 100 100 0 6 0 0 3 0 0.251295 126 100-aaaap 
6750 97 386 0.251295 0.00259067 100 100 0 6 0 0 3 0 0.251295 126 100-aaaap 
6760 97 386 0.251295 0.00259067 100 100 0 6 0 0 3 0 0.251295 126 100-aaaap 
6770 96 384 0.25 0.00260417 99 99 0 6 0 0 3 0 0.25 276 099-aaaae 
6780 96 384 0.25 0.00260417 99 99 0 6 0 0 3 0 0.25 276 099-aaaae 
6790 96 384 0.25 0.00260417 99 99 0 6 0 0 3 0 0.25 276 099-aaaae 
6800 96 384 0.25 0.00260417 99 99 0 6 0 0 3 0 0.25 276 099-aaaae 
6810 96 384 0.25 0.00260417 99 99 0 6 0 0 3 0 0.25 276 099-aaaae 
6820 97 386 0.251295 0.00259067 100 100 0 7 0 0 3 0 0.251295 126 100-aaaap 
6830 97 386 0.251295 0.00259067 100 100 0 7 0 0 3 0 0.251295 126 100-aaaap 
6840 97 386 0.251295 0.00259067 100 100 0 7 0 0 3 0 0.251295 126 100-aaaap 
6850 97 386 0.251295 0.00259067 100 100 0 8 0 0 3 0 0.251295 126 100-aaaap 
6860 94 375 0.250667 0.00266667 97 97.5 0 7 0 0 5 0 0.250667 440 097-aaaaa 
6870 94 375 0.250667 0.00266667 97 97.5 0 7 0 0 5 0 0.250667 440 097-aaaaa 
6880 96 384 0.25 0.00260417 99 99 0 8 0 0 3 0 0.25 276 099-aaaae 
6890 96 384 0.25 0.00260417 99 99 0 8 0 0 3 0 0.25 276 099-aaaae 
6900 96 384 0.25 0.00260417 99 99 0 8 0 0 3 0 0.25 276 099-aaaae 
6910 96 384 0.25 0.00260417 99 99 0 8 0 0 3 0 0.25 276 099-aaaae 
6920 96 384 0.25 0.00260417 99 99 0 8 0 0 3 0 0.25 276 099-aaaae 
6930 96 384 0.25 0.00260417 99 99 0 8 0 0 3 0 0.25 276 099-aaaae 
6940 96 384 0.25 0.00260417 99 99 0 8 0 0 3 0 0.25 276 099-aaaae 
6950 96 384 0.25 0.00260417 99 99 0 9 0 0 3 0 0.25 276 099-aaaae 
6960 96 384 0.25 0.00260417 99 99 0 9 0 0 3 0 0.25 276 099-aaaae 
6970 96 384 0.25 0.00260417 99 99 0 9 0 0 3 0 0.25 276 099-aaaae 
6980 96 384 0.25 0.00260417 99 99 0 9 0 0 3 0 0.25 276 099-aaaae 
6990 96 384 0.25 0.00260417 99 99 0 9 0 0 3 0 0.25 276 099-aaaae 
7000 96 384 0.25 0.00260417 99 99 0 9 0 0 3 0 0.25 276 099-aaaae 
7010 96 384 0.25 0.00260417 99 99 0 9 0 0 3 0 0.25 276 099-aaaae 
7020 96 384 0.25 0.00260417 99 99 0 9 0 0 3 0 0.25 276 099-aaaae 
7030 96 384 0.25 0.00260417 99 99 0 9 0 0 3 0 0.25 276 099-aaaae 
7040 96 384 0.25 0.00260417 99 99 0 9 0 0 3 0 0.25 276 099-aaaae 
7050 96 384 0.25 0.00260417 99 99 0 9 0 0 3 0 0.25 276 099-aaaae 
7060 96 384 0.25 0.00260417 99 99 0 9 0 0 3 0 0.25 276 099-aaaae 
7070 96 384 0.25 0.00260417 99 99 0 9 0 0 3 0 0.25 276 099-aaaae 
7080 96 384 0.25 0.00260417 99 99 0 9 0 0 3 0 0.25 276 099-aaaae 
7090 96 384 0.25 0.00260417 99 99 0 9 0 0 3 0 0.25 276 099-aaaae 
7100 96 384 0.25 0.00260417 99 99 0 9 0 0 3 0 0.25 276 099-aaaae 
7110 96 384 0.25 0.00260417 99 99 0 9 0 0 3 0 0.25 276 099-aaaae 
7120 96 384 0.25 0.00260417 99 99 0 9 0 0 3 0 0.25 276 099-aaaae 
7130 96 384 0.25 0.00260417 99 99 0 9 0 0 3 0 0.25 276 099-aaaae 
7140 96 384 0.25 0.00260417 99 99 0 9 0 0 3 0 0.25 276 099-aaaae 
7150 96 384 0.25 0.00260417 99 99 0 9 0 0 3 0 0.25 276 099-aaaae 
7160 96 384 0.25 0.00260417 99 99 0 9 0 0 3 0 0.25 276 099-aaaae 
7170 96 384 0.25 0.00260417 99 99 0 9 0 0 3 0 0.25 276 099-aaaae 
7180 96 384 0.25 0.00260417 99 99 0 9 0 0 3 0 0.25 276 099-aaaae 
7190 96 384 0.25 0.00260417 99 99 0 9 0 0 3 0 0.25 276 099-aaaae 
7200 96 384 0.25 0.00260417 99 99 0 8 0 0 3 0 0.25 276 099-aaaae 
7210 96 384 0.25 0.00260417 99 99 0 8 0 0 3 0 0.25 276 099-aaaae 
7220 96 384 0.25 0.00260417 99 99 0 8 0 0 3 0 0.25 276 099-aaaae 
7230 99 390 0.253846 0.0025641 102 102 0 8 0 0 4 0 0.253846 257 102-aaaac 
7240 96 384 0.25 0.00260417 99 99 0 9 0 0 3 0 0.25 276 099-aaaae 
7250 96 384 0.25 0.00260417 99 99 0 9 0 0 3 0 0.25 276 099-aaaae 
7260 96 384 0.25 0.00260417 99 99 0 8 0 0 3 0 0.25 276 099-aaaae 
7270 96 384 0.25 0.00260417 99 99 0 8 0 0 3 0 0.25 276 099-aaaae 
7280 96 384 0.25 0.00260417 99 99 0 8 0 0 3 0 0.25 276 099-aaaae 
7290 96 384 0.25 0.00260417 99 99 0 8 0 0 3 0 0.25 276 099-aaaae 
7300 96 384 0.25 0.00260417 99 99 0 7 0 0 3 0 0.25 276 099-aaaae 
7310 99 390 0.253846 0.0025641 102 102 0 7 0 0 4 0 0.253846 257 102-aaaac 
7320 99 390 0.253846 0.0025641 102 102 0 7 0 0 4 0 0.253846 257 102-aaaac 
7330 99 390 0.253846 0.0025641 102 102 0 7 0 0 4 0 0.253846 257 102-aaaac 
7340 99 390 0.253846 0.0025641 102 102 0 7 0 0 4 0 0.253846 257 102-aaaac 
7350 99 390 0.253846 0.0025641 102 102 0 7 0 0 4 0 0.253846 257 102-aaaac 
7360 99 390 0.253846 0.0025641 102 102 0 7 0 0 4 0 0.253846 257 102-aaaac 
7370 99 390 0.253846 0.0025641 102 102 0 7 0 0 4 0 0.253846 257 102-aaaac 
7380 99 390 0.253846 0.0025641 102 102 0 7 0 0 4 0 0.253846 257 102-aaaac 
7390 99 390 0.253846 0.0025641 102 102 0 7 0 0 4 0 0.253846 257 102-aaaac 
7400 99 390 0.253846 0.0025641 102 102 0 7 0 0 4 0 0.253846 257 102-aaaac 
7410 99 390 0.253846 0.0025641 102 102 0 7 0 0 4 0 0.253846 257 102-aaaac 
7420 99 390 0.253846 0.0025641 102 102 0 7 0 0 4 0 0.253846 257 102-aaaac 
7430 99 390 0.253846 0.0025641 102 102 0 7 0 0 4 0 0.253846 257 102-aaaac 
7440 99 390 0.253846 0.0025641 102 102 0 7 0 0 4 0 0.253846 257 102-aaaac 
7450 99 390 0.253846 0.0025641 102 102 0 7 0 0 4 0 0.253846 257 102-aaaac 
7460 99 390 0.253846 0.0025641 102 102 0 7 0 0 4 0 0.253846 257 102-aaaac 
7470 99 390 0.253846 0.0025641 102 102 0 7 0 0 4 0 0.253846 257 102-aaaac 
7480 99 390 0.253846 0.0025641 102 102 0 7 0 0 4 0 0.253846 257 102-aaaac 
7490 99 390 0.253846 0.0025641 102 102 0 7 0 0 4 0 0.253846 257 102-aaaac 
7500 99 390 0.253846 0.0025641 102 102 0 7 0 0 4 0 0.253846 257 102-aaaac 
7510 96 384 0.25 0.00260417 99 99 0 6 0 0 4 0 0.25 762 099-aaaao 
7520 96 384 0.25 0.00260417 99 99 0 6 0 0 4 0 0.25 762 099-aaaao 
7530 96 384 0.25 0.00260417 99 99 0 6 0 0 4 0 0.25 762 099-aaaao 
7540 96 384 0.25 0.00260417 99 99 0 6 0 0 4 0 0.25 762 099-aaaao 
7550 96 384 0.25 0.00260417 99 99 0 6 0 0 4 0 0.25 762 099-aaaao 
7560 96 384 0.25 0.00260417 99 99 0 6 0 0 4 0 0.25 762 099-aaaao 
7570 96 384 0.25 0.00260417 99 99 0 6 0 0 4 0 0.25 762 099-aaaao 
7580 96 384 0.25 0.00260417 99 99 0 6 0 0 4 0 0.25 762 099-aaaao 
7590 96 384 0.25 0.00260417 99 99 0 6 0 0 4 0 0.25 762 099-aaaao 
7600 96 384 0.25 0.00260417 99 99 0 6 0 0 4 0 0.25 762 099-aaaao 
7610 96 384 0.25 0.00260417 99 99 0 6 0 0 4 0 0.25 762 099-aaaao 
7620 96 384 0.25 0.00260417 99 99 0 7 0 0 4 0 0.25 762 099-aaaao 
7630 96 384 0.25 0.00260417 99 99 0 7 0 0 4 0 0.25 762 099-aaaao 
7640 96 384 0.25 0.00260417 99 99 0 8 0 0 4 0 0.25 762 099-aaaao 
7650 96 384 0.25 0.00260417 99 99 0 9 1 1 4 0 0.25 762 099-aaaao 
7660 96 384 0.25 0.00260417 99 99 0 9 0 0 4 0 0.25 762 099-aaaao 
7670 96 384 0.25 0.00260417 99 99 0 9 0 0 4 0 0.25 762 099-aaaao 
7680 96 384 0.25 0.00260417 99 99 0 9 0 0 4 0 0.25 762 099-aaaao 
7690 96 384 0.25 0.00260417 99 99 0 8 0 0 4 0 0.25 762 099-aaaao 
7700 96 384 0.25 0.00260417 99 99 0 8 0 0 4 0 0.25 762 099-aaaao 
7710 96 384 0.25 0.00260417 99 99 0 8 0 0 4 0 0.25 762 099-aaaao 
7720 96 384 0.25 0.00260417 99 99 0 8 0 0 4 0 0.25 762 099-aaaao 
7730 96 384 0.25 0.00260417 99 99 0 8 0 0 4 0 0.25 762 099-aaaao 
7740 96 384 0.25 0.00260417 99 99 0 8 0 0 4 0 0.25 762 099-aaaao 
7750 96 384 0.25 0.00260417 99 99 0 8 0 0 4 0 0.25 762 099-aaaao 
7760 96 384 0.25 0.00260417 99 99 0 8 0 0 4 0 0.25 762 099-aaaao 
7770 96 384 0.25 0.00260417 99 99 0 8 0 0 4 0 0.25 762 099-aaaao 
7780 96 384 0.25 0.00260417 99 99 0 8 0 0 4 0 0.25 762 099-aaaao 
7790 96 384 0.25 0.00260417 99 99 0 8 0 0 4 0 0.25 762 099-aaaao 
7800 96 384 0.25 0.00260417 99 99 0 8 0 0 4 0 0.25 762 099-aaaao 
7810 96 384 0.25 0.00260417 99 99 0 8 0 0 4 0 0.25 762 099-aaaao 
7820 96 384 0.25 0.00260417 99 99 0 8 0 0 4 0 0.25 762 099-aaaao 
7830 96 384 0.25 0.00260417 99 99 0 8 0 0 4 0 0.25 762 099-aaaao 
7840 96 384 0.25 0.00260417 99 99 0 8 0 0 4 0 0.25 762 099-aaaao 
7850 96 384 0.25 0.00260417 99 99 0 8 0 0 4 0 0.25 762 099-aaaao 
7860 96 384 0.25 0.00260417 99 99 0 8 0 0 4 0 0.25 762 099-aaaao 
7870 96 384 0.25 0.00260417 99 99 0 8 0 0 4 0 0.25 762 099-aaaao 
7880 96 384 0.25 0.00260417 99 99 0 8 0 0 4 0 0.25 762 099-aaaao 
7890 96 384 0.25 0.00260417 99 99 0 8 0 0 4 0 0.25 762 099-aaaao 
7900 96 384 0.25 0.00260417 99 99 0 8 0 0 4 0 0.25 762 099-aaaao 
7910 96 384 0.25 0.00260417 99 99 0 8 0 0 4 0 0.25 762 099-aaaao 
7920 96 384 0.25 0.00260417 99 99 0 7 0 0 4 0 0.25 762 099-aaaao 
7930 96 384 0.25 0.00260417 99 99 0 7 0 0 4 0 0.25 762 099-aaaao 
7940 96 384 0.25 0.00260417 99 99 0 7 0 0 4 0 0.25 762 099-aaaao 
7950 96 384 0.25 0.00260417 99 99 0 7 0 0 4 0 0.25 762 099-aaaao 
7960 96 384 0.25 0.00260417 99 99 0 7 1 0 4 0 0.25 762 099-aaaao 
7970 96 384 0.25 0.00260417 99 99 0 7 0 0 4 0 0.25 762 099-aaaao 
7980 96 384 0.25 0.00260417 99 99 0 7 0 0 4 0 0.25 762 099-aaaao 
7990 96 384 0.25 0.00260417 99 99 0 8 0 0 4 0 0.25 762 099-aaaao 
8000 96 384 0.25 0.00260417 99 99 0 7 0 0 4 0 0.25 762 099-aaaao 
8010 96 384 0.25 0.00260417 99 99 0 7 0 0 4 0 0.25 762 099-aaaao 
8020 96 384 0.25 0.00260417 99 99 0 8 0 0 4 0 0.25 762 099-aaaao 
8030 96 384 0.25 0.00260417 99 99 0 8 0 0 4 0 0.25 762 099-aaaao 
8040 96 384 0.25 0.00260417 99 99 0 8 0 0 4 0 0.25 762 099-aaaao 
8050 96 384 0.25 0.00260417 99 99 0 8 0 0 4 0 0.25 762 099-aaaao 
8060 96 384 0.25 0.00260417 99 99 0 8 0 0 4 0 0.25 762 099-aaaao 
8070 96 384 0.25 0.00260417 99 99 0 8 0 0 4 0 0.25 762 099-aaaao 
8080 96 384 0.25 0.00260417 99 99 0 8 0 0 4 0 0.25 762 099-aaaao 
8090 96 384 0.25 0.00260417 99 99 0 8 0 0 4 0 0.25 762 099-aaaao 
8100 96 384 0.25 0.00260417 99 99 0 8 0 0 4 0 0.25 762 099-aaaao 
8110 96 384 0.25 0.00260417 99 99 0 8 0 0 4 0 0.25 762 099-aaaao 
8120 96 384 0.25 0.00260417 99 99 0 8 0 0 4 0 0.25 762 099-aaaao 
8130 96 384 0.25 0.00260417 99 99 0 8 0 0 4 0 0.25 762 099-aaaao 
8140 96 384 0.25 0.00260417 99 99 0 8 0 0 4 0 0.25 762 099-aaaao 
8150 96 384 0.25 0.00260417 99 99 0 8 0 0 4 0 0.25 762 099-aaaao 
8160 96 384 0.25 0.00260417 99 99 0 8 0 0 4 0 0.25 762 099-aaaao 
8170 96 384 0.25 0.00260417 99 99 0 8 0 0 4 0 0.25 762 099-aaaao 
8180 96 384 0.25 0.00260417 99 99 0 8 0 0 4 0 0.25 762 099-aaaao 
8190 96 384 0.25 0.00260417 99 99 0 8 0 0 4 0 0.25 762 099-aaaao 
8200 96 384 0.25 0.00260417 99 99 0 8 0 0 4 0 0.25 762 099-aaaao 
8210 96 384 0.25 0.00260417 99 99 0 8 0 0 4 0 0.25 762 099-aaaao 
8220 96 384 0.25 0.00260417 99 99 0 8 0 0 4 0 0.25 762 099-aaaao 
8230 96 384 0.25 0.00260417 99 99 0 8 0 0 4 0 0.25 762 099-aaaao 
8240 96 384 0.25 0.00260417 99 99 0 8 0 0 4 0 0.25 762 099-aaaao 
8250 96 384 0.25 0.00260417 99 99 0 8 0 0 4 0 0.25 762 099-aaaao 
8260 96 384 0.25 0.00260417 99 99 0 8 0 0 4 0 0.25 762 099-aaaao 
8270 96 384 0.25 0.00260417 99 99 0 8 0 0 4 0 0.25 762 099-aaaao 
8280 96 384 0.25 0.00260417 99 99 0 8 0 0 4 0 0.25 762 099-aaaao 
8290 96 384 0.25 0.00260417 99 99 0 8 0 0 4 0 0.25 762 099-aaaao 
8300 96 384 0.25 0.00260417 99 99 0 8 0 0 4 0 0.25 762 099-aaaao 
8310 96 384 0.25 0.00260417 99 99 0 8 0 0 4 0 0.25 762 099-aaaao 
8320 96 384 0.25 0.00260417 99 99 0 8 0 0 4 0 0.25 762 099-aaaao 
8330 96 384 0.25 0.00260417 99 99 0 8 0 0 4 0 0.25 762 099-aaaao 
8340 96 384 0.25 0.00260417 99 99 0 8 0 0 4 0 0.25 762 099-aaaao 
8350 96 384 0.25 0.00260417 99 99 0 8 0 0 4 0 0.25 762 099-aaaao 
8360 96 384 0.25 0.00260417 99 99 0 8 0 0 4 0 0.25 762 099-aaaao 
8370 96 384 0.25 0.00260417 99 99 0 8 0 0 4 0 0.25 762 099-aaaao 
8380 96 384 0.25 0.00260417 99 99 0 9 0 0 4 0 0.25 762 099-aaaao 
8390 96 384 0.25 0.00260417 99 99 0 9 0 0 4 0 0.25 762 099-aaaao 
8400 96 384 0.25 0.00260417 99 99 0 9 0 0 4 0 0.25 762 099-aaaao 
8410 96 384 0.25 0.00260417 99 99 0 9 0 0 4 0 0.25 762 099-aaaao 
8420 96 384 0.25 0.00260417 99 99 0 9 0 0 4 0 0.25 762 099-aaaao 
8430 96 384 0.25 0.00260417 99 99 0 9 0 0 4 0 0.25 762 099-aaaao 
8440 96 384 0.25 0.00260417 99 99 0 9 0 0 4 0 0.25 762 099-aaaao 
8450 96 384 0.25 0.00260417 99 99 0 9 0 0 4 0 0.25 762 099-aaaao 
8460 96 384 0.25 0.00260417 99 99 0 9 0 0 4 0 0.25 762 099-aaaao 
8470 96 384 0.25 0.00260417 99 99 0 9 0 0 4 0 0.25 762 099-aaaao 
8480 96 384 0.25 0.00260417 99 99 0 9 0 0 4 0 0.25 762 099-aaaao 
8490 96 384 0.25 0.00260417 99 99 0 9 0 0 4 0 0.25 762 099-aaaao 
8500 96 384 0.25 0.00260417 99 99 0 9 0 0 4 0 0.25 762 099-aaaao 
8510 96 384 0.25 0.00260417 99 99 0 9 0 0 4 0 0.25 762 099-aaaao 
