# Avida resource data
# Tue Oct 18 13:15:30 2016
# First column gives the current update, all further columns give the quantity
# of the particular resource at that update.
#  1: Update
#  2: day

0 0.994992 
10 10.4138 
20 18.9319 
30 26.6356 
40 33.6027 
50 39.9036 
60 45.602 
70 50.7555 
80 55.4163 
90 59.6314 
100 63.4435 
110 66.8911 
120 70.009 
130 72.8288 
140 75.3789 
150 77.6853 
160 79.7711 
170 81.6574 
180 83.3634 
190 84.9063 
200 86.3016 
210 87.5636 
220 88.7048 
230 89.737 
240 90.6704 
250 91.5146 
260 92.2781 
270 92.9685 
280 93.593 
290 94.1577 
300 94.6685 
310 95.1304 
320 95.5481 
330 95.9259 
340 96.2676 
350 96.5766 
360 96.856 
370 97.1088 
380 97.3373 
390 97.5441 
400 97.731 
410 97.9001 
420 98.053 
430 98.1913 
440 98.3163 
450 98.4294 
460 98.5317 
470 98.6242 
480 98.7079 
490 98.7836 
500 98.852 
510 98.9139 
520 98.9698 
530 99.0205 
540 99.0662 
550 99.1076 
560 99.1451 
570 99.1789 
580 99.2096 
590 99.2373 
600 99.2623 
610 99.285 
620 99.3054 
630 99.324 
640 99.3407 
650 99.3559 
660 99.3696 
670 99.382 
680 99.3932 
690 99.4033 
700 99.4125 
710 99.4208 
720 99.4283 
730 99.4351 
740 99.4412 
750 99.4467 
760 99.4518 
770 99.4563 
780 99.4604 
790 99.4641 
800 99.4675 
810 99.4705 
820 99.4733 
830 99.4757 
840 99.478 
850 99.48 
860 99.4818 
870 99.4835 
880 99.485 
890 99.4864 
900 99.4876 
910 99.4887 
920 99.4897 
930 99.4906 
940 99.4914 
950 99.4922 
960 99.4929 
970 99.4935 
980 99.494 
990 99.4945 
1000 99.495 
1010 99.4954 
1020 99.4957 
1030 99.4961 
1040 99.4964 
1050 99.4966 
1060 99.4969 
1070 99.4971 
1080 99.4973 
1090 99.4975 
1100 99.4977 
1110 99.4978 
1120 99.4979 
1130 99.4981 
1140 99.4982 
1150 99.4983 
1160 99.4984 
1170 99.4984 
1180 99.4985 
1190 99.4986 
1200 99.4986 
1210 99.4987 
1220 99.4987 
1230 99.4988 
1240 99.4988 
1250 99.4989 
1260 99.4989 
1270 99.4989 
1280 99.499 
1290 9995.21 
1300 9990.88 
1310 9986.96 
1320 9983.42 
1330 9980.22 
1340 9977.32 
1350 9974.7 
1360 9972.33 
1370 9970.19 
1380 9968.25 
1390 9966.5 
1400 9964.91 
1410 9963.48 
1420 9962.18 
1430 9961.01 
1440 9959.95 
1450 9958.99 
1460 9958.12 
1470 9957.34 
1480 9956.63 
1490 9955.99 
1500 9955.41 
1510 9954.88 
1520 9954.41 
1530 9953.98 
1540 9953.59 
1550 9953.24 
1560 9952.92 
1570 9952.64 
1580 9952.38 
1590 9952.14 
1600 9951.93 
1610 9951.74 
1620 9951.56 
1630 9951.41 
1640 9951.27 
1650 9951.14 
1660 9951.02 
1670 9950.92 
1680 9950.82 
1690 9950.73 
1700 9950.66 
1710 9950.59 
1720 9950.52 
1730 9950.47 
1740 9950.41 
1750 9950.37 
1760 9950.32 
1770 9950.29 
1780 9950.25 
1790 9950.22 
1800 9950.19 
1810 9950.16 
1820 9950.14 
1830 9950.12 
1840 9950.1 
1850 9950.08 
1860 9950.07 
1870 9950.05 
1880 9950.04 
1890 9950.03 
1900 9950.02 
1910 9950.01 
1920 9950 
1930 9949.99 
1940 9949.99 
1950 9949.98 
1960 9949.98 
1970 9949.97 
1980 9949.97 
1990 9949.96 
2000 9949.96 
2010 9949.95 
2020 9949.95 
2030 9949.95 
2040 9949.95 
2050 9949.94 
2060 9949.94 
2070 9949.94 
2080 9949.94 
2090 9949.94 
2100 9949.93 
2110 9949.93 
2120 9949.93 
2130 9949.93 
2140 9949.93 
2150 9949.93 
2160 9949.93 
2170 9949.93 
2180 9949.93 
2190 9949.93 
2200 9949.93 
2210 9949.93 
2220 9949.93 
2230 9949.92 
2240 9949.92 
2250 9949.92 
2260 9949.92 
2270 9949.92 
2280 9949.92 
2290 9949.92 
2300 9949.92 
2310 9949.92 
2320 9949.92 
2330 9949.92 
2340 9949.92 
2350 9949.92 
2360 9949.92 
2370 9949.92 
2380 9949.92 
2390 9949.92 
2400 9949.92 
2410 9949.92 
2420 9949.92 
2430 9949.92 
2440 9949.92 
2450 9949.92 
2460 9949.92 
2470 9949.92 
2480 9949.92 
2490 9949.92 
2500 9949.92 
2510 9949.92 
2520 9949.92 
2530 9949.92 
2540 9949.92 
2550 9949.92 
2560 9949.92 
2570 0 
2580 0 
2590 0 
2600 0 
2610 0 
2620 0 
2630 0 
2640 0 
2650 0 
2660 0 
2670 0 
2680 0 
2690 0 
2700 0 
2710 0 
2720 0 
2730 0 
2740 0 
2750 0 
2760 0 
2770 0 
2780 0 
2790 0 
2800 0 
2810 0 
2820 0 
2830 0 
2840 0 
2850 0 
2860 0 
2870 0 
2880 0 
2890 0 
2900 0 
2910 0 
2920 0 
2930 0 
2940 0 
2950 0 
2960 0 
2970 0 
2980 0 
2990 0 
3000 0 
3010 0 
3020 0 
3030 0 
3040 0 
3050 0 
3060 0 
3070 0 
3080 0 
3090 0 
3100 0 
3110 0 
3120 0 
3130 0 
3140 0 
3150 0 
3160 0 
3170 0 
3180 0 
3190 0 
3200 0 
3210 0 
3220 0 
3230 0 
3240 0 
3250 0 
3260 0 
3270 0 
3280 0 
3290 0 
3300 0 
3310 0 
3320 0 
3330 0 
3340 0 
3350 0 
3360 0 
3370 0 
3380 0 
3390 0 
3400 0 
3410 0 
3420 0 
3430 0 
3440 0 
3450 0 
3460 0 
3470 0 
3480 0 
3490 0 
3500 0 
3510 0 
3520 0 
3530 0 
3540 0 
3550 0 
3560 0 
3570 0 
3580 0 
3590 0 
3600 0 
3610 0 
3620 0 
3630 0 
3640 0 
3650 0 
3660 0 
3670 0 
3680 0 
3690 0 
3700 0 
3710 0 
3720 0 
3730 0 
3740 0 
3750 0 
3760 0 
3770 0 
3780 0 
3790 0 
3800 0 
3810 0 
3820 0 
3830 0 
3840 0 
3850 9995.21 
3860 9990.88 
3870 9986.96 
3880 9983.42 
3890 9980.22 
3900 9977.32 
3910 9974.7 
3920 9972.33 
3930 9970.19 
3940 9968.25 
3950 9966.5 
3960 9964.91 
3970 9963.48 
3980 9962.18 
3990 9961.01 
4000 9959.95 
4010 9958.99 
4020 9958.12 
4030 9957.34 
4040 9956.63 
4050 9955.99 
4060 9955.41 
4070 9954.88 
4080 9954.41 
4090 9953.98 
4100 9953.59 
4110 9953.24 
4120 9952.92 
4130 9952.64 
4140 9952.38 
4150 9952.14 
4160 9951.93 
4170 9951.74 
4180 9951.56 
4190 9951.41 
4200 9951.27 
4210 9951.14 
4220 9951.02 
4230 9950.92 
4240 9950.82 
4250 9950.73 
4260 9950.66 
4270 9950.59 
4280 9950.52 
4290 9950.47 
4300 9950.41 
4310 9950.37 
4320 9950.32 
4330 9950.29 
4340 9950.25 
4350 9950.22 
4360 9950.19 
4370 9950.16 
4380 9950.14 
4390 9950.12 
4400 9950.1 
4410 9950.08 
4420 9950.07 
4430 9950.05 
4440 9950.04 
4450 9950.03 
4460 9950.02 
4470 9950.01 
4480 9950 
4490 9949.99 
4500 9949.99 
4510 9949.98 
4520 9949.98 
4530 9949.97 
4540 9949.97 
4550 9949.96 
4560 9949.96 
4570 9949.95 
4580 9949.95 
4590 9949.95 
4600 9949.95 
4610 9949.94 
4620 9949.94 
4630 9949.94 
4640 9949.94 
4650 9949.94 
4660 9949.93 
4670 9949.93 
4680 9949.93 
4690 9949.93 
4700 9949.93 
4710 9949.93 
4720 9949.93 
4730 9949.93 
4740 9949.93 
4750 9949.93 
4760 9949.93 
4770 9949.93 
4780 9949.93 
4790 9949.92 
4800 9949.92 
4810 9949.92 
4820 9949.92 
4830 9949.92 
4840 9949.92 
4850 9949.92 
4860 9949.92 
4870 9949.92 
4880 9949.92 
4890 9949.92 
4900 9949.92 
4910 9949.92 
4920 9949.92 
4930 9949.92 
4940 9949.92 
4950 9949.92 
4960 9949.92 
4970 9949.92 
4980 9949.92 
4990 9949.92 
5000 9949.92 
5010 9949.92 
5020 9949.92 
5030 9949.92 
5040 9949.92 
5050 9949.92 
5060 9949.92 
5070 9949.92 
5080 9949.92 
5090 9949.92 
5100 9949.92 
5110 9949.92 
5120 9949.92 
5130 0 
5140 0 
5150 0 
5160 0 
5170 0 
5180 0 
5190 0 
5200 0 
5210 0 
5220 0 
5230 0 
5240 0 
5250 0 
5260 0 
5270 0 
5280 0 
5290 0 
5300 0 
5310 0 
5320 0 
5330 0 
5340 0 
5350 0 
5360 0 
5370 0 
5380 0 
5390 0 
5400 0 
5410 0 
5420 0 
5430 0 
5440 0 
5450 0 
5460 0 
5470 0 
5480 0 
5490 0 
5500 0 
5510 0 
5520 0 
5530 0 
5540 0 
5550 0 
5560 0 
5570 0 
5580 0 
5590 0 
5600 0 
5610 0 
5620 0 
5630 0 
5640 0 
5650 0 
5660 0 
5670 0 
5680 0 
5690 0 
5700 0 
5710 0 
5720 0 
5730 0 
5740 0 
5750 0 
5760 0 
5770 0 
5780 0 
5790 0 
5800 0 
5810 0 
5820 0 
5830 0 
5840 0 
5850 0 
5860 0 
5870 0 
5880 0 
5890 0 
5900 0 
5910 0 
5920 0 
5930 0 
5940 0 
5950 0 
5960 0 
5970 0 
5980 0 
5990 0 
6000 0 
6010 0 
6020 0 
6030 0 
6040 0 
6050 0 
6060 0 
6070 0 
6080 0 
6090 0 
6100 0 
6110 0 
6120 0 
6130 0 
6140 0 
6150 0 
6160 0 
6170 0 
6180 0 
6190 0 
6200 0 
6210 0 
6220 0 
6230 0 
6240 0 
6250 0 
6260 0 
6270 0 
6280 0 
6290 0 
6300 0 
6310 0 
6320 0 
6330 0 
6340 0 
6350 0 
6360 0 
6370 0 
6380 0 
6390 0 
6400 0 
6410 9995.21 
6420 9990.88 
6430 9986.96 
6440 9983.42 
6450 9980.22 
6460 9977.32 
6470 9974.7 
6480 9972.33 
6490 9970.19 
6500 9968.25 
6510 9966.5 
6520 9964.91 
6530 9963.48 
6540 9962.18 
6550 9961.01 
6560 9959.95 
6570 9958.99 
6580 9958.12 
6590 9957.34 
6600 9956.63 
6610 9955.99 
6620 9955.41 
6630 9954.88 
6640 9954.41 
6650 9953.98 
6660 9953.59 
6670 9953.24 
6680 9952.92 
6690 9952.64 
6700 9952.38 
6710 9952.14 
6720 9951.93 
6730 9951.74 
6740 9951.56 
6750 9951.41 
6760 9951.27 
6770 9951.14 
6780 9951.02 
6790 9950.92 
6800 9950.82 
6810 9950.73 
6820 9950.66 
6830 9950.59 
6840 9950.52 
6850 9950.47 
6860 9950.41 
6870 9950.37 
6880 9950.32 
6890 9950.29 
6900 9950.25 
6910 9950.22 
6920 9950.19 
6930 9950.16 
6940 9950.14 
6950 9950.12 
6960 9950.1 
6970 9950.08 
6980 9950.07 
6990 9950.05 
7000 9950.04 
7010 9950.03 
7020 9950.02 
7030 9950.01 
7040 9950 
7050 9949.99 
7060 9949.99 
7070 9949.98 
7080 9949.98 
7090 9949.97 
7100 9949.97 
7110 9949.96 
7120 9949.96 
7130 9949.95 
7140 9949.95 
7150 9949.95 
7160 9949.95 
7170 9949.94 
7180 9949.94 
7190 9949.94 
7200 9949.94 
7210 9949.94 
7220 9949.93 
7230 9949.93 
7240 9949.93 
7250 9949.93 
7260 9949.93 
7270 9949.93 
7280 9949.93 
7290 9949.93 
7300 9949.93 
7310 9949.93 
7320 9949.93 
7330 9949.93 
7340 9949.93 
7350 9949.92 
7360 9949.92 
7370 9949.92 
7380 9949.92 
7390 9949.92 
7400 9949.92 
7410 9949.92 
7420 9949.92 
7430 9949.92 
7440 9949.92 
7450 9949.92 
7460 9949.92 
7470 9949.92 
7480 9949.92 
7490 9949.92 
7500 9949.92 
7510 9949.92 
7520 9949.92 
7530 9949.92 
7540 9949.92 
7550 9949.92 
7560 9949.92 
7570 9949.92 
7580 9949.92 
7590 9949.92 
7600 9949.92 
7610 9949.92 
7620 9949.92 
7630 9949.92 
7640 9949.92 
7650 9949.92 
7660 9949.92 
7670 9949.92 
7680 9949.92 
7690 0 
7700 0 
7710 0 
7720 0 
7730 0 
7740 0 
7750 0 
7760 0 
7770 0 
7780 0 
7790 0 
7800 0 
7810 0 
7820 0 
7830 0 
7840 0 
7850 0 
7860 0 
7870 0 
7880 0 
7890 0 
7900 0 
7910 0 
7920 0 
7930 0 
7940 0 
7950 0 
7960 0 
7970 0 
7980 0 
7990 0 
8000 0 
8010 0 
8020 0 
8030 0 
8040 0 
8050 0 
8060 0 
8070 0 
8080 0 
8090 0 
8100 0 
8110 0 
8120 0 
8130 0 
8140 0 
8150 0 
8160 0 
8170 0 
8180 0 
8190 0 
8200 0 
8210 0 
8220 0 
8230 0 
8240 0 
8250 0 
8260 0 
8270 0 
8280 0 
8290 0 
8300 0 
8310 0 
8320 0 
8330 0 
8340 0 
8350 0 
8360 0 
8370 0 
8380 0 
8390 0 
8400 0 
8410 0 
8420 0 
8430 0 
8440 0 
8450 0 
8460 0 
8470 0 
8480 0 
8490 0 
8500 0 
8510 0 
8520 0 
8530 0 
8540 0 
8550 0 
8560 0 
8570 0 
8580 0 
8590 0 
8600 0 
8610 0 
8620 0 
8630 0 
8640 0 
8650 0 
8660 0 
8670 0 
8680 0 
8690 0 
8700 0 
8710 0 
8720 0 
8730 0 
8740 0 
8750 0 
8760 0 
8770 0 
8780 0 
8790 0 
8800 0 
8810 0 
8820 0 
8830 0 
8840 0 
8850 0 
8860 0 
8870 0 
8880 0 
8890 0 
8900 0 
8910 0 
8920 0 
8930 0 
8940 0 
8950 0 
8960 0 
8970 9995.21 
8980 9990.88 
8990 9986.96 
9000 9983.42 
9010 9980.22 
9020 9977.32 
9030 9974.7 
9040 9972.33 
9050 9970.19 
9060 9968.25 
9070 9966.5 
9080 9964.91 
9090 9963.48 
9100 9962.18 
9110 9961.01 
9120 9959.95 
9130 9958.99 
9140 9958.12 
9150 9957.34 
9160 9956.63 
9170 9955.99 
9180 9955.41 
9190 9954.88 
9200 9954.41 
9210 9953.98 
9220 9953.59 
9230 9953.24 
9240 9952.92 
9250 9952.64 
9260 9952.38 
9270 9952.14 
9280 9951.93 
9290 9951.74 
9300 9951.56 
9310 9951.41 
9320 9951.27 
9330 9951.14 
9340 9951.02 
9350 9950.92 
9360 9950.82 
9370 9950.73 
9380 9950.66 
9390 9950.59 
9400 9950.52 
9410 9950.47 
9420 9950.41 
9430 9950.37 
9440 9950.32 
9450 9950.29 
9460 9950.25 
9470 9950.22 
9480 9950.19 
9490 9950.16 
9500 9950.14 
9510 9950.12 
9520 9950.1 
9530 9950.08 
9540 9950.07 
9550 9950.05 
9560 9950.04 
9570 9950.03 
9580 9950.02 
9590 9950.01 
9600 9950 
9610 9949.99 
9620 9949.99 
9630 9949.98 
9640 9949.98 
9650 9949.97 
9660 9949.97 
9670 9949.96 
9680 9949.96 
9690 9949.95 
9700 9949.95 
9710 9949.95 
9720 9949.95 
9730 9949.94 
9740 9949.94 
9750 9949.94 
9760 9949.94 
9770 9949.94 
9780 9949.93 
9790 9949.93 
9800 9949.93 
9810 9949.93 
9820 9949.93 
9830 9949.93 
9840 9949.93 
9850 9949.93 
9860 9949.93 
9870 9949.93 
9880 9949.93 
9890 9949.93 
9900 9949.93 
9910 9949.92 
9920 9949.92 
9930 9949.92 
9940 9949.92 
9950 9949.92 
9960 9949.92 
9970 9949.92 
9980 9949.92 
9990 9949.92 
10000 9949.92 
10010 9949.92 
10020 9949.92 
10030 9949.92 
10040 9949.92 
10050 9949.92 
10060 9949.92 
10070 9949.92 
10080 9949.92 
10090 9949.92 
10100 9949.92 
10110 9949.92 
10120 9949.92 
10130 9949.92 
10140 9949.92 
10150 9949.92 
10160 9949.92 
10170 9949.92 
10180 9949.92 
10190 9949.92 
10200 9949.92 
10210 9949.92 
10220 9949.92 
10230 9949.92 
10240 9949.92 
10250 0 
10260 0 
10270 0 
10280 0 
10290 0 
10300 0 
10310 0 
10320 0 
10330 0 
10340 0 
10350 0 
10360 0 
10370 0 
10380 0 
10390 0 
10400 0 
10410 0 
10420 0 
10430 0 
10440 0 
10450 0 
10460 0 
10470 0 
10480 0 
10490 0 
10500 0 
10510 0 
10520 0 
10530 0 
10540 0 
10550 0 
10560 0 
10570 0 
10580 0 
10590 0 
10600 0 
10610 0 
10620 0 
10630 0 
10640 0 
10650 0 
10660 0 
10670 0 
10680 0 
10690 0 
10700 0 
10710 0 
10720 0 
10730 0 
10740 0 
10750 0 
10760 0 
10770 0 
10780 0 
10790 0 
10800 0 
