# Avida Average Data
# Mon Jan 16 12:08:46 2017
#  1: Update
#  2: Merit
#  3: Gestation Time
#  4: Fitness
#  5: Repro Rate?
#  6: (deprecated) Size
#  7: Copied Size
#  8: Executed Size
#  9: (deprecated) Abundance
# 10: Proportion of organisms that gave birth in this update
# 11: Proportion of Breed True Organisms
# 12: (deprecated) Genotype Depth
# 13: Generation
# 14: Neutral Metric
# 15: Lineage Label
# 16: True Replication Rate (based on births/update, time-averaged)

0 97 389 0 0 0 100 97 0 1 1 0 0 0 0 0 
100 97 389 0 0 0 100 97 0 0 0 0 0 0 0 0 
200 97 389 0 0 0 100 97 0 0 0 0 0 0 0 0 
300 97 389 0 0 0 100 97 0 0 0 0 0 0 0 0 
400 97 389 0.249357 0 0 100 97 0 0 0 0 1 -0.0566997 0 0 
500 97 389 0.249357 0 0 100 97 0 0 0 0 1 -0.0566997 0 0.291 
600 97 389 0.249357 0 0 100 97 0 0 0 0 1 -0.0566997 0 0.097 
700 97 389 0.249357 0 0 100 97 0 0 0 0 1 -0.0566997 0 0.097 
800 97 389 0.249357 0 0 100 97 0 0 0 0 2 0.792782 0 0.210167 
900 97 389 0.249357 0 0 100 97 0 0 0 0 2 0.792782 0 0.113167 
1000 97 389 0.249357 0 0 100 97 0 0 0 0 2 0.792782 0 0.113167 
1100 97 389 0.249357 0 0 100 97 0 0 0 0 2 0.792782 0 0.113167 
1200 97 388.714 0.249541 0 0 100 97 0 0 0 0 2.85714 1.38837 0 0.212014 
1300 97 388.75 0.249518 0 0 100 97 0 0 0 0 3 1.08148 0 0.123098 
1400 97 388.75 0.249518 0 0 100 97 0 0 0 0 3 1.08148 0 0.123098 
1500 97 388.75 0.249518 0 0 100 97 0 0 0 0 3 1.08148 0 0.123098 
1600 97.2857 389.857 0.249541 0 0 100.143 97.2857 0 0 0 0 3.85714 1.31707 0 0.226846 
1700 97.25 389.625 0.249598 0 0 100.125 97.25 0 0 0 0 4 0.768007 0 0.153124 
1800 97.25 389.625 0.249598 0 0 100.125 97.25 0 0 0 0 4 0.768007 0 0.128874 
1900 96.4 388.7 0.247994 0 0 100.15 96.4 0 0.05 0 0 4.4 1.28941 0 0.160504 
2000 96.8571 389.643 0.248566 0 0 100.321 96.8571 0 0 0 0 4.92857 1.25418 0 0.24925 
2100 97.1034 389.586 0.249241 0 0 100.31 97.1034 0 0 0 0 5 0.91123 0 0.158878 
2200 97.1034 389.586 0.249241 0 0 100.31 97.1034 0 0 0 0 5 0.91123 0 0.133753 
2300 97.2973 390.054 0.249436 0 0 100.459 97.2973 0 0 0 0 5.48649 1.51676 0 0.186627 
2400 97.383 390.319 0.249482 0 0 100.511 97.383 0 0 0 0 5.89362 0.993452 0 0.219225 
2500 97.383 390.362 0.249454 0 0 100.511 97.383 0 0 0 0 5.93617 0.901313 0 0.138767 
2600 97.383 390.362 0.249454 0 0 100.511 97.383 0 0 0 0 5.93617 0.901313 0 0.12539 
2700 97.7193 391.14 0.249818 0 0 100.684 97.7193 0 0 0 0 6.45614 1.49441 0 0.180746 
2800 97.8714 391.4 0.250041 0 0 100.857 97.8714 0 0 0 0 6.9 1.41093 0 0.188812 
2900 97.8714 391.414 0.250032 0 0 100.857 97.8714 0 0 0 0 6.92857 1.29843 0 0.130177 
3000 96.493 388.437 0.247784 0 0 100.127 96.493 0 0 0 0 6.95775 1.29194 0 0.124607 
3100 96.9545 390.307 0.247889 0 0 100.67 96.9545 0 0 0 0 7.60227 1.80158 0 0.193965 
3200 97.0408 390.082 0.248301 0 0 100.643 97.0408 0 0 0 0 7.87755 1.73434 0 0.18443 
3300 97.0505 390.101 0.248318 0 0 100.646 97.0505 0 0 0 0 7.91919 1.59356 0 0.131352 
3400 97.03 389.98 0.248348 0 0 100.62 97.03 0 0 0 0 7.94 1.56258 0 0.1277 
3500 97.4701 392.991 0.247663 0 0 100.94 97.4701 0 0 0 0 8.58974 1.96766 0 0.201544 
3600 97.2481 392.158 0.247661 0 0 100.865 97.2481 0 0 0 0 8.87218 1.59435 0 0.17392 
3700 97.2481 392.158 0.247661 0 0 100.865 97.2481 0 0 0 0 8.88722 1.50216 0 0.131023 
3800 97.2044 392.124 0.247587 0 0 100.92 97.2044 0 0.00729927 0.00729927 0 9.0438 1.6449 0 0.137644 
3900 97.9013 393.77 0.248384 0 0 101.711 97.9013 0 0 0 0 9.65789 1.9893 0 0.201896 
4000 97.5939 392.939 0.248137 0 0 101.588 97.5939 0 0 0 0 9.87273 1.57094 0 0.162424 
4100 97.5939 392.915 0.248153 0 0 101.588 97.5939 0 0 0 0 9.88485 1.57205 0 0.121873 
4200 97.6235 392.859 0.248271 0 0 101.6 97.6235 0 0 0 0 10.0529 1.69814 0 0.135323 
4300 97.3542 397.422 0.245792 0 0 102.245 98.3438 0 0 0 0 10.6042 1.75149 0 0.185845 
4400 97.1618 394.779 0.246317 0 0 102.172 97.6275 0 0.00490196 0 0 10.8431 1.50235 0 0.154792 
4500 97.2108 394.843 0.246405 0 0 102.176 97.6765 0 0 0 0 10.8578 1.47788 0 0.121512 
4600 97.3839 393.142 0.247333 0 0 101.725 97.3839 0 0.00947867 0.00473934 0 11.0711 1.44457 0 0.142879 
4700 98.075 395.312 0.247742 0 0 102.267 98.075 0 0 0 0 11.6042 1.62231 0 0.196487 
4800 97.6813 394.359 0.247287 0 0 101.96 97.6813 0 0 0 0 11.8127 1.34758 0 0.164056 
4900 97.5675 394.286 0.247037 0 0 101.976 97.5675 0 0 0 0 11.8333 1.33529 0 0.132796 
5000 97.5271 394.372 0.246894 0 0 102.062 97.5271 0 0 0 0 12.0698 1.41819 0 0.154286 
5100 97.5808 395.811 0.245963 0 0 102.433 97.5808 0 0 0 0 12.6564 1.68932 0 0.196533 
5200 97.6379 396.897 0.245875 0 0 102.734 97.9236 0 0 0 0 12.8106 1.59086 0 0.150411 
5300 97.7599 397.888 0.24575 0 0 102.931 98.0428 0 0.00328947 0 0 12.8553 1.48069 0 0.123653 
5400 97.9393 397.93 0.246037 0 0 103 98.2204 0 0 0 0 13.0767 1.70478 0 0.147086 
5500 98.5407 398.567 0.247173 0 0 103.337 98.8023 0 0 0 0 13.6192 1.49389 0 0.188127 
5600 98.2781 397.854 0.246945 0 0 103.256 98.5309 0 0 0 0 13.7584 1.43517 0 0.146339 
5700 98.3083 398.006 0.246983 0 0 103.247 98.5583 0 0 0 0 13.8028 1.39203 0 0.129074 
5800 97.6286 397.329 0.245425 0 0 103.005 97.8727 0 0 0 0 14.1167 1.49809 0 0.155186 
5900 98.4395 398.97 0.246616 0 0 103.373 98.6667 0 0 0 0 14.6346 1.53361 0 0.187393 
6000 98.2182 399.07 0.246103 0 0 103.288 98.6091 0 0 0 0 14.8082 1.40687 0 0.143485 
6100 97.8104 398.273 0.245502 0 0 103.128 98.1967 0 0.00236967 0 0 14.8815 1.2314 0 0.128878 
6200 97.702 398.494 0.244949 0 0 103.203 97.9955 0 0.00225734 0.00225734 0 15.2641 1.45316 0 0.162104 
6300 98.2966 401.985 0.24467 0 0 103.858 98.75 0 0 0 0 15.6843 1.45736 0 0.188077 
6400 98.0998 400.046 0.245104 0 0 103.686 98.3659 0 0 0 0 15.7983 1.348 0 0.145416 
6500 97.8446 399.27 0.244838 0 0 103.517 98.1063 0 0 0 0 15.8712 1.25323 0 0.133472 
6600 98.3497 400.582 0.245352 0 0 103.927 98.611 0 0.00589391 0.00392927 0 16.2436 1.45121 0 0.165517 
6700 98.1182 400.278 0.244843 0 0 103.837 98.3677 0 0.00187617 0 0 16.6398 1.35119 0 0.178671 
6800 98.2791 400.945 0.244966 0 0 103.946 98.5896 0 0 0 0 16.756 1.22058 0 0.138333 
6900 98.2985 401.007 0.244982 0 0 103.982 98.6081 0 0.0018315 0 0 16.8388 1.28036 0 0.131241 
7000 98.7317 402.268 0.24525 0 0 104.274 99.0401 0 0 0 0 17.2526 1.26367 0 0.166459 
7100 98.7993 401.849 0.245423 0 0 104.32 98.9469 0 0.00331675 0 0 17.6219 1.20884 0 0.175213 
7200 98.5586 401.208 0.24522 0 0 104.212 98.702 0 0 0 0 17.7345 1.11848 0 0.138781 
7300 98.4348 401.721 0.244674 0 0 104.287 98.6377 0 0 0 0 17.8293 1.17493 0 0.13367 
7400 98.762 403.036 0.244676 0 0 104.536 98.9583 0 0.0015456 0 0 18.2226 1.22576 0 0.168977 
7500 99.0787 403.595 0.245055 0 0 104.692 99.2114 0 0.00145773 0.00145773 0 18.6152 1.20547 0 0.173501 
7600 98.9415 402.857 0.245181 0 0 104.628 99.0699 0 0 0 0 18.7233 1.08318 0 0.140575 
7700 98.8249 402.712 0.244937 0 0 104.662 98.9534 0 0 0 0 18.8602 1.08874 0 0.13892 
7800 99.4291 403.536 0.245948 0 0 105 99.5115 0 0.00269906 0.00134953 0 19.251 1.14644 0 0.169497 
7900 99.4606 403.552 0.245962 0 0 104.997 99.4916 0 0.00129032 0.00129032 0 19.6116 1.00584 0 0.172343 
8000 99.4253 403.329 0.246047 0 0 105.028 99.4557 0 0 0 0 19.7266 0.882731 0 0.139132 
8100 99.4393 404.318 0.245787 0 0 105.183 99.7121 0 0.00125156 0 0 19.8773 0.911411 0 0.139889 
8200 99.6339 405.709 0.245694 0 0 105.466 100.109 0 0.00120048 0 0 20.2797 0.968604 0 0.168822 
8300 99.7988 404.769 0.246324 0 0 105.446 99.9399 0 0.00462428 0 0 20.6324 0.88618 0 0.171414 
8400 99.3205 404.027 0.245626 0 0 105.259 99.5663 0 0 0 0 20.7746 0.750446 0 0.144657 
8500 125.868 403.634 0.326874 0 0 105.078 99.2352 0 0.00223964 0.00111982 0 20.8936 0.787835 0 0.14242 
8600 99.5108 404.863 0.245717 0 0 105.582 99.8481 0 0.00323276 0 0 21.2769 0.812975 0 0.170741 
8700 99.8483 406.128 0.245857 0 0 105.826 100.172 0 0.00209205 0 0 21.6109 0.879899 0 0.170374 
8800 99.8839 405.909 0.246094 0 0 105.962 100.193 0 0.00203666 0.00203666 0 21.7597 0.804698 0 0.147199 
8900 99.9144 405.886 0.246196 0 0 105.959 100.229 0 0.00100705 0 0 21.8963 0.870128 0 0.14199 
9000 100.438 407.384 0.246708 0 0 106.283 100.837 0 0.000976562 0 0 22.2588 0.919832 0 0.172515 
9100 100.565 407.46 0.246981 0 0 106.375 100.955 0 0.00191939 0 0 22.5787 0.98145 0 0.16635 
9200 100.54 408.166 0.246686 0 0 106.476 101.08 0 0.00186567 0.00186567 0 22.7621 0.894399 0 0.148899 
9300 100.348 407.251 0.246685 0 0 106.324 100.796 0 0.00183486 0.00183486 0 22.9018 0.951576 0 0.143389 
9400 381.187 408.033 0.850624 0 0 106.526 101.127 0 0.00178094 0.000890472 0 23.309 1.0882 0 0.179495 
9500 1645.44 407.405 3.56884 0 0 106.407 100.887 0 0.00265957 0.00177305 0 23.8715 1.08538 0 0.413883 
9600 2677.2 409.131 5.72318 0 0 106.813 101.353 0 0 0 0 24.4384 1.08297 0 0.925553 
9700 3404.83 408.603 7.39246 0 0 106.821 101.296 0 0.00174064 0 0 25.1192 1.10583 0 1.75492 
9800 4466.06 410.018 9.69367 0 0 107.228 101.738 0 0.000854701 0 0 25.8607 1.09879 0 2.9876 
9900 5442.47 410.74 11.8137 0 0 107.465 101.968 0 0.000841751 0 0 26.548 1.13668 0 4.13923 
10000 6721.1 411.255 14.6894 0 0 107.633 102.065 0 0.000823723 0 0 27.3855 1.11594 0 5.46354 
10100 7459.32 411.745 16.3639 0 0 107.709 102.079 0 0.00242326 0.000807754 0 28.0743 1.19693 0 6.87099 
10200 8778.05 413.903 19.1461 0 0 108.27 102.736 0 0 0 0 29.1211 1.24879 0 8.61953 
10300 9992.71 414.487 21.883 0 0 108.413 102.826 0 0.0038432 0.00153728 0 29.9047 1.3075 0 9.8236 
10400 11523.9 416.106 25.1881 0 0 108.767 103.121 0 0.00149925 0.000749625 0 30.8531 1.31885 0 11.4098 
10500 12865.5 419.056 28.0915 0 0 109.124 103.465 0 0 0 0 31.8939 1.37552 0 13.6352 
10600 13829.2 419.904 30.2116 0 0 109.541 103.98 0 0.00216294 0 0 32.6013 1.34076 0 14.721 
10700 14289 420.695 31.3218 0 0 109.895 104.149 0 0.00212917 0.00141945 0 33.3357 1.41022 0 16.0695 
10800 15262 421.12 33.4946 0 0 110.184 104.62 0 0.000697837 0.000697837 0 34.2296 1.35928 0 17.4972 
10900 16483.2 421.921 36.2021 0 0 110.415 104.862 0 0.000690131 0 0 35.0628 1.30233 0 18.6014 
11000 17597.2 423.763 38.4131 0 0 111.151 105.595 0 0.000669344 0 0 36.2497 1.36777 0 21.4048 
11100 18719.6 424.452 40.9675 0 0 111.379 105.781 0 0.00131666 0 0 37.0671 1.29581 0 22.6874 
11200 19771.5 425.339 43.2823 0 0 111.657 106.177 0 0.00196464 0 0 37.8343 1.21271 0 23.0271 
11300 21112.3 428.418 45.9158 0 0 112.339 106.961 0 0.00127146 0 0 38.8582 1.23705 0 27.1663 
11400 21840.6 428.268 47.801 0 0 112.418 106.885 0 0.00125313 0.000626566 0 39.5996 1.1545 0 28.2404 
11500 22643 429.499 49.4714 0 0 112.848 107.22 0 0 0 0 40.204 1.08603 0 26.1005 
11600 23230.6 427.272 51.3521 0 0 112.329 106.706 0 0.00301932 0.000603865 0 41.2862 1.03842 0 30.9424 
11700 23700.2 427.751 52.4343 0 0 112.579 106.895 0 0.00179641 0.000598802 0 41.7299 0.980139 0 31.7233 
11800 24434.7 427.738 54.181 0 0 112.606 106.954 0 0.00235294 0 0 42.6347 1.00196 0 31.3201 
11900 24952.7 427.595 55.4113 0 0 112.65 106.887 0 0.00175131 0 0 43.2002 0.921195 0 31.5026 
12000 25702.5 428.371 57.0875 0 0 112.967 107.23 0 0.00171429 0 0 44.1137 0.840037 0 36.598 
12100 26208.3 428.171 58.3205 0 0 112.943 107.155 0 0.00282646 0.000565291 0 44.706 0.728544 0 32.8881 
12200 26907.7 428.283 59.9511 0 0 112.975 107.206 0 0 0 0 45.4663 0.766758 0 36.0599 
12300 27188.8 427.474 60.7314 0 0 112.87 107.154 0 0.00333333 0.000555556 0 45.895 0.672612 0 34.2242 
12400 27689.1 429.062 61.7722 0 0 113.265 107.569 0 0.0037961 0 0 46.763 0.625939 0 39.6465 
12500 28074.2 428.992 62.721 0 0 113.283 107.547 0 0.000536769 0 0 47.3446 0.578235 0 36.7076 
12600 28518.8 428.63 63.8671 0 0 113.25 107.376 0 0.00211752 0.00105876 0 48.0138 0.537285 0 39.9396 
12700 28823.8 429.009 64.5764 0 0 113.355 107.498 0 0.000525762 0.000525762 0 48.4884 0.521326 0 37.0089 
12800 29386.8 429.032 65.9349 0 0 113.327 107.376 0 0.00309917 0.00103306 0 49.2474 0.40783 0 41.2443 
12900 29863.1 429.892 66.9384 0 0 113.55 107.618 0 0.000509424 0 0 49.8599 0.531374 0 39.9618 
13000 30061.9 430.119 67.4037 0 0 113.631 107.73 0 0.00101215 0.00101215 0 50.2115 0.488846 0 40.6792 
13100 30499.7 429.976 68.4615 0 0 113.753 107.727 0 0 0 0 50.9371 0.502315 0 42.0852 
13200 30882.8 429.841 69.3799 0 0 113.702 107.693 0 0.000493827 0 0 51.4262 0.445488 0 43.3876 
13300 31687 429.928 71.3104 0 0 113.811 107.826 0 0.000483092 0.000483092 0 52.3362 0.497679 0 44.5037 
13400 32278.2 430.258 72.6797 0 0 113.914 107.957 0 0.000960615 0 0 52.7464 0.513792 0 42.7969 
13500 32787.4 430.97 73.8292 0 0 114.015 108.209 0 0.00284091 0.000473485 0 53.295 0.465925 0 44.3374 
13600 33463.4 431.629 75.3015 0 0 114.237 108.457 0 0.000467946 0 0 53.9523 0.402114 0 44.802 
13700 33560 430.73 75.7433 0 0 114.03 108.175 0 0.00231054 0.000462107 0 54.335 0.390346 0 45.7513 
13800 33902 431.276 76.4834 0 0 114.241 108.444 0 0.00316885 0 0 55.0869 0.396212 0 46.2677 
13900 34375.6 431.217 77.6258 0 0 114.248 108.439 0 0.00044843 0.00044843 0 55.6283 0.386102 0 49.3543 
14000 34696.1 431.272 78.3812 0 0 114.202 108.45 0 0.00133333 0 0 56.084 0.332513 0 48.7854 
14100 35476.3 431.505 80.17 0 0 114.238 108.484 0 0.000877193 0.000438596 0 56.9083 0.345082 0 49.8388 
14200 35703.6 431.189 80.731 0 0 114.209 108.269 0 0.00218245 0.00130947 0 57.2872 0.256956 0 49.601 
14300 36268.2 431.516 82.0139 0 0 114.249 108.396 0 0.00214408 0 0 57.8864 0.130043 0 48.4272 
14400 36897.8 432.275 83.3957 0 0 114.357 108.723 0 0.0012728 0.000424268 0 58.58 0.0948471 0 51.0549 
14500 37059.7 432.751 83.6613 0 0 114.545 108.961 0 0.00251889 0.000839631 0 58.9895 0.0964737 0 51.4645 
14600 37649 433.46 84.9033 0 0 114.75 109.247 0 0.00331538 0.00124327 0 59.5537 0.0353632 0 51.0489 
14700 38140.7 433.889 85.909 0 0 114.811 109.301 0 0 0 0 60.0801 0.1009 0 54.7314 
14800 38407.2 433.834 86.6306 0 0 114.84 109.296 0 0.00122399 0.000815993 0 60.5398 0.13392 0 52.6699 
14900 38946 434.532 87.6359 0 0 114.988 109.531 0 0.00160966 0.000402414 0 61.1074 0.0661048 0 52.3169 
15000 39435 434.809 88.7956 0 0 115.043 109.598 0 0.000795545 0.000795545 0 61.7518 0.121539 0 56.2756 
15100 39579.6 434.707 89.2054 0 0 115.068 109.634 0 0.00118483 0 0 62.1457 0.0690609 0 54.8545 
15200 39979.4 434.54 90.1941 0 0 115.019 109.544 0 0.00311648 0.00077912 0 62.7573 0.0306281 0 55.5627 
15300 40420.7 435.278 91.0377 0 0 115.172 109.718 0 0.00154679 0.000386698 0 63.3844 -0.0649128 0 59.3457 
15400 40671.9 435.406 91.7102 0 0 115.159 109.722 0 0.000768049 0.000384025 0 63.8737 -0.0783273 0 56.0138 
15500 41090 435.642 92.6659 0 0 115.173 109.732 0 0.00151172 0.000377929 0 64.4252 -0.00781898 0 56.0696 
15600 41729 435.373 94.1502 0 0 115.337 109.784 0 0.00149981 0.000749906 0 65.0217 -0.00113021 0 59.4867 
15700 42064.9 436.448 94.8126 0 0 115.529 110.075 0 0.00222883 0.00111441 0 65.471 0.021078 0 58.3744 
15800 42233.3 436.438 95.257 0 0 115.643 110.073 0 0.00183284 0.000366569 0 65.9135 0.0487418 0 58.6938 
15900 42643.4 436.273 96.2267 0 0 115.564 109.885 0 0.00108814 0 0 66.506 0.0699834 0 61.9792 
16000 42824.8 435.884 96.7668 0 0 115.52 109.729 0 0.000719683 0.000359842 0 66.9637 0.119308 0 60.577 
16100 43167.7 435.419 97.733 0 0 115.438 109.646 0 0.00106686 0.000355619 0 67.4513 0.0574224 0 58.4499 
16200 43756.4 435.854 98.9644 0 0 115.637 109.83 0 0.00245528 0.000701508 0 68.0607 0.191533 0 61.3436 
16300 43986.9 436.462 99.4165 0 0 115.845 109.969 0 0.00138985 0.00104239 0 68.4757 0.243829 0 61.6589 
16400 44083.3 435.73 99.8501 0 0 115.685 109.8 0 0.00137883 0.000689417 0 68.949 0.269498 0 61.0985 
16500 44474.4 435.583 100.875 0 0 115.738 109.998 0 0.000684697 0 0 69.4765 0.234263 0 61.9631 
16600 45089.3 436.581 102.019 0 0 115.898 110.171 0 0.00203459 0.00101729 0 70.076 0.221703 0 64.0841 
16700 45441.4 436.93 102.77 0 0 115.943 110.332 0 0.00101351 0 0 70.4696 0.230633 0 62.2203 
16800 45580.8 436.535 103.064 0 0 115.747 110.026 0 0.00100671 0 0 70.9309 0.290395 0 62.4325 
16900 46115.8 436.833 104.276 0 0 115.852 110.241 0 0.00165782 0.000994695 0 71.4101 0.234818 0 64.0729 
17000 46543.6 436.948 105.354 0 0 116.031 110.326 0 0.00197498 0.000658328 0 71.8776 0.256108 0 65.8512 
17100 46875.5 436.687 106.171 0 0 116.021 110.302 0 0.00228683 0.000326691 0 72.3332 0.154989 0 66.7471 
17200 46976.6 436.029 106.557 0 0 115.93 110.175 0 0.00194742 0.00032457 0 72.7403 0.150359 0 66.7875 
17300 47239.6 435.651 107.356 0 0 115.97 110.066 0 0.00225515 0.00064433 0 73.453 0.168873 0 68.1717 
17400 47402.9 435.713 107.741 0 0 116.023 110.092 0 0.00128411 0.000642055 0 73.8472 0.242019 0 67.0723 
17500 47846.6 435.878 108.794 0 0 116.06 110.19 0 0.00191144 0.000318573 0 74.3323 0.196512 0 65.9263 
17600 48360.5 436.048 109.973 0 0 116.106 110.231 0 0.000631912 0.000315956 0 74.939 0.216366 0 66.6517 
17700 48513.2 435.693 110.367 0 0 116.029 109.977 0 0.000313972 0 0 75.3761 0.275056 0 69.6018 
17800 72124.6 436.285 152.361 0 0 115.953 110.019 0 0.000311624 0 0 75.9277 0.184465 0 71.4723 
17900 121594 437.692 239.423 0 0 115.892 109.909 0 0.000931677 0.000310559 0 76.4854 0.175664 0 82.9591 
18000 165762 438.9 317.926 0 0 115.861 109.919 0 0.000619771 0 0 77.0273 0.0397975 0 104.333 
18100 206935 440.48 390.886 0 0 115.876 109.944 0 0.00185816 0.000309693 0 77.6807 0.0531621 0 129.64 
18200 254061 442.035 473.869 0 0 115.868 109.912 0 0.00123495 0.000308737 0 78.4381 0.0811197 0 171.406 
18300 294625 443.702 544.031 0 0 115.977 110.021 0 0.00123533 0.000926498 0 79.0056 0.117934 0 215.941 
18400 327897 445.135 602.331 0 0 116.04 110.127 0 0.00154273 0.00092564 0 79.5992 0.0792027 0 262.533 
18500 374292 447.096 681.306 0 0 116.211 110.292 0 0 0 0 80.3568 0.0749056 0 309.484 
18600 421646 449.074 762.624 0 0 116.267 110.348 0 0.000925069 0 0 81.1989 0.0826345 0 368.428 
18700 454330 450.521 819.38 0 0 116.321 110.31 0 0.000307977 0 0 81.9147 0.0204179 0 402.624 
18800 489572 451.619 880.404 0 0 116.355 110.323 0 0.00246002 0.000615006 0 82.7134 -0.00607142 0 456.423 
18900 536728 453.103 962.577 0 0 116.342 110.316 0 0.00153657 0.000307314 0 83.595 -0.00931214 0 509.192 
19000 569887 454.306 1021.03 0 0 116.289 110.302 0 0.00153752 0.000615006 0 84.2792 -0.0361671 0 553.314 
19100 594460 455.426 1061.68 0 0 116.379 110.364 0 0.00123077 0.000615385 0 84.8908 -0.0510694 0 583.55 
19200 638120 456.968 1121.63 0 0 116.517 110.545 0 0.000614817 0 0 85.5487 -0.0577865 0 628.619 
19300 673292 458.363 1177.24 0 0 116.643 110.639 0 0.000614251 0.000614251 0 86.2635 -0.0850328 0 665.105 
19400 695197 459.116 1219.37 0 0 116.615 110.671 0 0.00092081 0 0 86.8146 -0.097362 0 697.791 
19500 721063 459.937 1269.12 0 0 116.659 110.688 0 0.00153327 0.000613309 0 87.5008 -0.103153 0 733.244 
19600 811134 464.277 1337.42 0 0 117.206 111.336 0 0.00122662 0.000306654 0 88.2699 -0.136216 0 770.178 
19700 925216 469.117 1405.06 0 0 117.881 112.164 0 0.00153327 0 0 88.8424 -0.183259 0 788.478 
19800 1.016e+06 472.472 1449.97 0 0 118.562 112.693 0 0 0 0 89.2883 -0.17814 0 823.73 
19900 1.14437e+06 477.174 1502.47 0 0 119.19 113.477 0 0.000919681 0.000613121 0 89.7762 -0.180561 0 857.911 
20000 1.17656e+06 478.34 1531.17 0 0 119.33 113.586 0 0 0 0 90.1757 -0.195418 0 856.265 
20100 1.22529e+06 480.273 1586.06 0 0 119.699 113.856 0 0.00122587 0 0 90.836 -0.232373 0 905.775 
20200 1.17597e+06 478.175 1590.61 0 0 119.162 113.259 0 0.000919681 0.00030656 0 91.2272 -0.208215 0 913.98 
20300 1.21957e+06 479.82 1636.02 0 0 119.524 113.48 0 0.000613685 0 0 91.707 -0.27718 0 939.498 
20400 1.19599e+06 478.841 1652.47 0 0 119.342 113.212 0 0.00030656 0 0 92.1459 -0.208896 0 928.583 
20500 1.19199e+06 478.521 1677.23 0 0 119.269 113.056 0 0.000612745 0 0 92.5787 -0.21236 0 984.543 
20600 1.1882e+06 478.097 1703.08 0 0 119.077 112.819 0 0.00275651 0.000918836 0 93.1127 -0.22862 0 968.694 
20700 1.18216e+06 477.613 1724.19 0 0 118.871 112.674 0 0.000306279 0 0 93.5066 -0.255133 0 1011.4 
20800 1.11624e+06 474.359 1729.84 0 0 118.169 111.892 0 0 0 0 93.977 -0.236416 0 1022.83 
20900 1.07145e+06 472.004 1738.99 0 0 117.574 111.319 0 0.0015328 0.00030656 0 94.3746 -0.222823 0 1053.29 
21000 1.12444e+06 475.381 1796.31 0 0 117.835 111.667 0 0.000917712 0.000611808 0 95.1459 -0.303561 0 1052.23 
21100 1.15477e+06 477.826 1810.02 0 0 118.047 111.921 0 0.00122362 0 0 95.6106 -0.285705 0 1068.22 
21200 1.15423e+06 477.006 1843.19 0 0 117.865 111.701 0 0.000611808 0.000305904 0 96.1878 -0.293046 0 1086.29 
21300 1.18729e+06 478.579 1899.65 0 0 118.013 111.997 0 0.00122436 0.000306091 0 96.8304 -0.213062 0 1104.3 
21400 1.2081e+06 479.455 1925.91 0 0 118.085 112.018 0 0.000917712 0 0 97.305 -0.314885 0 1115.5 
21500 1.24567e+06 481.407 1974.43 0 0 118.321 112.281 0 0.000305717 0.000305717 0 98.0095 -0.193274 0 1153.89 
21600 1.23904e+06 481.523 2002.46 0 0 118.304 112.175 0 0 0 0 98.502 -0.285476 0 1183.9 
21700 1.26101e+06 482.044 2049.37 0 0 118.296 112.335 0 0.00122249 0.000305623 0 99.1167 -0.140169 0 1204.86 
21800 1.25408e+06 481.887 2075.65 0 0 118.153 112.182 0 0.00122362 0.000305904 0 99.6158 -0.185517 0 1204.47 
21900 1.27028e+06 482.496 2118.35 0 0 118.166 112.163 0 0 0 0 100.356 -0.0442512 0 1253.84 
22000 1.29326e+06 483.506 2153.06 0 0 118.268 112.236 0 0.00152718 0.000305437 0 100.98 -0.141251 0 1243.71 
22100 1.32629e+06 484.729 2210.42 0 0 118.407 112.344 0 0.00122063 0.000305157 0 101.855 -0.0456094 0 1305.03 
22200 1.34253e+06 485.135 2238.45 0 0 118.454 112.354 0 0.00122063 0.000305157 0 102.297 -0.165201 0 1307.03 
22300 1.34093e+06 484.232 2273.9 0 0 118.227 112.017 0 0.000305157 0 0 103.04 -0.110217 0 1384.4 
22400 1.37156e+06 485.851 2297.53 0 0 118.388 112.273 0 0.000610128 0.000305064 0 103.428 -0.180508 0 1355.59 
22500 1.38635e+06 486.1 2338.25 0 0 118.224 112.1 0 0.000610128 0.000305064 0 104.245 -0.0313937 0 1429.09 
22600 1.40393e+06 486.813 2370.38 0 0 118.239 112.106 0 0.000610501 0.00030525 0 104.73 -0.0233714 0 1368.45 
22700 1.40367e+06 486.315 2388.57 0 0 118.091 111.891 0 0.00182871 0.000304785 0 105.311 0.0039026 0 1439.93 
22800 1.46835e+06 488.415 2447.83 0 0 118.253 112.132 0 0.00182983 0.000304971 0 106.135 0.00921163 0 1427.29 
22900 1.48165e+06 488.366 2473.69 0 0 118.136 112.046 0 0.000304692 0 0 106.639 -0.03675 0 1467.96 
23000 1.52983e+06 491.526 2530.17 0 0 118.462 112.29 0 0.000609756 0 0 107.482 0.033533 0 1509.87 
23100 1.53519e+06 491.89 2541.68 0 0 118.41 112.291 0 0 0 0 107.882 0.0412218 0 1532.73 
23200 1.50039e+06 489.733 2561.86 0 0 118.067 111.813 0 0.000610501 0 0 108.499 0.134564 0 1570.67 
23300 1.51794e+06 490.093 2598.05 0 0 118.121 111.833 0 0.001221 0.00030525 0 109.122 0.168969 0 1560.15 
23400 1.49786e+06 488.375 2618.9 0 0 117.741 111.445 0 0.00244051 0.00122026 0 109.752 0.149835 0 1602.24 
23500 1.51097e+06 489.007 2643.71 0 0 117.752 111.409 0 0.000914634 0.000304878 0 110.309 0.15681 0 1602.27 
23600 1.52131e+06 489.234 2658.85 0 0 117.774 111.399 0 0.00274641 0.000915471 0 110.865 0.251703 0 1648.59 
23700 1.55548e+06 490.395 2727.83 0 0 117.818 111.464 0 0.000914077 0.000609385 0 111.749 0.270866 0 1665.17 
23800 1.56975e+06 491.162 2754.08 0 0 117.821 111.483 0 0 0 0 112.305 0.268973 0 1684.78 
23900 1.58556e+06 491.505 2788.38 0 0 117.741 111.294 0 0.00152114 0.000608458 0 113.103 0.270198 0 1732.49 
24000 1.61015e+06 492.405 2827.49 0 0 117.825 111.363 0 0.0012184 0.000609199 0 113.728 0.279836 0 1726.55 
24100 1.62415e+06 492.671 2853.61 0 0 117.809 111.36 0 0.00121766 0.000608828 0 114.233 0.259044 0 1743.27 
24200 1.66068e+06 493.955 2916.26 0 0 117.932 111.512 0 0.00121655 0.000608273 0 115.078 0.208256 0 1779.53 
24300 1.67233e+06 494.781 2933.61 0 0 117.912 111.43 0 0.000304414 0 0 115.726 0.199994 0 1803.87 
24400 1.67701e+06 494.805 2942.17 0 0 117.916 111.47 0 0.00213025 0.00121729 0 116.102 0.187876 0 1790.85 
24500 1.70394e+06 495.941 2982.45 0 0 118.061 111.538 0 0.00212766 0.000303951 0 116.825 0.146088 0 1870.07 
24600 1.71522e+06 496.096 3008.92 0 0 118.04 111.544 0 0.000911854 0.000303951 0 117.375 0.169337 0 1858.19 
24700 1.74696e+06 497.95 3048.17 0 0 118.232 111.747 0 0.00272893 0.000303214 0 118.019 0.148404 0 1880.95 
24800 1.78097e+06 499.269 3107.34 0 0 118.38 111.943 0 0.00151561 0 0 118.905 0.186268 0 1954.88 
24900 1.78538e+06 499.092 3123.65 0 0 118.289 111.738 0 0.000606244 0.000303122 0 119.587 0.197677 0 1954.67 
25000 1.79586e+06 499.922 3141.84 0 0 118.295 111.709 0 0.00090854 0.000605694 0 120.158 0.175668 0 1940.72 
25100 1.83583e+06 501.952 3205.15 0 0 118.424 111.949 0 0.00151378 0 0 121.217 0.191258 0 2046.85 
25200 1.85257e+06 502.536 3237.16 0 0 118.362 111.867 0 0.00121065 0 0 121.922 0.236394 0 1994.01 
25300 1.885e+06 504.001 3281.78 0 0 118.577 112.117 0 0.0015124 0.000604961 0 122.466 0.188821 0 2022.24 
25400 1.90876e+06 505.033 3328.38 0 0 118.598 112.186 0 0.000605144 0.000302572 0 123.341 0.186511 0 2106.38 
25500 1.92588e+06 505.692 3356.99 0 0 118.621 112.208 0 0.00151286 0.000605144 0 123.929 0.224603 0 2075.12 
25600 1.95603e+06 506.915 3398.39 0 0 118.825 112.417 0 0.00150875 0.00030175 0 124.584 0.227647 0 2109.55 
25700 1.97318e+06 507.332 3433.24 0 0 118.831 112.358 0 0.0006035 0.00030175 0 125.389 0.227689 0 2174.17 
25800 1.9932e+06 508.107 3466.84 0 0 118.902 112.408 0 0.00120736 0.000603682 0 126.058 0.242778 0 2152.28 
25900 2.01182e+06 509.259 3499.24 0 0 118.965 112.457 0 0.00150466 0.000601866 0 126.715 0.278932 0 2173.06 
26000 2.04542e+06 511.142 3542.52 0 0 119.159 112.732 0 0.000901172 0.000300391 0 127.459 0.200986 0 2260.48 
26100 2.05035e+06 511.268 3560.12 0 0 119.137 112.657 0 0.00120265 0.000300661 0 128.089 0.266506 0 2231.96 
26200 2.07766e+06 512.116 3604.9 0 0 119.161 112.584 0 0.00120012 0.00060006 0 129.045 0.248785 0 2234.76 
26300 2.08965e+06 512.51 3629.94 0 0 119.174 112.639 0 0.00119832 0.000299581 0 129.658 0.189669 0 2305.62 
26400 2.12175e+06 514.097 3675.74 0 0 119.27 112.757 0 0.000897129 0 0 130.539 0.153508 0 2292.32 
26500 2.15554e+06 515.648 3723.61 0 0 119.397 112.833 0 0.00089579 0 0 131.486 0.233664 0 2252.97 
26600 2.18836e+06 517.595 3755.53 0 0 119.574 113.067 0 0.000595948 0.000297974 0 132.083 0.164228 0 2311.7 
26700 2.21309e+06 518.338 3804.07 0 0 119.678 113.043 0 0.00267937 0.00208395 0 132.973 0.113981 0 2337.7 
26800 2.23799e+06 519.535 3839.59 0 0 119.809 113.195 0 0 0 0 133.662 0.147798 0 2341.05 
26900 2.25868e+06 520.584 3869.82 0 0 119.838 113.31 0 0.0023753 0.00118765 0 134.291 0.24176 0 2310.1 
27000 2.30302e+06 522.851 3914.59 0 0 120.063 113.553 0 0.000295946 0 0 135.08 0.185584 0 2415.82 
27100 2.32601e+06 523.935 3958.63 0 0 120.138 113.541 0 0.00118099 0.000295247 0 136.052 0.187468 0 2433.5 
27200 2.3873e+06 526.205 4009.26 0 0 120.575 113.964 0 0.00118099 0.000590493 0 136.895 0.196469 0 2445.49 
27300 2.44676e+06 529.633 4057.16 0 0 121.145 114.595 0 0.00205761 0.000587889 0 137.533 0.233994 0 2438.53 
27400 2.47336e+06 530.743 4100.89 0 0 121.26 114.824 0 0.000879507 0.000879507 0 138.136 0.296348 0 2515.77 
27500 2.48792e+06 532.218 4143.33 0 0 121.41 114.88 0 0.00116993 0.000292483 0 139.214 0.260519 0 2559.17 
27600 2.52693e+06 533.608 4168.75 0 0 121.458 114.99 0 0.001459 0.0002918 0 140.021 0.207136 0 2532.48 
27700 2.58315e+06 536.42 4204.94 0 0 121.947 115.52 0 0.00116043 0.000290107 0 140.569 0.225421 0 2579.6 
27800 2.60338e+06 537.49 4231.94 0 0 122.037 115.734 0 0.00174064 0.000580215 0 140.943 0.235894 0 2607.59 
27900 2.61356e+06 538.49 4273.76 0 0 122.057 115.761 0 0.0014455 0.000578202 0 141.88 0.247228 0 2700.07 
28000 2.68426e+06 541.557 4326.6 0 0 122.563 116.245 0 0.000287936 0 0 142.649 0.169736 0 2674.78 
28100 2.74569e+06 544.723 4357.33 0 0 123.069 116.825 0 0.00172018 0.000573394 0 143.161 0.264689 0 2697.45 
28200 2.74323e+06 544.415 4365.02 0 0 122.966 116.691 0 0.00143266 0.000859599 0 143.518 0.313898 0 2676.96 
28300 2.80378e+06 546.348 4410.87 0 0 123.183 116.837 0 0.000570776 0 0 144.378 0.249188 0 2790.69 
28400 2.83618e+06 548.027 4462.96 0 0 123.373 116.966 0 0.000855188 0.000285063 0 145.461 0.126455 0 2796.54 
28500 2.81e+06 546.378 4466.99 0 0 123.072 116.551 0 0.00170697 0.00056899 0 145.998 0.131066 0 2744.06 
28600 2.95716e+06 550.347 4533.69 0 0 123.775 117.314 0 0.000850581 0 0 146.732 0.132267 0 2838.46 
28700 3.06095e+06 552.861 4576.05 0 0 124.294 117.75 0 0.0011325 0 0 147.218 0.18549 0 2890.4 
28800 3.08706e+06 552.411 4623.07 0 0 124.248 117.428 0 0.000565611 0.000282805 0 148.21 0.183892 0 2906.39 
28900 3.05031e+06 552.136 4646.9 0 0 124.032 117.135 0 0.0011325 0.000283126 0 149.046 0.173242 0 2902.28 
29000 3.00876e+06 552.155 4663.59 0 0 123.984 117.084 0 0.000564175 0.000282087 0 149.746 0.15419 0 2973.15 
29100 3.31426e+06 557.73 4742.44 0 0 125.022 118.1 0 0.000562746 0.000281373 0 150.255 0.1937 0 2948.96 
29200 3.4018e+06 560.117 4777.47 0 0 125.347 118.407 0 0.00224782 0.000280978 0 150.758 0.233517 0 2860.49 
29300 3.66734e+06 566.401 4866.55 0 0 126.486 119.475 0 0.00112391 0.000561956 0 151.49 0.129053 0 2935.11 
29400 3.71417e+06 569.368 4902.9 0 0 126.986 119.946 0 0.00056164 0 0 152.108 0.0806922 0 3014.27 
29500 4.04742e+06 576.042 4998.04 0 0 128.257 121.147 0 0.000560538 0 0 152.831 0.0314015 0 3051.07 
29600 3.98649e+06 575.598 5000.58 0 0 128.134 121.038 0 0.000560067 0.000280034 0 153.16 0.00253665 0 3039.6 
29700 4.16071e+06 580.847 5065.54 0 0 129.033 121.969 0 0.000559441 0.00027972 0 153.625 0.0339833 0 3165.86 
29800 4.59359e+06 589.176 5152.91 0 0 130.768 123.573 0 0.000838926 0.000279642 0 153.962 0.0328003 0 2961.86 
29900 4.58735e+06 588.648 5171.39 0 0 130.588 123.429 0 0.000558815 0.000279408 0 154.411 0.0531075 0 2949.44 
30000 4.55805e+06 589.345 5189.29 0 0 130.588 123.442 0 0.000838692 0 0 154.843 0.0079212 0 3084.38 
30100 4.95784e+06 597.726 5311.62 0 0 132.321 124.97 0 0.000279486 0 0 155.651 -0.0541709 0 3257.43 
30200 5.21665e+06 603.191 5384.94 0 0 133.436 125.859 0 0.000558347 0 0 156.305 -0.0937855 0 3368.61 
30300 5.04126e+06 600.393 5357.55 0 0 132.733 125.182 0 0.00055788 0 0 156.496 -0.134791 0 3388.54 
30400 5.09958e+06 602.14 5379.5 0 0 133.038 125.478 0 0.000557569 0 0 156.763 -0.0680149 0 3360.56 
30500 5.404e+06 608.193 5444.67 0 0 134.11 126.642 0 0.0011139 0.000278474 0 157.102 -0.0264143 0 3239.26 
30600 5.31171e+06 607.569 5445.32 0 0 133.855 126.369 0 0.0011139 0.000556948 0 157.564 -0.0135196 0 3198.14 
30700 5.48091e+06 611.058 5483.45 0 0 134.582 126.999 0 0.000278396 0.000278396 0 157.814 -0.118932 0 3152.48 
30800 5.59594e+06 613.169 5515.71 0 0 135.004 127.299 0 0.000278552 0 0 158.183 -0.157508 0 3323.6 
30900 5.91318e+06 619.577 5581.06 0 0 136.31 128.505 0 0 0 0 158.545 -0.138415 0 3520.34 
31000 6.20616e+06 625.835 5662.08 0 0 137.453 129.761 0 0.000556793 0.000278396 0 159.067 -0.157784 0 3560.31 
31100 6.47916e+06 631.815 5717.36 0 0 138.696 130.681 0 0.00111297 0 0 159.52 -0.182207 0 3513.4 
31200 6.18039e+06 627.971 5682.86 0 0 138.022 129.727 0 0.000278474 0 0 159.768 -0.225571 0 3557.87 
31300 6.21547e+06 628.625 5701.47 0 0 138.181 129.883 0 0.00111266 0.000278164 0 160.103 -0.236504 0 3512.44 
31400 6.49217e+06 635.109 5767.03 0 0 139.499 131.131 0 0.000278396 0.000278396 0 160.406 -0.205556 0 3341.73 
31500 6.70814e+06 640.716 5825.37 0 0 140.548 132.177 0 0.00111452 0 0 160.757 -0.202027 0 3406.09 
31600 6.68565e+06 640.8 5837.71 0 0 140.509 132.217 0 0.000279096 0 0 161.034 -0.158299 0 3403.22 
31700 7.33765e+06 652.772 5957.31 0 0 142.804 134.415 0 0 0 0 161.274 -0.260327 0 3341.99 
31800 7.67011e+06 659.744 6028.25 0 0 143.954 135.708 0 0.00111576 0 0 161.589 -0.297387 0 3405.48 
31900 7.68169e+06 660.613 6035.68 0 0 144.124 135.822 0 0 0 0 161.842 -0.318659 0 3439.63 
32000 8.15171e+06 669.896 6140.57 0 0 145.982 137.653 0 0.000558036 0.000279018 0 162.223 -0.357278 0 3509.87 
32100 8.1846e+06 674.953 6173.06 0 0 147.112 138.489 0 0.00111421 0.000278552 0 162.711 -0.384861 0 3674.59 
32200 8.50129e+06 682.058 6255.43 0 0 148.497 139.742 0 0.000278474 0 0 163.185 -0.394058 0 3826.14 
32300 8.50394e+06 683.088 6263.59 0 0 148.871 139.611 0 0.000278164 0 0 163.423 -0.397273 0 3786.38 
32400 8.50636e+06 683.59 6259.07 0 0 148.808 139.531 0 0.000278242 0 0 163.601 -0.42344 0 3764.26 
32500 8.89979e+06 690.058 6338.43 0 0 150.051 140.67 0 0.000278164 0 0 163.811 -0.46544 0 3662.1 
32600 8.75433e+06 689.773 6315.08 0 0 149.7 140.256 0 0.000278164 0 0 163.993 -0.467902 0 3523.94 
32700 8.62306e+06 690.535 6270.28 0 0 149.532 139.894 0 0.00111359 0.000278396 0 164.142 -0.465419 0 3415.75 
32800 8.79262e+06 693.897 6316.61 0 0 150.235 140.411 0 0.0011139 0.000278474 0 164.42 -0.475044 0 3627.27 
32900 9.23253e+06 702.728 6416.01 0 0 152.225 142.032 0 0.000556638 0 0 164.677 -0.436487 0 3864.74 
33000 9.41101e+06 707.217 6452.76 0 0 152.842 142.654 0 0 0 0 164.92 -0.434935 0 3876.88 
33100 9.36613e+06 705.838 6443.82 0 0 152.772 142.503 0 0.000835655 0.000278552 0 165.001 -0.420554 0 3910.73 
33200 9.59103e+06 711.953 6491.55 0 0 154.083 143.303 0 0.00166852 0.000556174 0 165.293 -0.485753 0 4010.82 
33300 9.76719e+06 714.476 6534.16 0 0 154.692 143.767 0 0.000278319 0.000278319 0 165.455 -0.532209 0 3844 
33400 9.97682e+06 718.066 6574.38 0 0 155.527 144.432 0 0.000278319 0.000278319 0 165.695 -0.553605 0 3730.72 
33500 1.03422e+07 724.684 6641.65 0 0 156.869 145.68 0 0 0 0 165.872 -0.590271 0 3750.08 
33600 1.05588e+07 729.163 6695.84 0 0 157.941 146.486 0 0.000556483 0 0 166.134 -0.595095 0 3759.22 
33700 1.04721e+07 727.424 6691.66 0 0 157.523 146.174 0 0.000557103 0 0 166.387 -0.582583 0 3697.52 
33800 1.05422e+07 729.089 6713.06 0 0 157.793 146.412 0 0.000278784 0 0 166.795 -0.58317 0 3684.16 
33900 1.09028e+07 737.536 6795.44 0 0 159.547 147.734 0 0 0 0 167.129 -0.636954 0 3808.13 
34000 1.08484e+07 737.995 6788.76 0 0 159.606 147.727 0 0.000278552 0 0 167.357 -0.650355 0 3830.56 
34100 1.11064e+07 744.363 6857.53 0 0 160.842 148.842 0 0 0 0 167.703 -0.674042 0 4004.08 
34200 1.04828e+07 733.208 6747.27 0 0 158.65 146.663 0 0.00111421 0.000278552 0 167.779 -0.636843 0 4163.33 
34300 1.07371e+07 738.387 6800.21 0 0 159.659 147.555 0 0 0 0 167.992 -0.643491 0 4193.11 
34400 1.09239e+07 741.881 6842.29 0 0 160.44 148.253 0 0.00083612 0 0 168.103 -0.666128 0 3948.03 
34500 1.10684e+07 747.359 6879.74 0 0 161.728 148.931 0 0.00111452 0 0 168.328 -0.776674 0 4197.99 
34600 1.13332e+07 754.952 6940.25 0 0 163.388 149.921 0 0.00083612 0.000278707 0 168.564 -0.837547 0 4215.11 
34700 1.13766e+07 755.414 6962.14 0 0 163.381 150.163 0 0.000279018 0 0 168.742 -0.852142 0 3941.28 
34800 1.14991e+07 757.375 6985.15 0 0 163.788 150.549 0 0.000278862 0 0 168.914 -0.881598 0 3798.9 
34900 1.15283e+07 758.085 7000.11 0 0 164.029 150.608 0 0.00055788 0.00027894 0 169.157 -0.897589 0 3968.06 
35000 1.17063e+07 760.908 7020.77 0 0 164.573 151.097 0 0.00027894 0.00027894 0 169.244 -0.875955 0 3662.25 
35100 1.18358e+07 762.102 7054.44 0 0 164.908 151.504 0 0.000836587 0 0 169.494 -0.867333 0 3592.11 
35200 1.18231e+07 761.044 7057.23 0 0 164.833 151.423 0 0 0 0 169.616 -0.836174 0 3790.52 
35300 1.16845e+07 761.405 7034.28 0 0 164.879 151.048 0 0.000557414 0 0 169.705 -0.82063 0 3859.79 
35400 1.16633e+07 761.943 7050.62 0 0 164.85 151.095 0 0 0 0 170.092 -0.83799 0 3975.91 
35500 1.20149e+07 768.21 7116.57 0 0 166.337 152.193 0 0 0 0 170.287 -0.890354 0 4132.41 
35600 1.18721e+07 765.956 7110.23 0 0 165.886 151.893 0 0.000279018 0.000279018 0 170.426 -0.880293 0 4083.99 
35700 1.2305e+07 777.882 7200.44 0 0 168.132 153.469 0 0 0 0 170.847 -0.965872 0 4130.63 
35800 1.22292e+07 776.949 7185.22 0 0 167.863 153.061 0 0.000278784 0 0 170.984 -0.986415 0 4265.54 
35900 1.2452e+07 783.45 7235.81 0 0 169.072 154.023 0 0.000557103 0 0 171.248 -1.00957 0 4177.98 
36000 1.27729e+07 789.508 7281.87 0 0 169.941 155.006 0 0 0 0 171.442 -1.02635 0 4134.56 
36100 1.26998e+07 788.619 7280.24 0 0 169.658 154.909 0 0 0 0 171.527 -1.03823 0 4220.18 
36200 1.27342e+07 789.253 7294.33 0 0 169.992 155.025 0 0.000557258 0 0 171.641 -1.04468 0 4133.86 
36300 1.28276e+07 790.599 7314.35 0 0 170.219 155.358 0 0.000278629 0 0 171.766 -1.00623 0 4216.06 
36400 1.31763e+07 798.472 7382.72 0 0 171.727 156.68 0 0.000556638 0 0 171.972 -1.04025 0 4351.33 
36500 1.30892e+07 797.645 7368.08 0 0 171.411 156.462 0 0.000278474 0 0 172.127 -1.01896 0 4474.31 
36600 1.32968e+07 801.293 7412.31 0 0 172.2 157.096 0 0.000278396 0 0 172.298 -1.05597 0 4323.68 
36700 1.34093e+07 803.103 7439 0 0 172.575 157.5 0 0.000278164 0.000278164 0 172.389 -1.08935 0 4404.55 
36800 1.35223e+07 805.763 7470 0 0 172.994 157.994 0 0.000556328 0.000278164 0 172.51 -1.08464 0 4323.41 
36900 1.34109e+07 804.033 7459.29 0 0 172.668 157.669 0 0 0 0 172.655 -1.04163 0 4146.79 
37000 1.34974e+07 805.811 7482.91 0 0 173.023 157.761 0 0.000278319 0 0 172.931 -1.09748 0 4110.86 
37100 1.34561e+07 804.758 7487.23 0 0 172.771 157.772 0 0.000278707 0 0 173.1 -1.08307 0 4231.47 
37200 1.40226e+07 814.687 7595.24 0 0 174.63 159.658 0 0.000278319 0 0 173.342 -1.12934 0 4153.5 
37300 1.39655e+07 815.147 7586.39 0 0 174.762 159.494 0 0 0 0 173.444 -1.14492 0 4281.44 
37400 1.41505e+07 818.618 7620.13 0 0 175.6 160.081 0 0 0 0 173.582 -1.15566 0 4316.61 
37500 1.41721e+07 819.217 7625.17 0 0 175.85 160.077 0 0.000278396 0.000278396 0 173.678 -1.14072 0 4050.08 
37600 1.4351e+07 823.973 7657.75 0 0 176.654 160.739 0 0.000557569 0 0 173.838 -1.1842 0 3992.14 
37700 1.42331e+07 822.185 7637.84 0 0 176.247 160.186 0 0.00083612 0.000557414 0 174.04 -1.20284 0 4146.9 
37800 1.4375e+07 824.797 7666.08 0 0 176.715 160.574 0 0.000278629 0 0 174.264 -1.21021 0 3993.37 
37900 1.44634e+07 827.261 7684.21 0 0 177.24 160.904 0 0 0 0 174.44 -1.23694 0 4021.78 
38000 1.50261e+07 841.437 7794.24 0 0 179.88 163.157 0 0.000278784 0 0 174.709 -1.28148 0 4314.78 
38100 1.49993e+07 839.788 7799.73 0 0 179.627 163.146 0 0 0 0 174.806 -1.2931 0 4367.82 
38200 1.51403e+07 841.103 7846.39 0 0 179.985 163.783 0 0.000279174 0.000279174 0 175.012 -1.30536 0 4317.39 
38300 1.54255e+07 846.93 7906.97 0 0 181.194 164.841 0 0.000279018 0 0 175.178 -1.37795 0 4519.68 
38400 1.56317e+07 854.393 7951.86 0 0 182.542 165.689 0 0.000278784 0.000278784 0 175.484 -1.39831 0 4558.29 
38500 1.62784e+07 869.55 8062.79 0 0 185.362 167.965 0 0.000278629 0 0 175.746 -1.45374 0 4518.07 
38600 1.59669e+07 865.063 8008.51 0 0 184.268 167.455 0 0 0 0 175.804 -1.40914 0 4750.19 
38700 1.58056e+07 861.43 7985.04 0 0 183.553 166.87 0 0 0 0 175.864 -1.35234 0 4604.88 
38800 1.58956e+07 862.334 8009.69 0 0 183.728 167.239 0 0.00111701 0.000837755 0 175.966 -1.39203 0 4544.94 
38900 1.58502e+07 862.885 8000.61 0 0 183.783 167.085 0 0.000558815 0 0 176.045 -1.36892 0 4627.93 
39000 1.5908e+07 865.808 8009.3 0 0 184.213 167.242 0 0 0 0 176.206 -1.39868 0 4628.63 
39100 1.60404e+07 867.294 8049.59 0 0 184.836 167.739 0 0 0 0 176.358 -1.40923 0 4292.47 
39200 1.61233e+07 869.069 8066.46 0 0 185.193 168.088 0 0 0 0 176.483 -1.4569 0 4210.32 
39300 1.6028e+07 868.047 8050.63 0 0 184.919 167.848 0 0.000558036 0 0 176.614 -1.42948 0 3913.1 
39400 1.62e+07 872.582 8076.47 0 0 185.97 168.261 0 0.00055788 0 0 176.768 -1.48545 0 3816.56 
39500 1.6567e+07 880.472 8158.41 0 0 187.469 169.75 0 0 0 0 177.142 -1.54461 0 4002.74 
39600 1.6039e+07 869.296 8067.61 0 0 185.305 167.855 0 0.000279408 0 0 177.101 -1.47629 0 4179.05 
39700 1.59294e+07 866.996 8060.22 0 0 184.74 167.674 0 0.000838692 0.000279564 0 177.173 -1.50885 0 4337.87 
39800 1.64173e+07 878.658 8153.52 0 0 187.247 169.38 0 0.00083682 0.00027894 0 177.436 -1.59173 0 4602.21 
39900 1.63233e+07 880.404 8134.46 0 0 187.513 169.151 0 0 0 0 177.541 -1.58047 0 4677.48 
40000 1.62086e+07 879.906 8115.93 0 0 187.496 168.766 0 0.000279642 0.000279642 0 177.637 -1.5986 0 4729.13 
40100 1.62671e+07 881.562 8132.92 0 0 187.795 169.011 0 0.000279486 0 0 177.877 -1.62992 0 4653.44 
40200 1.6778e+07 892.102 8233.18 0 0 189.915 170.95 0 0.000278862 0.000278862 0 178.173 -1.70232 0 4835.76 
40300 1.69472e+07 898.01 8256.43 0 0 190.992 171.688 0 0 0 0 178.381 -1.70797 0 4842.51 
40400 1.71167e+07 904.466 8280.61 0 0 192.295 172.328 0 0.000278474 0 0 178.528 -1.72617 0 4740.32 
40500 1.70259e+07 903.814 8273.2 0 0 192.265 172.123 0 0.000557414 0.000278707 0 178.645 -1.7488 0 4390.98 
40600 1.74026e+07 913.218 8351.19 0 0 194.224 173.514 0 0.000278862 0 0 178.918 -1.80716 0 4678.15 
40700 1.76561e+07 916.637 8399.13 0 0 194.936 174.407 0 0 0 0 179.057 -1.87783 0 4631.68 
40800 1.77271e+07 918.904 8420.74 0 0 195.458 174.709 0 0.000556948 0 0 179.197 -1.87698 0 4552.45 
40900 1.76799e+07 918.236 8413.27 0 0 195.566 174.584 0 0.000278474 0 0 179.219 -1.8893 0 4571.53 
41000 1.78224e+07 921.613 8440.55 0 0 196.315 175.186 0 0 0 0 179.329 -1.89038 0 4831.72 
41100 1.79372e+07 922.379 8471.53 0 0 196.754 175.266 0 0 0 0 179.444 -1.90421 0 4668.1 
41200 1.76868e+07 918.369 8432.54 0 0 195.97 174.428 0 0.000557258 0.000278629 0 179.494 -1.87544 0 4488.99 
41300 1.78502e+07 922.283 8470.86 0 0 196.795 175.004 0 0.000278396 0 0 179.688 -1.91958 0 4679.08 
41400 1.78268e+07 921.389 8476.76 0 0 196.585 175.078 0 0.000278474 0 0 179.791 -1.91493 0 4968.2 
41500 1.79779e+07 924.985 8514.53 0 0 197.365 175.622 0 0 0 0 179.915 -1.9514 0 5113.14 
41600 1.78253e+07 924.735 8493.34 0 0 197.198 175.318 0 0 0 0 180.03 -1.98381 0 5082.98 
41700 1.80234e+07 929.754 8531.87 0 0 198.165 176.064 0 0 0 0 180.257 -1.95527 0 5100.19 
41800 1.82217e+07 932.474 8571.25 0 0 198.821 176.688 0 0.000278707 0.000278707 0 180.469 -1.92512 0 5144 
41900 1.82181e+07 932.499 8578.68 0 0 198.772 176.498 0 0 0 0 180.619 -1.91369 0 4859.38 
42000 1.80337e+07 929.491 8540.17 0 0 198.057 175.929 0 0.000279408 0.000279408 0 180.665 -1.94393 0 4422.09 
42100 1.82104e+07 933.966 8564.89 0 0 198.806 176.422 0 0.000558036 0.000279018 0 180.792 -1.94132 0 4340.31 
42200 1.82527e+07 934.243 8575.41 0 0 198.971 176.575 0 0.000557724 0.000278862 0 180.869 -1.96535 0 4537.15 
42300 1.8151e+07 933.674 8557.17 0 0 198.977 176.186 0 0.000557569 0 0 180.938 -1.94616 0 4383.38 
42400 1.83307e+07 938.576 8587.04 0 0 199.933 176.712 0 0 0 0 181.136 -1.99962 0 4366.02 
42500 1.83777e+07 939.357 8593.37 0 0 199.858 176.983 0 0.000279174 0 0 181.171 -2.00876 0 4402.23 
42600 1.8214e+07 934.395 8566.08 0 0 198.765 176.421 0 0.000279408 0.000279408 0 181.185 -2.01173 0 4427.53 
42700 1.84339e+07 941.776 8600.79 0 0 200.186 177.209 0 0.000558191 0 0 181.337 -2.04104 0 4344.92 
42800 1.8418e+07 941.724 8605.96 0 0 200.273 177.23 0 0.000278862 0.000278862 0 181.403 -2.05788 0 4390.95 
42900 1.86477e+07 946.24 8654.43 0 0 201.071 178.047 0 0.000557724 0.000278862 0 181.559 -2.08849 0 4566.4 
43000 1.88694e+07 950.694 8691.42 0 0 201.782 178.809 0 0.000557724 0 0 181.715 -2.13216 0 4541.62 
43100 1.88965e+07 951.478 8697.19 0 0 201.974 178.868 0 0.000557724 0.000278862 0 181.846 -2.12476 0 4610.23 
43200 1.89246e+07 952.478 8702.93 0 0 202.248 178.976 0 0.000278784 0 0 181.996 -2.16636 0 4577.16 
43300 1.89695e+07 953.97 8712.71 0 0 202.435 179.145 0 0 0 0 182.085 -2.1748 0 4906.78 
43400 1.88466e+07 953.824 8702.3 0 0 202.444 178.898 0 0 0 0 182.19 -2.19598 0 4738.74 
43500 1.89669e+07 957.753 8724.94 0 0 202.996 179.203 0 0.000278862 0.000278862 0 182.277 -2.21188 0 4935 
43600 1.90106e+07 958.347 8730.47 0 0 203.028 179.321 0 0 0 0 182.361 -2.19185 0 5119.6 
43700 1.90696e+07 959.14 8752.27 0 0 203.058 179.614 0 0.000279096 0 0 182.52 -2.18224 0 5260.47 
43800 1.91123e+07 959.718 8758.64 0 0 203.086 179.654 0 0.000279096 0 0 182.624 -2.17075 0 4834.74 
43900 1.90928e+07 961.751 8755.1 0 0 203.456 179.641 0 0.000279252 0 0 182.71 -2.16626 0 4837.43 
44000 1.92915e+07 966.44 8788.08 0 0 204.386 180.196 0 0 0 0 182.868 -2.23445 0 4813.96 
44100 1.95501e+07 968.843 8853.32 0 0 205.105 181.326 0 0.000279096 0 0 183.03 -2.24988 0 4731.74 
44200 1.94155e+07 963.616 8828.41 0 0 204.043 180.895 0 0 0 0 182.987 -2.22026 0 4559.18 
44300 1.94149e+07 963.836 8840.98 0 0 204.034 181.109 0 0.000559128 0.000279564 0 183.099 -2.25309 0 4546.98 
44400 1.94976e+07 964.431 8860.39 0 0 204.118 181.456 0 0.000279408 0 0 183.21 -2.29333 0 4467.99 
44500 2.00288e+07 979.358 8948.68 0 0 206.957 183.496 0 0 0 0 183.537 -2.37804 0 4641.9 
44600 1.99996e+07 979.589 8952.01 0 0 207.145 183.354 0 0.000279096 0 0 183.706 -2.36109 0 4594.25 
44700 1.99279e+07 979.819 8938.61 0 0 206.953 183.124 0 0.000558191 0.000279096 0 183.77 -2.38232 0 4717.54 
44800 1.98622e+07 978.254 8936.87 0 0 206.643 183.003 0 0 0 0 183.858 -2.39893 0 4680.17 
44900 2.02661e+07 986.346 9024.12 0 0 208.36 184.478 0 0 0 0 184.067 -2.44176 0 4760.46 
45000 1.99903e+07 977.875 8972.78 0 0 206.406 183.563 0 0.000279486 0 0 183.927 -2.3657 0 4645.14 
45100 1.98994e+07 977.217 8955.41 0 0 206.346 183.157 0 0.000559128 0 0 184.033 -2.37925 0 4852.34 
45200 1.97464e+07 975.049 8929.7 0 0 205.881 182.604 0 0.000558971 0.000279486 0 184.155 -2.37598 0 4744.18 
45300 1.96958e+07 975.996 8924.73 0 0 205.934 182.581 0 0.000279642 0 0 184.341 -2.40751 0 4924.96 
45400 2.00762e+07 983.35 9005.71 0 0 207.537 184.048 0 0.000279408 0 0 184.617 -2.46988 0 4981.82 
45500 1.99449e+07 981.189 8984.65 0 0 207.127 183.663 0 0.000279564 0 0 184.628 -2.46078 0 5047.38 
45600 2.02777e+07 988.444 9056.99 0 0 208.72 185.001 0 0.000279252 0.000279252 0 184.849 -2.52805 0 4850.6 
45700 2.00735e+07 986.739 9013.87 0 0 208.555 184.202 0 0 0 0 184.868 -2.47358 0 4841.8 
45800 2.02151e+07 989.557 9044.36 0 0 209.133 184.841 0 0.000558815 0 0 185.015 -2.44744 0 4888.93 
45900 2.03229e+07 989.645 9070.75 0 0 209.281 185.22 0 0 0 0 185.094 -2.45113 0 5057.95 
46000 2.03892e+07 991.291 9085.1 0 0 209.669 185.374 0 0.00027933 0 0 185.227 -2.45488 0 4760.46 
46100 2.05298e+07 994.034 9111.31 0 0 210.496 185.757 0 0 0 0 185.318 -2.51679 0 4729.06 
46200 2.06043e+07 996.718 9124.45 0 0 210.977 186.055 0 0.000279252 0 0 185.52 -2.53585 0 4871.76 
46300 2.07066e+07 997.951 9146.88 0 0 211.21 186.401 0 0.00027933 0 0 185.67 -2.526 0 4895.24 
46400 2.07922e+07 1000.32 9171.44 0 0 211.741 186.706 0 0.000558971 0 0 185.788 -2.56308 0 4646.27 
46500 2.07094e+07 1002.34 9155.08 0 0 211.49 186.447 0 0 0 0 185.876 -2.55373 0 4662.65 
46600 2.10988e+07 1011.64 9226.74 0 0 213.265 187.819 0 0 0 0 186.149 -2.55311 0 4727.01 
46700 2.11798e+07 1016.49 9238.72 0 0 213.88 188.072 0 0 0 0 186.377 -2.54128 0 4875.99 
46800 2.12233e+07 1014.97 9261.87 0 0 213.797 188.406 0 0 0 0 186.459 -2.5402 0 4815.69 
46900 2.12122e+07 1016.55 9268.46 0 0 214.137 188.487 0 0.000279096 0 0 186.58 -2.55705 0 4855.58 
47000 2.12947e+07 1021.37 9301.35 0 0 215.187 188.868 0 0 0 0 186.83 -2.56687 0 5348 
47100 2.17723e+07 1031.85 9399.87 0 0 217.4 190.664 0 0.000278552 0 0 187.116 -2.63047 0 5326.73 
47200 2.16364e+07 1031.71 9380.34 0 0 217.461 190.192 0 0.000557103 0.000278552 0 187.186 -2.63305 0 5270.18 
47300 2.15148e+07 1024.5 9375.59 0 0 216.76 189.802 0 0.000279174 0 0 187.241 -2.60037 0 5422.72 
47400 2.16958e+07 1028.94 9414.28 0 0 217.743 190.474 0 0 0 0 187.394 -2.62636 0 5369.07 
47500 2.16378e+07 1028.19 9413.95 0 0 217.671 190.477 0 0.000279096 0 0 187.527 -2.66298 0 5210.27 
47600 2.18244e+07 1031.88 9464.57 0 0 218.413 191.264 0 0.00083682 0 0 187.761 -2.67556 0 5199.82 
47700 2.20379e+07 1037.57 9504.26 0 0 219.451 192.093 0 0.000558036 0 0 187.899 -2.69401 0 5341.46 
47800 2.21385e+07 1041.87 9517.66 0 0 220.029 192.48 0 0 0 0 188.001 -2.71064 0 5311.62 
47900 2.16877e+07 1033.6 9434.04 0 0 218.271 190.981 0 0.000558659 0.000558659 0 187.906 -2.67119 0 5210.53 
48000 2.18122e+07 1033.66 9465.59 0 0 218.474 191.413 0 0.000279408 0 0 188 -2.69842 0 5155.06 
48100 2.18711e+07 1035.1 9485.75 0 0 218.741 191.763 0 0.000279174 0 0 188.106 -2.73608 0 5166.02 
48200 2.19911e+07 1034.86 9518.51 0 0 219.044 192.146 0 0 0 0 188.214 -2.7057 0 4840.25 
48300 2.2158e+07 1039.22 9547.81 0 0 220.064 192.736 0 0 0 0 188.367 -2.74926 0 4539.75 
48400 2.23747e+07 1046.49 9584.59 0 0 221.49 193.423 0 0 0 0 188.585 -2.7915 0 4817.85 
48500 2.28431e+07 1054.13 9674.26 0 0 222.965 195.044 0 0 0 0 188.844 -2.8282 0 4615.24 
48600 2.25936e+07 1048.94 9628.19 0 0 222.109 193.9 0 0.000279018 0 0 188.833 -2.83792 0 4623.71 
48700 2.25458e+07 1046.39 9623.37 0 0 221.646 193.685 0 0.000279018 0 0 188.968 -2.80882 0 4750.88 
48800 2.25644e+07 1046.24 9629.63 0 0 221.669 193.769 0 0 0 0 189.023 -2.78992 0 4753.36 
48900 2.26183e+07 1046.72 9640.07 0 0 221.645 193.997 0 0 0 0 189.072 -2.75863 0 4613.02 
49000 2.32155e+07 1058.8 9758.5 0 0 224.23 196.217 0 0 0 0 189.35 -2.83201 0 5021.2 
49100 2.34887e+07 1068.07 9793.48 0 0 225.387 197.233 0 0.000278707 0.000278707 0 189.561 -2.88203 0 5386.4 
49200 2.36264e+07 1070.62 9815.45 0 0 225.75 197.712 0 0.000278552 0 0 189.674 -2.89993 0 5430.9 
49300 2.36349e+07 1071.48 9815.55 0 0 225.87 197.76 0 0.000278784 0 0 189.69 -2.86406 0 5706.25 
49400 2.32355e+07 1065.49 9748.82 0 0 224.555 196.363 0 0.000837287 0.000279096 0 189.767 -2.83272 0 5844.95 
49500 2.34916e+07 1070.34 9793.73 0 0 225.531 197.177 0 0 0 0 189.954 -2.85482 0 5493.15 
49600 2.37297e+07 1073.38 9840.45 0 0 226.068 197.93 0 0.00027894 0 0 190.066 -2.87062 0 5288.73 
49700 2.37019e+07 1072.37 9838.05 0 0 225.761 197.886 0 0.000558191 0 0 190.153 -2.8545 0 5164.26 
49800 2.39736e+07 1079.71 9883.17 0 0 227.193 198.758 0 0.000557569 0 0 190.41 -2.89745 0 5178.27 
49900 2.4083e+07 1084.02 9903.81 0 0 228.234 198.953 0 0 0 0 190.582 -2.90777 0 5299.04 
50000 2.43205e+07 1092.75 9938.93 0 0 229.245 199.716 0 0 0 0 190.776 -2.89961 0 5328.03 
