# Avida Dominant Data
# Mon Jan 16 12:08:46 2017
#  1: Update
#  2: Average Merit of the Dominant Genotype
#  3: Average Gestation Time of the Dominant Genotype
#  4: Average Fitness of the Dominant Genotype
#  5: Repro Rate?
#  6: Size of Dominant Genotype
#  7: Copied Size of Dominant Genotype
#  8: Executed Size of Dominant Genotype
#  9: Abundance of Dominant Genotype
# 10: Number of Births
# 11: Number of Dominant Breed True?
# 12: Dominant Gene Depth
# 13: Dominant Breed In
# 14: Max Fitness?
# 15: Genotype ID of Dominant Genotype
# 16: Name of the Dominant Genotype

0 0 0 0 0 100 0 0 1 0 0 0 0 2.22507e-308 1 100-aaaaa 
100 0 0 0 0 100 0 0 1 0 0 0 0 2.22507e-308 1 100-aaaaa 
200 0 0 0 0 100 0 0 1 0 0 0 0 2.22507e-308 1 100-aaaaa 
300 0 0 0 0 100 0 0 1 0 0 0 0 2.22507e-308 1 100-aaaaa 
400 97 389 0.249357 0.00257069 100 100 0 2 0 0 0 0 0.249357 1 100-aaaaa 
500 97 389 0.249357 0.00257069 100 100 0 2 0 0 0 0 0.249357 1 100-aaaaa 
600 97 389 0.249357 0.00257069 100 100 0 2 0 0 0 0 0.249357 1 100-aaaaa 
700 97 389 0.249357 0.00257069 100 100 0 2 0 0 0 0 0.249357 1 100-aaaaa 
800 97 389 0.249357 0.00257069 100 100 0 3 0 0 0 0 0.249357 1 100-aaaaa 
900 97 389 0.249357 0.00257069 100 100 0 3 0 0 0 0 0.249357 1 100-aaaaa 
1000 97 389 0.249357 0.00257069 100 100 0 3 0 0 0 0 0.249357 1 100-aaaaa 
1100 97 389 0.249357 0.00257069 100 100 0 3 0 0 0 0 0.249357 1 100-aaaaa 
1200 97 389 0.249357 0.00257069 100 100 0 5 0 0 0 0 0.249357 1 100-aaaaa 
1300 97 389 0.249357 0.00257069 100 100 0 5 0 0 0 0 0.249357 1 100-aaaaa 
1400 97 389 0.249357 0.00257069 100 100 0 5 0 0 0 0 0.249357 1 100-aaaaa 
1500 97 389 0.249357 0.00257069 100 100 0 5 0 0 0 0 0.249357 1 100-aaaaa 
1600 97 389 0.249357 0.00257069 100 100 0 6 0 0 0 0 0.249357 1 100-aaaaa 
1700 97 389 0.249357 0.00257069 100 100 0 7 0 0 0 0 0.249357 1 100-aaaaa 
1800 97 389 0.249357 0.00257069 100 100 0 7 0 0 0 0 0.249357 1 100-aaaaa 
1900 97 389 0.249357 0.00257069 100 100 0 7 0 0 0 0 0.249357 1 100-aaaaa 
2000 97 389 0.249357 0.00257069 100 100 0 6 0 0 0 0 0.249357 1 100-aaaaa 
2100 97 389 0.249357 0.00257069 100 100 0 6 0 0 0 0 0.249357 1 100-aaaaa 
2200 97 389 0.249357 0.00257069 100 100 0 6 0 0 0 0 0.249357 1 100-aaaaa 
2300 97 389 0.249357 0.00257069 100 100 0 6 0 0 0 0 0.249357 1 100-aaaaa 
2400 97 389 0.249357 0.00257069 100 100 0 7 0 0 0 0 0.249357 1 100-aaaaa 
2500 97 389 0.249357 0.00257069 100 100 0 7 0 0 0 0 0.249357 1 100-aaaaa 
2600 97 389 0.249357 0.00257069 100 100 0 7 0 0 0 0 0.249357 1 100-aaaaa 
2700 97 389 0.249357 0.00257069 100 100 0 8 0 0 0 0 0.249357 1 100-aaaaa 
2800 97 389 0.249357 0.00257069 100 100 0 7 0 0 0 0 0.249357 1 100-aaaaa 
2900 97 389 0.249357 0.00257069 100 100 0 7 0 0 0 0 0.249357 1 100-aaaaa 
3000 97 389 0.249357 0.00257069 100 100 0 7 0 0 0 0 0.249357 1 100-aaaaa 
3100 97 389 0.249357 0.00257069 100 100 0 6 0 0 0 0 0.249357 1 100-aaaaa 
3200 97 389 0.249357 0.00257069 100 100 0 8 0 0 0 0 0.249357 1 100-aaaaa 
3300 97 389 0.249357 0.00257069 100 100 0 8 0 0 0 0 0.249357 1 100-aaaaa 
3400 97 389 0.249357 0.00257069 100 100 0 8 0 0 0 0 0.249357 1 100-aaaaa 
3500 97 389 0.249357 0.00257069 100 100 0 8 0 0 0 0 0.249357 1 100-aaaaa 
3600 97 389 0.249357 0.00257069 100 100 0 8 0 0 0 0 0.249357 1 100-aaaaa 
3700 97 389 0.249357 0.00257069 100 100 0 7 0 0 0 0 0.249357 1 100-aaaaa 
3800 97 389 0.249357 0.00257069 100 100 0 7 0 0 0 0 0.249357 1 100-aaaaa 
3900 97 389 0.249357 0.00257069 100 100 0 6 0 0 0 0 0.249357 1 100-aaaaa 
4000 97 389 0.249357 0.00257069 100 100 0 7 0 0 0 0 0.249357 1 100-aaaaa 
4100 97 389 0.249357 0.00257069 100 100 0 7 0 0 0 0 0.249357 1 100-aaaaa 
4200 97 389 0.249357 0.00257069 100 100 0 7 0 0 0 0 0.249357 1 100-aaaaa 
4300 97 386 0.251295 0.00259067 100 100 0 8 0 0 3 0 0.251295 27 100-aaaag 
4400 97 386 0.251295 0.00259067 100 100 0 8 0 0 3 0 0.251295 27 100-aaaag 
4500 97 386 0.251295 0.00259067 100 100 0 8 0 0 3 0 0.251295 27 100-aaaag 
4600 97 386 0.251295 0.00259067 100 100 0 5 0 0 3 0 0.251295 27 100-aaaag 
4700 97 384 0.252604 0.00260417 100 100 0 5 0 0 2 0 0.252604 40 100-aaaae 
4800 98 390 0.251282 0.0025641 101 101 0 5 0 0 2 0 0.251282 83 101-aaaac 
4900 98 390 0.251282 0.0025641 101 101 0 5 0 0 2 0 0.251282 83 101-aaaac 
5000 97 384 0.252604 0.00260417 100 100 0 5 0 0 2 0 0.252604 40 100-aaaae 
5100 97 387 0.250646 0.00258398 100 100 0 5 0 0 1 0 0.250646 38 100-aaaaf 
5200 97 384 0.252604 0.00260417 100 100 0 6 0 0 2 0 0.252604 40 100-aaaae 
5300 97 384 0.252604 0.00260417 100 100 0 6 0 0 2 0 0.252604 40 100-aaaae 
5400 97 384 0.252604 0.00260417 100 100 0 6 0 0 2 0 0.252604 40 100-aaaae 
5500 97 384 0.252604 0.00260417 100 100 0 6 0 0 2 0 0.252604 40 100-aaaae 
5600 97 384 0.252604 0.00260417 100 100 0 6 0 0 2 0 0.252604 40 100-aaaae 
5700 97 384 0.252604 0.00260417 100 100 0 6 0 0 2 0 0.252604 40 100-aaaae 
5800 97 387 0.250646 0.00258398 100 100 0 6 0 0 1 0 0.250646 38 100-aaaaf 
5900 97 388 0.25 0.00257732 100 100 0 6 0 0 1 0 0.25 16 100-aaaaj 
6000 97 388 0.25 0.00257732 100 100 0 6 0 0 1 0 0.25 16 100-aaaaj 
6100 97 388 0.25 0.00257732 100 100 0 5 0 0 1 0 0.25 16 100-aaaaj 
6200 97 388 0.25 0.00257732 100 100 0 5 0 0 1 0 0.25 16 100-aaaaj 
6300 97 388 0.25 0.00257732 100 100 0 8 0 0 1 0 0.25 16 100-aaaaj 
6400 97 384 0.252604 0.00260417 100 100 0 7 0 0 2 0 0.252604 40 100-aaaae 
6500 97 384 0.252604 0.00260417 100 100 0 7 0 0 2 0 0.252604 40 100-aaaae 
6600 87 382 0.227749 0.0026178 102 102 0 8 0 0 5 0 0.227749 367 102-aaaab 
6700 87 382 0.227749 0.0026178 102 102 0 8 0 0 5 0 0.227749 367 102-aaaab 
6800 87 382 0.227749 0.0026178 102 102 0 8 0 0 5 0 0.227749 367 102-aaaab 
6900 87 382 0.227749 0.0026178 102 102 0 8 0 0 5 0 0.227749 367 102-aaaab 
7000 87 382 0.227749 0.0026178 102 102 0 6 0 0 5 0 0.227749 367 102-aaaab 
7100 97 389 0.249357 0.00257069 100 100 0 8 0 0 1 0 0.249357 255 100-aaaau 
7200 97 389 0.249357 0.00257069 100 100 0 7 0 0 1 0 0.249357 255 100-aaaau 
7300 97 389 0.249357 0.00257069 100 100 0 7 0 0 1 0 0.249357 255 100-aaaau 
7400 97 384 0.252604 0.00260417 100 100 0 7 0 0 2 0 0.252604 40 100-aaaae 
7500 87 382 0.227749 0.0026178 102 102 0 8 0 0 5 0 0.227749 367 102-aaaab 
7600 87 382 0.227749 0.0026178 102 102 0 8 0 0 5 0 0.227749 367 102-aaaab 
7700 87 382 0.227749 0.0026178 102 102 0 8 0 0 5 0 0.227749 367 102-aaaab 
7800 87 382 0.227749 0.0026178 102 102 0 8 0 0 5 0 0.227749 367 102-aaaab 
7900 94 380 0.247368 0.00263158 99 99 0 7 0 0 4 0 0.247368 737 099-aaaan 
8000 87 382 0.227749 0.0026178 102 102 0 7 0 0 5 0 0.227749 367 102-aaaab 
8100 87 382 0.227749 0.0026178 102 102 0 7 0 0 5 0 0.227749 367 102-aaaab 
8200 95 375 0.253333 0.00266667 98 98.2353 0 8 0 0 4 0 0.253333 527 098-aaaad 
8300 94 380 0.247368 0.00263158 99 99 0 7 0 0 4 0 0.247368 737 099-aaaan 
8400 94 380 0.247368 0.00263158 99 99 0 9 0 0 4 0 0.247368 737 099-aaaan 
8500 94 380 0.247368 0.00263158 99 99 0 9 0 0 4 0 0.247368 737 099-aaaan 
8600 94 380 0.247368 0.00263158 99 99 0 9 0 0 4 0 0.247368 737 099-aaaan 
8700 94 380 0.247368 0.00263158 99 99 0 8 0 0 4 0 0.247368 737 099-aaaan 
8800 102 406 0.251232 0.00246305 105 104.846 0 8 0 0 6 0 0.251232 1139 105-aaaaa 
8900 102 406 0.251232 0.00246305 105 104.846 0 8 0 0 6 0 0.251232 1139 105-aaaaa 
9000 102 406 0.251232 0.00246305 105 104.846 0 8 0 0 6 0 0.251232 1139 105-aaaaa 
9100 98 388 0.252577 0.00257732 101 101 0 7 0 0 6 0 0.252577 1127 101-aaaao 
9200 87 382 0.227749 0.0026178 102 102 0 7 0 0 5 0 0.227749 367 102-aaaab 
9300 87 382 0.227749 0.0026178 102 102 0 7 0 0 5 0 0.227749 367 102-aaaab 
9400 87 382 0.227749 0.0026178 102 102 0 7 0 0 5 0 0.227749 367 102-aaaab 
9500 87 382 0.227749 0.0026178 102 102 0 7 0 0 5 0 0.227749 367 102-aaaab 
9600 102 406 0.251232 0.00246305 105 104.895 0 7 0 0 6 0 0.251232 1139 105-aaaaa 
9700 102 406 0.251232 0.00246305 105 104.895 0 7 0 0 6 0 0.251232 1139 105-aaaaa 
9800 102 406 0.251232 0.00246305 105 104.895 0 7 0 0 6 0 0.251232 1139 105-aaaaa 
9900 102 406 0.251232 0.00246305 105 104.895 0 7 0 0 6 0 0.251232 1139 105-aaaaa 
10000 102 406 0.251232 0.00246305 105 104.895 0 7 0 0 6 0 0.251232 1139 105-aaaaa 
10100 102 406 0.251232 0.00246305 105 104.895 0 7 0 0 6 0 0.251232 1139 105-aaaaa 
10200 102 406 0.251232 0.00246305 105 104.895 0 7 0 0 6 0 0.251232 1139 105-aaaaa 
10300 102 406 0.251232 0.00246305 105 104.895 0 7 0 0 6 0 0.251232 1139 105-aaaaa 
10400 102 406 0.251232 0.00246305 105 104.895 0 7 0 0 6 0 0.251232 1139 105-aaaaa 
10500 102 406 0.251232 0.00246305 105 104.895 0 7 0 0 6 0 0.251232 1139 105-aaaaa 
10600 102 406 0.251232 0.00246305 105 104.895 0 7 0 0 6 0 0.251232 1139 105-aaaaa 
10700 102 406 0.251232 0.00246305 105 104.895 0 7 0 0 6 0 0.251232 1139 105-aaaaa 
10800 102 406 0.251232 0.00246305 105 104.895 0 7 0 0 6 0 0.251232 1139 105-aaaaa 
10900 102 406 0.251232 0.00246305 105 104.895 0 7 0 0 6 0 0.251232 1139 105-aaaaa 
11000 102 406 0.251232 0.00246305 105 104.895 0 7 0 0 6 0 0.251232 1139 105-aaaaa 
11100 102 406 0.251232 0.00246305 105 104.895 0 7 0 0 6 0 0.251232 1139 105-aaaaa 
11200 102 406 0.251232 0.00246305 105 104.895 0 7 0 0 6 0 0.251232 1139 105-aaaaa 
11300 102 406 0.251232 0.00246305 105 104.895 0 7 0 0 6 0 0.251232 1139 105-aaaaa 
11400 102 406 0.251232 0.00246305 105 104.895 0 7 0 0 6 0 0.251232 1139 105-aaaaa 
11500 102 406 0.251232 0.00246305 105 104.895 0 7 0 0 6 0 0.251232 1139 105-aaaaa 
11600 102 406 0.251232 0.00246305 105 104.895 0 7 0 0 6 0 0.251232 1139 105-aaaaa 
11700 102 406 0.251232 0.00246305 105 104.895 0 7 0 0 6 0 0.251232 1139 105-aaaaa 
11800 102 406 0.251232 0.00246305 105 104.895 0 7 0 0 6 0 0.251232 1139 105-aaaaa 
11900 102 406 0.251232 0.00246305 105 104.895 0 7 0 0 6 0 0.251232 1139 105-aaaaa 
12000 102 406 0.251232 0.00246305 105 104.895 0 7 0 0 6 0 0.251232 1139 105-aaaaa 
12100 102 406 0.251232 0.00246305 105 104.895 0 7 0 0 6 0 0.251232 1139 105-aaaaa 
12200 102 406 0.251232 0.00246305 105 104.895 0 7 0 0 6 0 0.251232 1139 105-aaaaa 
12300 102 406 0.251232 0.00246305 105 104.895 0 7 0 0 6 0 0.251232 1139 105-aaaaa 
12400 102 406 0.251232 0.00246305 105 104.895 0 7 0 0 6 0 0.251232 1139 105-aaaaa 
12500 102 406 0.251232 0.00246305 105 104.895 0 7 0 0 6 0 0.251232 1139 105-aaaaa 
12600 102 406 0.251232 0.00246305 105 104.895 0 7 0 0 6 0 0.251232 1139 105-aaaaa 
12700 102 406 0.251232 0.00246305 105 104.895 0 7 0 0 6 0 0.251232 1139 105-aaaaa 
12800 102 406 0.251232 0.00246305 105 104.895 0 7 0 0 6 0 0.251232 1139 105-aaaaa 
12900 102 406 0.251232 0.00246305 105 104.895 0 7 0 0 6 0 0.251232 1139 105-aaaaa 
13000 102 406 0.251232 0.00246305 105 104.895 0 7 0 0 6 0 0.251232 1139 105-aaaaa 
13100 102 406 0.251232 0.00246305 105 104.895 0 7 0 0 6 0 0.251232 1139 105-aaaaa 
13200 55611 441 126.102 0.00226757 119 119 0 7 0 0 32 0 126.102 6814 119-aaabp 
13300 55611 441 126.102 0.00226757 119 119 0 7 0 0 32 0 126.102 6814 119-aaabp 
13400 28865 458 63.024 0.00218341 122 122 0 8 0 0 23 0 63.024 4655 122-aaabu 
13500 28865 458 63.024 0.00218341 122 122 0 8 0 0 23 0 63.024 4655 122-aaabu 
13600 28865 458 63.024 0.00218341 122 122 0 8 0 0 23 0 63.024 4655 122-aaabu 
13700 28865 458 63.024 0.00218341 122 122 0 8 0 0 23 0 63.024 4655 122-aaabu 
13800 28865 458 63.024 0.00218341 122 122 0 8 0 0 23 0 63.024 4655 122-aaabu 
13900 28865 458 63.024 0.00218341 122 122 0 8 0 0 23 0 63.024 4655 122-aaabu 
14000 28865 458 63.024 0.00218341 122 122 0 8 0 0 23 0 63.024 4655 122-aaabu 
14100 28865 458 63.024 0.00218341 122 122 0 8 0 0 23 0 63.024 4655 122-aaabu 
14200 28865 458 63.024 0.00218341 122 122 0 8 0 0 23 0 63.024 4655 122-aaabu 
14300 28865 458 63.024 0.00218341 122 122 0 8 0 0 23 0 63.024 4655 122-aaabu 
14400 28865 458 63.024 0.00218341 122 122 0 7 0 0 23 0 63.024 4655 122-aaabu 
14500 102 406 0.251232 0.00246305 105 104.895 0 7 0 0 6 0 0.251232 1139 105-aaaaa 
14600 102 406 0.251232 0.00246305 105 104.895 0 7 0 0 6 0 0.251232 1139 105-aaaaa 
14700 102 406 0.251232 0.00246305 105 104.895 0 7 0 0 6 0 0.251232 1139 105-aaaaa 
14800 102 406 0.251232 0.00246305 105 104.895 0 7 0 0 6 0 0.251232 1139 105-aaaaa 
14900 102 406 0.251232 0.00246305 105 104.895 0 6 0 0 6 0 0.251232 1139 105-aaaaa 
15000 102 406 0.251232 0.00246305 105 104.895 0 6 0 0 6 0 0.251232 1139 105-aaaaa 
15100 102 406 0.251232 0.00246305 105 104.895 0 6 0 0 6 0 0.251232 1139 105-aaaaa 
15200 58116 451 128.86 0.00221729 120 120 0 6 0 0 31 0 128.86 9483 120-aaabt 
15300 56613 434 130.445 0.00230415 116 116 0 7 0 0 34 0 130.445 9089 116-aaacb 
15400 56613 434 130.445 0.00230415 116 116 0 7 0 0 34 0 130.445 9089 116-aaacb 
15500 56613 434 130.445 0.00230415 116 116 0 7 0 0 34 0 130.445 9089 116-aaacb 
15600 56613 434 130.445 0.00230415 116 116 0 8 0 0 34 0 130.445 9089 116-aaacb 
15700 56613 434 130.445 0.00230415 116 116 0 8 0 0 34 0 130.445 9089 116-aaacb 
15800 56613 434 130.445 0.00230415 116 116 0 8 0 0 34 0 130.445 9089 116-aaacb 
15900 55110 436 126.399 0.00229358 119 119 0 6 0 0 37 0 126.399 10545 119-aaadb 
16000 58116 447 130.013 0.00223714 120 120.2 0 7 0 0 36 0 130.013 10707 120-aaabu 
16100 83361 437 190.757 0.00228833 120 119.867 0 7 0 0 41 0 190.757 11770 120-aaabz 
16200 59118 462 127.961 0.0021645 124 124 0 8 0 0 31 0 127.961 12519 124-aaaaf 
16300 58116 447 130.013 0.00223714 120 120.143 0 8 0 0 36 0 130.013 10707 120-aaabu 
16400 58116 447 130.013 0.00223714 120 120.143 0 8 0 0 36 0 130.013 10707 120-aaabu 
16500 58116 456 127.447 0.00219298 122 122 0 9 0 0 28 0 127.447 9844 122-aaadb 
16600 58116 456 127.447 0.00219298 122 122 0 8 0 0 28 0 127.447 9844 122-aaadb 
16700 58116 456 127.447 0.00219298 122 122 0 8 0 0 28 0 127.447 9844 122-aaadb 
16800 58116 456 127.447 0.00219298 122 122 0 7 0 0 28 0 127.447 9844 122-aaadb 
16900 58116 451 128.86 0.00221729 120 120 0 8 0 0 32 0 128.86 12436 120-aaack 
17000 58116 447 130.013 0.00223714 120 120.088 0 8 0 0 36 0 130.013 10707 120-aaabu 
17100 58116 447 130.013 0.00223714 120 120.088 0 8 0 0 36 0 130.013 10707 120-aaabu 
17200 58116 451 128.86 0.00221729 120 120 0 9 0 0 32 0 128.86 12436 120-aaack 
17300 58116 451 128.86 0.00221729 120 120 0 8 0 0 32 0 128.86 12436 120-aaack 
17400 58116 451 128.86 0.00221729 120 120 0 8 0 0 32 0 128.86 12436 120-aaack 
17500 58116 451 128.86 0.00221729 120 120 0 8 0 0 32 0 128.86 12436 120-aaack 
17600 58116 451 128.86 0.00221729 120 120 0 8 0 0 32 0 128.86 12436 120-aaack 
17700 58116 451 128.86 0.00221729 120 120 0 8 0 0 32 0 128.86 12436 120-aaack 
17800 56112 439 127.818 0.0022779 117 117 0 7 0 0 34 0 127.818 14096 117-aaaeb 
17900 56112 439 127.818 0.0022779 117 117 0 7 0 0 34 0 127.818 14096 117-aaaeb 
18000 58116 447 130.013 0.00223714 120 120.067 0 7 0 0 36 0 130.013 10707 120-aaabu 
18100 58116 447 130.013 0.00223714 120 120.067 0 6 0 0 36 0 130.013 10707 120-aaabu 
18200 58116 447 130.013 0.00223714 120 120.067 0 6 0 0 36 0 130.013 10707 120-aaabu 
18300 3.36011e+06 557 6032.52 0.00179533 120 120 0 6 0 0 52 0 6032.52 21183 120-aaaeq 
18400 58116 447 130.013 0.00223714 120 120.067 0 6 0 0 36 0 130.013 10707 120-aaabu 
18500 3.36011e+06 557 6032.52 0.00179533 120 120 0 6 0 0 52 0 6032.52 21183 120-aaaeq 
18600 58116 447 130.013 0.00223714 120 120.067 0 6 0 0 36 0 130.013 10707 120-aaabu 
18700 3.56712e+06 565 6313.48 0.00176991 121 121.125 0 8 0 0 50 0 6313.48 21743 121-aaafx 
18800 3.56712e+06 565 6313.48 0.00176991 121 121.077 0 9 0 0 50 0 6313.48 21743 121-aaafx 
18900 3.56712e+06 565 6313.48 0.00176991 121 121.062 0 7 0 0 50 0 6313.48 21743 121-aaafx 
19000 3.56712e+06 565 6313.48 0.00176991 121 121.054 0 7 0 0 50 0 6313.48 21743 121-aaafx 
19100 58116 451 128.86 0.00221729 120 120 0 6 0 0 32 0 128.86 12436 120-aaack 
19200 58116 451 128.86 0.00221729 120 120 0 6 0 0 32 0 128.86 12436 120-aaack 
19300 58116 451 128.86 0.00221729 120 120 0 6 0 0 32 0 128.86 12436 120-aaack 
19400 3.62712e+06 570 6363.36 0.00175439 122 122 0 6 0 0 48 0 6363.36 21686 122-aaagq 
19500 58116 451 128.86 0.00221729 120 120 0 6 0 0 32 0 128.86 12436 120-aaack 
19600 3.27461e+06 548 5975.57 0.00182482 119 119 0 6 0 0 54 0 5975.57 22632 119-aaagt 
19700 3.27461e+06 548 5975.57 0.00182482 119 119 0 6 0 0 54 0 5975.57 22632 119-aaagt 
19800 58116 451 128.86 0.00221729 120 120 0 6 0 0 32 0 128.86 12436 120-aaack 
19900 58116 451 128.86 0.00221729 120 120 0 6 0 0 32 0 128.86 12436 120-aaack 
20000 58116 451 128.86 0.00221729 120 120 0 6 0 0 32 0 128.86 12436 120-aaack 
20100 3.44861e+06 562 6136.32 0.00177936 121 121 0 6 0 0 54 0 6136.32 24154 121-aaahq 
20200 58116 451 128.86 0.00221729 120 120 0 6 0 0 32 0 128.86 12436 120-aaack 
20300 58116 451 128.86 0.00221729 120 120 0 6 0 0 32 0 128.86 12436 120-aaack 
20400 58116 451 128.86 0.00221729 120 120 0 6 0 0 32 0 128.86 12436 120-aaack 
20500 58116 451 128.86 0.00221729 120 120 0 6 0 0 32 0 128.86 12436 120-aaack 
20600 58116 451 128.86 0.00221729 120 120 0 6 0 0 32 0 128.86 12436 120-aaack 
20700 58116 451 128.86 0.00221729 120 120 0 6 0 0 32 0 128.86 12436 120-aaack 
20800 58116 451 128.86 0.00221729 120 120 0 6 0 0 32 0 128.86 12436 120-aaack 
20900 58116 451 128.86 0.00221729 120 120 0 6 0 0 32 0 128.86 12436 120-aaack 
21000 58116 451 128.86 0.00221729 120 120 0 6 0 0 32 0 128.86 12436 120-aaack 
21100 58116 451 128.86 0.00221729 120 120 0 6 0 0 32 0 128.86 12436 120-aaack 
21200 58116 451 128.86 0.00221729 120 120 0 6 0 0 32 0 128.86 12436 120-aaack 
21300 3.51012e+06 564 6223.61 0.00177305 122 122 0 6 0 0 61 0 6223.61 26557 122-aaaiu 
21400 3.45162e+06 558 6185.7 0.00179211 122 122 0 7 0 0 61 0 6185.7 26688 122-aaaiw 
21500 3.45162e+06 558 6185.7 0.00179211 122 122 0 7 0 0 61 0 6185.7 26688 122-aaaiw 
21600 3.45162e+06 558 6185.7 0.00179211 122 122 0 9 0 0 61 0 6185.7 26688 122-aaaiw 
21700 3.45162e+06 558 6185.7 0.00179211 122 122 0 9 0 0 61 0 6185.7 26688 122-aaaiw 
21800 3.45162e+06 558 6185.7 0.00179211 122 122 0 8 0 0 61 0 6185.7 26688 122-aaaiw 
21900 3.45162e+06 558 6185.7 0.00179211 122 122 0 8 0 0 61 0 6185.7 26688 122-aaaiw 
22000 3.45162e+06 558 6185.7 0.00179211 122 122 0 6 0 0 61 0 6185.7 26688 122-aaaiw 
22100 3.39011e+06 558 6075.47 0.00179211 120 120 0 6 0 0 55 0 6075.47 27902 120-aaaha 
22200 58116 451 128.86 0.00221729 120 120 0 6 0 0 32 0 128.86 12436 120-aaack 
22300 3.44861e+06 563 6125.42 0.0017762 121 121 0 7 0 0 56 0 6125.42 26817 121-aaajv 
22400 3.44861e+06 563 6125.42 0.0017762 121 121 0 7 0 0 56 0 6125.42 26817 121-aaajv 
22500 3.44861e+06 563 6125.42 0.0017762 121 121 0 7 0 0 56 0 6125.42 26817 121-aaajv 
22600 3.44861e+06 563 6125.42 0.0017762 121 121 0 7 0 0 56 0 6125.42 26817 121-aaajv 
22700 3.44861e+06 563 6125.42 0.0017762 121 121 0 6 0 0 56 0 6125.42 26817 121-aaajv 
22800 3.44861e+06 563 6125.42 0.0017762 121 121 0 6 0 0 56 0 6125.42 26817 121-aaajv 
22900 3.44861e+06 563 6125.42 0.0017762 121 121 0 7 0 0 56 0 6125.42 26817 121-aaajv 
23000 58116 451 128.86 0.00221729 120 120 0 6 0 0 32 0 128.86 12436 120-aaack 
23100 56112 430 130.493 0.00232558 115 115 0 6 0 0 36 0 130.493 15759 115-aaaax 
23200 3.44861e+06 563 6125.42 0.0017762 121 121 0 6 0 0 56 0 6125.42 26817 121-aaajv 
23300 3.50561e+06 565 6204.63 0.00176991 121 121 0 6 0 0 56 0 6204.63 28184 121-aaaka 
23400 3.50561e+06 565 6204.63 0.00176991 121 121 0 6 0 0 56 0 6204.63 28184 121-aaaka 
23500 3.50561e+06 565 6204.63 0.00176991 121 121 0 6 0 0 56 0 6204.63 28184 121-aaaka 
23600 3.44861e+06 563 6125.42 0.0017762 121 121 0 6 0 0 56 0 6125.42 26817 121-aaajv 
23700 56112 430 130.493 0.00232558 115 115 0 6 0 0 36 0 130.493 15759 115-aaaax 
23800 56112 430 130.493 0.00232558 115 115 0 6 0 0 36 0 130.493 15759 115-aaaax 
23900 56112 430 130.493 0.00232558 115 115 0 6 0 0 36 0 130.493 15759 115-aaaax 
24000 56112 430 130.493 0.00232558 115 115 0 6 0 0 36 0 130.493 15759 115-aaaax 
24100 56112 430 130.493 0.00232558 115 115 0 6 0 0 36 0 130.493 15759 115-aaaax 
24200 56112 430 130.493 0.00232558 115 115 0 6 0 0 36 0 130.493 15759 115-aaaax 
24300 56112 430 130.493 0.00232558 115 115 0 6 0 0 36 0 130.493 15759 115-aaaax 
24400 56112 430 130.493 0.00232558 115 115 0 6 0 0 36 0 130.493 15759 115-aaaax 
24500 3.74862e+06 585 6407.9 0.0017094 125 125 0 7 1 0 55 0 6407.9 31299 125-aaacl 
24600 3.74862e+06 585 6407.9 0.0017094 125 125 0 6 0 0 55 0 6407.9 31299 125-aaacl 
24700 3.74862e+06 585 6407.9 0.0017094 125 125 0 6 0 0 55 0 6407.9 31299 125-aaacl 
24800 3.50912e+06 564 6221.84 0.00177305 121 121 0 7 0 0 60 0 6221.84 33021 121-aaang 
24900 3.41836e+06 563 6071.69 0.0017762 122 121.929 0 7 0 0 60 0 6071.69 32339 122-aaalm 
25000 3.41836e+06 563 6071.69 0.0017762 122 121.929 0 7 0 0 60 0 6071.69 32339 122-aaalm 
25100 56112 430 130.493 0.00232558 115 115 0 6 0 0 36 0 130.493 15759 115-aaaax 
25200 3.41836e+06 563 6071.69 0.0017762 122 121.947 0 7 0 0 60 0 6071.69 32339 122-aaalm 
25300 3.41836e+06 563 6071.69 0.0017762 122 121.947 0 6 0 0 60 0 6071.69 32339 122-aaalm 
25400 56112 430 130.493 0.00232558 115 115 0 6 0 0 36 0 130.493 15759 115-aaaax 
25500 56112 430 130.493 0.00232558 115 115 0 6 0 0 36 0 130.493 15759 115-aaaax 
25600 56112 430 130.493 0.00232558 115 115 0 6 0 0 36 0 130.493 15759 115-aaaax 
25700 3.50912e+06 564 6221.84 0.00177305 121 121 0 7 0 0 60 0 6221.84 33021 121-aaang 
25800 3.50912e+06 564 6221.84 0.00177305 121 121 0 8 0 0 60 0 6221.84 33021 121-aaang 
25900 3.50912e+06 564 6221.84 0.00177305 121 121 0 8 0 0 60 0 6221.84 33021 121-aaang 
26000 3.50912e+06 564 6221.84 0.00177305 121 121 0 8 0 0 60 0 6221.84 33021 121-aaang 
26100 3.50912e+06 564 6221.84 0.00177305 121 121 0 7 0 0 60 0 6221.84 33021 121-aaang 
26200 3.50912e+06 564 6221.84 0.00177305 121 121 0 7 0 0 60 0 6221.84 33021 121-aaang 
26300 3.50912e+06 564 6221.84 0.00177305 121 121 0 6 0 0 60 0 6221.84 33021 121-aaang 
26400 113 447 0.252796 0.00223714 116 116 0 5 0 0 10 0 0.252796 700 116-aaaaa 
26500 3.50912e+06 565 6210.82 0.00176991 121 121 0 6 0 0 61 0 6210.82 36291 121-aaapg 
26600 3.50912e+06 565 6210.82 0.00176991 121 121 0 6 0 0 61 0 6210.82 36291 121-aaapg 
26700 3.56962e+06 568 6284.54 0.00176056 123 123 0 7 0 0 64 0 6284.54 29341 123-aaaee 
26800 3.56962e+06 568 6284.54 0.00176056 123 123 0 7 0 0 64 0 6284.54 29341 123-aaaee 
26900 3.50912e+06 565 6210.82 0.00176991 121 121 0 7 0 0 61 0 6210.82 36291 121-aaapg 
27000 3.50912e+06 565 6210.82 0.00176991 121 121 0 7 0 0 61 0 6210.82 36291 121-aaapg 
27100 3.50912e+06 565 6210.82 0.00176991 121 121 0 7 0 0 61 0 6210.82 36291 121-aaapg 
27200 3.50912e+06 565 6210.82 0.00176991 121 121 0 9 0 0 61 0 6210.82 36291 121-aaapg 
27300 3.50912e+06 565 6210.82 0.00176991 121 121 0 9 0 0 61 0 6210.82 36291 121-aaapg 
27400 3.50912e+06 565 6210.82 0.00176991 121 121 0 9 0 0 61 0 6210.82 36291 121-aaapg 
27500 3.50912e+06 565 6210.82 0.00176991 121 121 0 7 0 0 61 0 6210.82 36291 121-aaapg 
27600 3.55348e+06 570 6234.18 0.00175439 122 122 0 7 0 0 60 0 6262.49 38136 122-aaanf 
27700 3.50912e+06 565 6210.82 0.00176991 121 121 0 7 0 0 61 0 6210.82 36291 121-aaapg 
27800 3.50912e+06 565 6210.82 0.00176991 121 121 0 7 0 0 61 0 6210.82 36291 121-aaapg 
27900 3.55377e+06 570 6234.69 0.00175439 122 122 0 6 0 0 60 0 6262.49 38136 122-aaanf 
28000 3.55377e+06 570 6234.69 0.00175439 122 122 0 6 0 0 60 0 6262.49 38136 122-aaanf 
28100 3.55252e+06 570 6232.49 0.00175439 122 122 0 7 0 0 60 0 6262.49 38136 122-aaanf 
28200 3.59912e+06 574 6270.24 0.00174216 123 123 0 6 0 0 64 0 6270.24 40467 123-aaaga 
28300 3.59912e+06 574 6270.24 0.00174216 123 123 0 6 0 0 64 0 6270.24 40467 123-aaaga 
28400 3.59912e+06 568 6336.48 0.00176056 122 121.455 0 6 0 0 62 0 6336.48 39176 122-aaaod 
28500 3.59912e+06 568 6336.48 0.00176056 122 121.455 0 6 0 0 62 0 6336.48 39176 122-aaaod 
28600 3.59912e+06 568 6336.48 0.00176056 122 121.462 0 6 0 0 62 0 6336.48 39176 122-aaaod 
28700 3.59912e+06 568 6336.48 0.00176056 122 121.588 0 5 0 0 62 0 6336.48 39176 122-aaaod 
28800 113 447 0.252796 0.00223714 116 116 0 5 0 0 10 0 0.252796 700 116-aaaaa 
28900 3.59912e+06 571 6303.18 0.00175131 122 121.444 0 7 0 0 62 0 6303.18 41060 122-aaaou 
29000 3.59912e+06 571 6303.18 0.00175131 122 121.444 0 7 0 0 62 0 6303.18 41060 122-aaaou 
29100 3.59912e+06 571 6303.18 0.00175131 122 121.444 0 7 0 0 62 0 6303.18 41060 122-aaaou 
29200 3.59912e+06 571 6303.18 0.00175131 122 121.444 0 6 0 0 62 0 6303.18 41060 122-aaaou 
29300 3.59912e+06 571 6303.18 0.00175131 122 121.455 0 5 0 0 62 0 6303.18 41060 122-aaaou 
29400 113 447 0.252796 0.00223714 116 116 0 5 0 0 10 0 0.252796 700 116-aaaaa 
29500 113 447 0.252796 0.00223714 116 116 0 5 0 0 10 0 0.252796 700 116-aaaaa 
29600 113 447 0.252796 0.00223714 116 116 0 5 0 0 10 0 0.252796 700 116-aaaaa 
29700 3.47886e+06 569 6114 0.00175747 122 122 0 5 0 0 63 0 6114 43307 122-aaapq 
29800 3.47886e+06 569 6114 0.00175747 122 122 0 5 0 0 63 0 6114 43307 122-aaapq 
29900 3.47886e+06 569 6114 0.00175747 122 122 0 5 0 0 63 0 6114 43307 122-aaapq 
30000 3.47886e+06 569 6114 0.00175747 122 122 0 5 0 0 63 0 6114 43307 122-aaapq 
30100 3.47886e+06 569 6114 0.00175747 122 122 0 5 0 0 63 0 6114 43307 122-aaapq 
30200 113 447 0.252796 0.00223714 116 116 0 5 0 0 10 0 0.252796 700 116-aaaaa 
30300 113 447 0.252796 0.00223714 116 116 0 5 0 0 10 0 0.252796 700 116-aaaaa 
30400 113 447 0.252796 0.00223714 116 116 0 5 0 0 10 0 0.252796 700 116-aaaaa 
30500 113 447 0.252796 0.00223714 116 116 0 5 0 0 10 0 0.252796 700 116-aaaaa 
30600 113 447 0.252796 0.00223714 116 116 0 5 0 0 10 0 0.252796 700 116-aaaaa 
30700 113 447 0.252796 0.00223714 116 116 0 5 0 0 10 0 0.252796 700 116-aaaaa 
30800 113 447 0.252796 0.00223714 116 116 0 5 0 0 10 0 0.252796 700 116-aaaaa 
30900 113 447 0.252796 0.00223714 116 116 0 5 0 0 10 0 0.252796 700 116-aaaaa 
31000 113 447 0.252796 0.00223714 116 116 0 5 0 0 10 0 0.252796 700 116-aaaaa 
31100 113 447 0.252796 0.00223714 116 116 0 5 0 0 10 0 0.252796 700 116-aaaaa 
31200 113 447 0.252796 0.00223714 116 116 0 5 0 0 10 0 0.252796 700 116-aaaaa 
31300 113 447 0.252796 0.00223714 116 116 0 5 0 0 10 0 0.252796 700 116-aaaaa 
31400 113 447 0.252796 0.00223714 116 116 0 5 0 0 10 0 0.252796 700 116-aaaaa 
31500 113 447 0.252796 0.00223714 116 116 0 5 0 0 10 0 0.252796 700 116-aaaaa 
31600 113 447 0.252796 0.00223714 116 116 0 5 0 0 10 0 0.252796 700 116-aaaaa 
31700 113 447 0.252796 0.00223714 116 116 0 5 0 0 10 0 0.252796 700 116-aaaaa 
31800 113 447 0.252796 0.00223714 116 116 0 5 0 0 10 0 0.252796 700 116-aaaaa 
31900 113 447 0.252796 0.00223714 116 116 0 5 0 0 10 0 0.252796 700 116-aaaaa 
32000 113 447 0.252796 0.00223714 116 116 0 5 0 0 10 0 0.252796 700 116-aaaaa 
32100 113 447 0.252796 0.00223714 116 116 0 5 0 0 10 0 0.252796 700 116-aaaaa 
32200 113 447 0.252796 0.00223714 116 116 0 5 0 0 10 0 0.252796 700 116-aaaaa 
32300 113 447 0.252796 0.00223714 116 116 0 5 0 0 10 0 0.252796 700 116-aaaaa 
32400 113 447 0.252796 0.00223714 116 116 0 5 0 0 10 0 0.252796 700 116-aaaaa 
32500 113 447 0.252796 0.00223714 116 116 0 5 0 0 10 0 0.252796 700 116-aaaaa 
32600 113 447 0.252796 0.00223714 116 116 0 5 0 0 10 0 0.252796 700 116-aaaaa 
32700 113 447 0.252796 0.00223714 116 116 0 5 0 0 10 0 0.252796 700 116-aaaaa 
32800 113 447 0.252796 0.00223714 116 116 0 5 0 0 10 0 0.252796 700 116-aaaaa 
32900 113 447 0.252796 0.00223714 116 116 0 5 0 0 10 0 0.252796 700 116-aaaaa 
33000 113 447 0.252796 0.00223714 116 116 0 5 0 0 10 0 0.252796 700 116-aaaaa 
33100 113 447 0.252796 0.00223714 116 116 0 5 0 0 10 0 0.252796 700 116-aaaaa 
33200 113 447 0.252796 0.00223714 116 116 0 5 0 0 10 0 0.252796 700 116-aaaaa 
33300 113 447 0.252796 0.00223714 116 116 0 5 0 0 10 0 0.252796 700 116-aaaaa 
33400 3.56962e+06 568 6284.54 0.00176056 122 122 0 5 0 0 64 0 6284.54 47410 122-aaaqg 
33500 3.56962e+06 568 6284.54 0.00176056 122 122 0 5 0 0 64 0 6284.54 47410 122-aaaqg 
33600 3.56962e+06 568 6284.54 0.00176056 122 122 0 5 0 0 64 0 6284.54 47410 122-aaaqg 
33700 3.56962e+06 568 6284.54 0.00176056 122 122 0 5 0 0 64 0 6284.54 47410 122-aaaqg 
33800 3.56962e+06 568 6284.54 0.00176056 122 122 0 5 0 0 64 0 6284.54 47410 122-aaaqg 
33900 3.56962e+06 568 6284.54 0.00176056 122 122 0 5 0 0 64 0 6284.54 47410 122-aaaqg 
34000 113 447 0.252796 0.00223714 116 116 0 5 0 0 10 0 0.252796 700 116-aaaaa 
34100 113 447 0.252796 0.00223714 116 116 0 5 0 0 10 0 0.252796 700 116-aaaaa 
34200 113 447 0.252796 0.00223714 116 116 0 4 0 0 10 0 0.252796 700 116-aaaaa 
34300 3.16111e+06 543 5821.56 0.00184162 118 118 0 4 0 0 68 0 5821.56 46632 118-aaagb 
34400 3.16111e+06 543 5821.56 0.00184162 118 118 0 4 0 0 68 0 5821.56 46632 118-aaagb 
34500 3.16111e+06 543 5821.56 0.00184162 118 118 0 4 0 0 68 0 5821.56 46632 118-aaagb 
34600 3.16111e+06 543 5821.56 0.00184162 118 118 0 4 0 0 68 0 5821.56 46632 118-aaagb 
34700 3.61961e+06 589 6145.35 0.00169779 127 127 0 4 0 0 67 0 6145.35 49836 127-aaack 
34800 3.16111e+06 543 5821.56 0.00184162 118 118 0 4 0 0 68 0 5821.56 46632 118-aaagb 
34900 3.39161e+06 562 6034.9 0.00177936 120 120 0 5 0 0 62 0 6034.9 44709 120-aaalh 
35000 3.39161e+06 562 6034.9 0.00177936 120 120 0 5 0 0 62 0 6034.9 44709 120-aaalh 
35100 3.39161e+06 562 6034.9 0.00177936 120 120 0 5 0 0 62 0 6034.9 44709 120-aaalh 
35200 3.47886e+06 559 6223.37 0.00178891 120 120.067 0 6 0 0 63 0 6223.37 44111 120-aaalj 
35300 3.47886e+06 559 6223.37 0.00178891 120 120.067 0 6 0 0 63 0 6223.37 44111 120-aaalj 
35400 3.47886e+06 559 6223.37 0.00178891 120 120.067 0 5 0 0 63 0 6223.37 44111 120-aaalj 
35500 3.47886e+06 559 6223.37 0.00178891 120 120.067 0 5 0 0 63 0 6223.37 44111 120-aaalj 
35600 3.65412e+06 594 6151.71 0.0016835 128 128 0 6 0 0 80 0 6151.71 50213 128-aaabd 
35700 3.65412e+06 594 6151.71 0.0016835 128 128 0 6 0 0 80 0 6151.71 50213 128-aaabd 
35800 3.65412e+06 594 6151.71 0.0016835 128 128 0 6 0 0 80 0 6151.71 50213 128-aaabd 
35900 3.65412e+06 594 6151.71 0.0016835 128 128 0 6 0 0 80 0 6151.71 50213 128-aaabd 
36000 3.65412e+06 594 6151.71 0.0016835 128 128 0 6 0 0 80 0 6151.71 50213 128-aaabd 
36100 3.65412e+06 594 6151.71 0.0016835 128 128 0 6 0 0 80 0 6151.71 50213 128-aaabd 
36200 3.65412e+06 594 6151.71 0.0016835 128 128 0 6 0 0 80 0 6151.71 50213 128-aaabd 
36300 3.65412e+06 594 6151.71 0.0016835 128 128 0 6 0 0 80 0 6151.71 50213 128-aaabd 
36400 3.65412e+06 594 6151.71 0.0016835 128 128 0 5 0 0 80 0 6151.71 50213 128-aaabd 
36500 3.65412e+06 594 6151.71 0.0016835 128 128 0 5 0 0 80 0 6151.71 50213 128-aaabd 
36600 3.65412e+06 594 6151.71 0.0016835 128 128 0 5 0 0 80 0 6151.71 50213 128-aaabd 
36700 3.65412e+06 594 6151.71 0.0016835 128 128 0 5 0 0 80 0 6151.71 50213 128-aaabd 
36800 3.65412e+06 594 6151.71 0.0016835 128 128 0 5 0 0 80 0 6151.71 50213 128-aaabd 
36900 3.65412e+06 594 6151.71 0.0016835 128 128 0 5 0 0 80 0 6151.71 50213 128-aaabd 
37000 3.65412e+06 594 6151.71 0.0016835 128 128 0 5 0 0 80 0 6151.71 50213 128-aaabd 
37100 3.65412e+06 594 6151.71 0.0016835 128 128 0 5 0 0 80 0 6151.71 50213 128-aaabd 
37200 3.65412e+06 594 6151.71 0.0016835 128 128 0 5 0 0 80 0 6151.71 50213 128-aaabd 
37300 3.65412e+06 594 6151.71 0.0016835 128 128 0 5 0 0 80 0 6151.71 50213 128-aaabd 
37400 3.65412e+06 594 6151.71 0.0016835 128 128 0 5 0 0 80 0 6151.71 50213 128-aaabd 
37500 3.65412e+06 594 6151.71 0.0016835 128 128 0 5 0 0 80 0 6151.71 50213 128-aaabd 
37600 3.65412e+06 594 6151.71 0.0016835 128 128 0 5 0 0 80 0 6151.71 50213 128-aaabd 
37700 3.65412e+06 594 6151.71 0.0016835 128 128 0 6 1 1 80 0 6151.71 50213 128-aaabd 
37800 3.65412e+06 594 6151.71 0.0016835 128 128 0 6 0 0 80 0 6151.71 50213 128-aaabd 
37900 3.65412e+06 594 6151.71 0.0016835 128 128 0 6 0 0 80 0 6151.71 50213 128-aaabd 
38000 3.65412e+06 594 6151.71 0.0016835 128 128 0 6 0 0 80 0 6151.71 50213 128-aaabd 
38100 3.65412e+06 594 6151.71 0.0016835 128 128 0 6 0 0 80 0 6151.71 50213 128-aaabd 
38200 3.65412e+06 594 6151.71 0.0016835 128 128 0 6 0 0 80 0 6151.71 50213 128-aaabd 
38300 3.65412e+06 594 6151.71 0.0016835 128 128 0 6 0 0 80 0 6151.71 50213 128-aaabd 
38400 3.65412e+06 594 6151.71 0.0016835 128 128 0 6 0 0 80 0 6151.71 50213 128-aaabd 
38500 3.65412e+06 594 6151.71 0.0016835 128 128 0 6 0 0 80 0 6151.71 50213 128-aaabd 
38600 3.65412e+06 594 6151.71 0.0016835 128 128 0 6 0 0 80 0 6151.71 50213 128-aaabd 
38700 3.65412e+06 594 6151.71 0.0016835 128 128 0 6 0 0 80 0 6151.71 50213 128-aaabd 
38800 3.65412e+06 594 6151.71 0.0016835 128 128 0 6 0 0 80 0 6151.71 50213 128-aaabd 
38900 3.65412e+06 594 6151.71 0.0016835 128 128 0 6 0 0 80 0 6151.71 50213 128-aaabd 
39000 3.65412e+06 594 6151.71 0.0016835 128 128 0 6 0 0 80 0 6151.71 50213 128-aaabd 
39100 3.65412e+06 594 6151.71 0.0016835 128 128 0 6 0 0 80 0 6151.71 50213 128-aaabd 
39200 3.65412e+06 594 6151.71 0.0016835 128 128 0 6 0 0 80 0 6151.71 50213 128-aaabd 
39300 3.65412e+06 594 6151.71 0.0016835 128 128 0 6 0 0 80 0 6151.71 50213 128-aaabd 
39400 3.65412e+06 594 6151.71 0.0016835 128 128 0 6 0 0 80 0 6151.71 50213 128-aaabd 
39500 3.65412e+06 594 6151.71 0.0016835 128 128 0 6 0 0 80 0 6151.71 50213 128-aaabd 
39600 3.65412e+06 594 6151.71 0.0016835 128 128 0 6 0 0 80 0 6151.71 50213 128-aaabd 
39700 3.65412e+06 594 6151.71 0.0016835 128 128 0 6 0 0 80 0 6151.71 50213 128-aaabd 
39800 3.65412e+06 594 6151.71 0.0016835 128 128 0 6 0 0 80 0 6151.71 50213 128-aaabd 
39900 3.65412e+06 594 6151.71 0.0016835 128 128 0 6 0 0 80 0 6151.71 50213 128-aaabd 
40000 3.65412e+06 594 6151.71 0.0016835 128 128 0 6 0 0 80 0 6151.71 50213 128-aaabd 
40100 3.36186e+06 564 5960.75 0.00177305 121 121 0 4 0 0 69 0 5960.75 49335 121-aaavi 
40200 113 447 0.252796 0.00223714 116 116 0 4 0 0 10 0 0.252796 700 116-aaaaa 
40300 113 447 0.252796 0.00223714 116 116 0 4 0 0 10 0 0.252796 700 116-aaaaa 
40400 113 447 0.252796 0.00223714 116 116 0 4 0 0 10 0 0.252796 700 116-aaaaa 
40500 113 447 0.252796 0.00223714 116 116 0 4 0 0 10 0 0.252796 700 116-aaaaa 
40600 113 447 0.252796 0.00223714 116 116 0 4 0 0 10 0 0.252796 700 116-aaaaa 
40700 113 447 0.252796 0.00223714 116 116 0 4 0 0 10 0 0.252796 700 116-aaaaa 
40800 4.55613e+06 652 6987.94 0.00153374 140 138.429 0 5 0 0 84 0 6987.94 52958 140-aaaaa 
40900 4.55613e+06 652 6987.94 0.00153374 140 138.429 0 5 0 0 84 0 6987.94 52958 140-aaaaa 
41000 4.55613e+06 652 6987.94 0.00153374 140 138.429 0 5 0 0 84 0 6987.94 52958 140-aaaaa 
41100 4.55613e+06 652 6987.94 0.00153374 140 138.429 0 5 0 0 84 0 6987.94 52958 140-aaaaa 
41200 4.55613e+06 652 6987.94 0.00153374 140 138.429 0 5 0 0 84 0 6987.94 52958 140-aaaaa 
41300 4.55613e+06 652 6987.94 0.00153374 140 138.429 0 5 0 0 84 0 6987.94 52958 140-aaaaa 
41400 4.55613e+06 652 6987.94 0.00153374 140 138.429 0 5 0 0 84 0 6987.94 52958 140-aaaaa 
41500 4.55613e+06 652 6987.94 0.00153374 140 138.429 0 5 0 0 84 0 6987.94 52958 140-aaaaa 
41600 4.55613e+06 652 6987.94 0.00153374 140 138.429 0 5 0 0 84 0 6987.94 52958 140-aaaaa 
41700 4.55613e+06 652 6987.94 0.00153374 140 138.429 0 5 0 0 84 0 6987.94 52958 140-aaaaa 
41800 4.55613e+06 652 6987.94 0.00153374 140 138.429 0 5 0 0 84 0 6987.94 52958 140-aaaaa 
41900 4.55613e+06 652 6987.94 0.00153374 140 138.429 0 5 0 0 84 0 6987.94 52958 140-aaaaa 
42000 4.55613e+06 652 6987.94 0.00153374 140 138.429 0 5 0 0 84 0 6987.94 52958 140-aaaaa 
42100 4.55613e+06 652 6987.94 0.00153374 140 138.429 0 5 0 0 84 0 6987.94 52958 140-aaaaa 
42200 4.55613e+06 652 6987.94 0.00153374 140 138.429 0 5 0 0 84 0 6987.94 52958 140-aaaaa 
42300 3.56712e+06 573 6225.33 0.0017452 122 122 0 5 0 0 65 0 6225.33 54833 122-aaash 
42400 3.56712e+06 573 6225.33 0.0017452 122 122 0 5 0 0 65 0 6225.33 54833 122-aaash 
42500 3.56712e+06 573 6225.33 0.0017452 122 122 0 5 0 0 65 0 6225.33 54833 122-aaash 
42600 3.56712e+06 573 6225.33 0.0017452 122 122 0 5 0 0 65 0 6225.33 54833 122-aaash 
42700 3.56712e+06 573 6225.33 0.0017452 122 122 0 5 0 0 65 0 6225.33 54833 122-aaash 
42800 3.42011e+06 562 6085.61 0.00177936 121 121 0 6 1 1 63 0 6085.61 48782 121-aaawh 
42900 3.42011e+06 562 6085.61 0.00177936 121 121 0 6 0 0 63 0 6085.61 48782 121-aaawh 
43000 3.42011e+06 562 6085.61 0.00177936 121 121 0 5 0 0 63 0 6085.61 48782 121-aaawh 
43100 3.42011e+06 562 6085.61 0.00177936 121 121 0 5 0 0 63 0 6085.61 48782 121-aaawh 
43200 3.42011e+06 562 6085.61 0.00177936 121 121 0 5 0 0 63 0 6085.61 48782 121-aaawh 
43300 4.55613e+06 652 6987.94 0.00153374 140 138.6 0 5 0 0 84 0 6987.94 52958 140-aaaaa 
43400 3.42011e+06 562 6085.61 0.00177936 121 121 0 5 0 0 63 0 6085.61 48782 121-aaawh 
43500 3.42011e+06 562 6085.61 0.00177936 121 121 0 5 0 0 63 0 6085.61 48782 121-aaawh 
43600 3.42011e+06 562 6085.61 0.00177936 121 121 0 5 0 0 63 0 6085.61 48782 121-aaawh 
43700 3.42011e+06 562 6085.61 0.00177936 121 121 0 5 0 0 63 0 6085.61 48782 121-aaawh 
43800 3.42011e+06 562 6085.61 0.00177936 121 121 0 5 0 0 63 0 6085.61 48782 121-aaawh 
43900 3.42011e+06 562 6085.61 0.00177936 121 121 0 5 0 0 63 0 6085.61 48782 121-aaawh 
44000 3.42011e+06 562 6085.61 0.00177936 121 121 0 5 0 0 63 0 6085.61 48782 121-aaawh 
44100 3.42011e+06 562 6085.61 0.00177936 121 121 0 5 0 0 63 0 6085.61 48782 121-aaawh 
44200 3.42011e+06 562 6085.61 0.00177936 121 121 0 5 0 0 63 0 6085.61 48782 121-aaawh 
44300 3.42011e+06 562 6085.61 0.00177936 121 121 0 5 0 0 63 0 6085.61 48782 121-aaawh 
44400 3.42011e+06 562 6085.61 0.00177936 121 121 0 5 0 0 63 0 6085.61 48782 121-aaawh 
44500 3.42011e+06 562 6085.61 0.00177936 121 121 0 5 0 0 63 0 6085.61 48782 121-aaawh 
44600 3.42011e+06 562 6085.61 0.00177936 121 121 0 5 0 0 63 0 6085.61 48782 121-aaawh 
44700 3.42011e+06 562 6085.61 0.00177936 121 121 0 5 0 0 63 0 6085.61 48782 121-aaawh 
44800 3.42011e+06 562 6085.61 0.00177936 121 121 0 5 0 0 63 0 6085.61 48782 121-aaawh 
44900 3.33211e+06 552 6036.43 0.00181159 119 119.5 0 6 0 0 68 0 6036.43 56362 119-aaakg 
45000 3.33211e+06 552 6036.43 0.00181159 119 119.5 0 6 0 0 68 0 6036.43 56362 119-aaakg 
45100 3.33211e+06 552 6036.43 0.00181159 119 119.5 0 5 0 0 68 0 6036.43 56362 119-aaakg 
45200 3.33211e+06 552 6036.43 0.00181159 119 119.5 0 5 0 0 68 0 6036.43 56362 119-aaakg 
45300 3.42011e+06 562 6085.61 0.00177936 121 121 0 5 0 0 63 0 6085.61 48782 121-aaawh 
45400 3.42011e+06 562 6085.61 0.00177936 121 121 0 5 0 0 63 0 6085.61 48782 121-aaawh 
45500 3.53636e+06 573 6171.67 0.0017452 123 123 0 6 0 0 64 0 6171.67 45960 123-aaaik 
45600 3.53636e+06 573 6171.67 0.0017452 123 123 0 6 0 0 64 0 6171.67 45960 123-aaaik 
45700 3.53636e+06 573 6171.67 0.0017452 123 123 0 6 0 0 64 0 6171.67 45960 123-aaaik 
45800 3.53636e+06 573 6171.67 0.0017452 123 123 0 6 0 0 64 0 6171.67 45960 123-aaaik 
45900 3.53636e+06 573 6171.67 0.0017452 123 123 0 6 0 0 64 0 6171.67 45960 123-aaaik 
46000 3.53636e+06 573 6171.67 0.0017452 123 123 0 5 0 0 64 0 6171.67 45960 123-aaaik 
46100 3.53636e+06 573 6171.67 0.0017452 123 123 0 5 0 0 64 0 6171.67 45960 123-aaaik 
46200 3.53636e+06 573 6171.67 0.0017452 123 123 0 5 0 0 64 0 6171.67 45960 123-aaaik 
46300 3.42237e+06 560 6111.37 0.00178571 122 121.286 0 5 0 0 71 0 6111.37 46112 122-aaasu 
46400 3.42237e+06 560 6111.37 0.00178571 122 121.286 0 5 0 0 71 0 6111.37 46112 122-aaasu 
46500 3.42237e+06 560 6111.37 0.00178571 122 121.286 0 5 0 0 71 0 6111.37 46112 122-aaasu 
46600 3.42237e+06 560 6111.37 0.00178571 122 121.286 0 5 0 0 71 0 6111.37 46112 122-aaasu 
46700 3.42237e+06 560 6111.37 0.00178571 122 121.286 0 5 0 0 71 0 6111.37 46112 122-aaasu 
46800 3.42237e+06 560 6111.37 0.00178571 122 121.286 0 5 0 0 71 0 6111.37 46112 122-aaasu 
46900 3.42237e+06 560 6111.37 0.00178571 122 121.286 0 5 0 0 71 0 6111.37 46112 122-aaasu 
47000 3.42237e+06 560 6111.37 0.00178571 122 121.286 0 5 0 0 71 0 6111.37 46112 122-aaasu 
47100 3.42237e+06 560 6111.37 0.00178571 122 121.286 0 5 0 0 71 0 6111.37 46112 122-aaasu 
47200 3.42237e+06 560 6111.37 0.00178571 122 121.286 0 5 0 0 71 0 6111.37 46112 122-aaasu 
47300 3.54012e+06 562 6299.14 0.00177936 122 122 0 5 0 0 69 0 6299.14 56785 122-aaass 
47400 3.54012e+06 562 6299.14 0.00177936 122 122 0 5 0 0 69 0 6299.14 56785 122-aaass 
47500 3.54012e+06 562 6299.14 0.00177936 122 122 0 5 0 0 69 0 6299.14 56785 122-aaass 
47600 3.42011e+06 562 6085.61 0.00177936 121 121 0 5 0 0 63 0 6085.61 48782 121-aaawh 
47700 3.42011e+06 562 6085.61 0.00177936 121 121 0 5 0 0 63 0 6085.61 48782 121-aaawh 
47800 3.41611e+06 564 6056.94 0.00177305 121 121 0 5 0 0 66 0 6056.94 58035 121-aaaye 
47900 3.41611e+06 564 6056.94 0.00177305 121 121 0 5 0 0 66 0 6056.94 58035 121-aaaye 
48000 3.39161e+06 564 6013.5 0.00177305 122 122 0 5 0 0 75 0 6013.5 50997 122-aaasd 
48100 3.41611e+06 564 6056.94 0.00177305 121 121 0 5 0 0 66 0 6056.94 58035 121-aaaye 
48200 3.41611e+06 564 6056.94 0.00177305 121 121 0 5 0 0 66 0 6056.94 58035 121-aaaye 
48300 3.41611e+06 564 6056.94 0.00177305 121 121 0 5 0 0 66 0 6056.94 58035 121-aaaye 
48400 3.41611e+06 564 6056.94 0.00177305 121 121 0 5 0 0 66 0 6056.94 58035 121-aaaye 
48500 3.41611e+06 564 6056.94 0.00177305 121 121 0 5 0 0 66 0 6056.94 58035 121-aaaye 
48600 3.41611e+06 564 6056.94 0.00177305 121 121 0 5 0 0 66 0 6056.94 58035 121-aaaye 
48700 3.41611e+06 564 6056.94 0.00177305 121 121 0 5 0 0 66 0 6056.94 58035 121-aaaye 
48800 3.41611e+06 564 6056.94 0.00177305 121 121 0 5 0 0 66 0 6056.94 58035 121-aaaye 
48900 3.41611e+06 564 6056.94 0.00177305 121 121 0 5 0 0 66 0 6056.94 58035 121-aaaye 
49000 3.41611e+06 564 6056.94 0.00177305 121 121 0 5 0 0 66 0 6056.94 58035 121-aaaye 
49100 3.41611e+06 564 6056.94 0.00177305 121 121 0 5 0 0 66 0 6056.94 58035 121-aaaye 
49200 3.41611e+06 564 6056.94 0.00177305 121 121 0 5 0 0 66 0 6056.94 58035 121-aaaye 
49300 3.41611e+06 564 6056.94 0.00177305 121 121 0 5 0 0 66 0 6056.94 58035 121-aaaye 
49400 3.41611e+06 564 6056.94 0.00177305 121 121 0 5 0 0 66 0 6056.94 58035 121-aaaye 
49500 3.41611e+06 564 6056.94 0.00177305 121 121 0 5 0 0 66 0 6056.94 58035 121-aaaye 
49600 3.41611e+06 564 6056.94 0.00177305 121 121 0 5 0 0 66 0 6056.94 58035 121-aaaye 
49700 3.41611e+06 564 6056.94 0.00177305 121 121 0 5 0 0 66 0 6056.94 58035 121-aaaye 
49800 3.41611e+06 564 6056.94 0.00177305 121 121 0 5 0 0 66 0 6056.94 58035 121-aaaye 
49900 3.41611e+06 564 6056.94 0.00177305 121 121 0 5 0 0 66 0 6056.94 58035 121-aaaye 
50000 3.41611e+06 564 6056.94 0.00177305 121 121 0 5 0 0 66 0 6056.94 58035 121-aaaye 
