# Avida instruction execution data
# Mon Jan 16 12:08:46 2017
#  1: Update
#  2: nop-A
#  3: nop-B
#  4: nop-C
#  5: if-n-equ
#  6: if-less
#  7: if-label
#  8: mov-head
#  9: jmp-head
# 10: get-head
# 11: set-flow
# 12: shift-r
# 13: shift-l
# 14: inc
# 15: dec
# 16: push
# 17: pop
# 18: swap-stk
# 19: swap
# 20: add
# 21: sub
# 22: nand
# 23: h-copy
# 24: h-alloc
# 25: h-divide
# 26: sense-resource0
# 27: time
# 28: IO
# 29: h-search

0 0 0 0 0 0 0 0 0 0 0 0 0 0 0 0 0 0 0 0 0 0 0 0 0 0 0 0 0 
100 0 0 0 0 0 0 0 0 0 0 0 0 0 0 0 0 0 0 0 0 0 0 0 0 0 0 0 0 
200 0 0 0 0 0 0 0 0 0 0 0 0 0 0 0 0 0 0 0 0 0 0 0 0 0 0 0 0 
300 0 0 0 0 0 0 0 0 0 0 0 0 0 0 0 0 0 0 0 0 0 0 0 0 0 0 0 0 
400 0 0 170 0 0 200 200 0 0 0 0 0 0 0 0 0 0 0 0 0 0 200 2 2 0 0 0 4 
500 0 0 170 0 0 200 200 0 0 0 0 0 0 0 0 0 0 0 0 0 0 200 2 2 0 0 0 4 
600 0 0 170 0 0 200 200 0 0 0 0 0 0 0 0 0 0 0 0 0 0 200 2 2 0 0 0 4 
700 0 0 170 0 0 200 200 0 0 0 0 0 0 0 0 0 0 0 0 0 0 200 2 2 0 0 0 4 
800 0 0 340 0 0 400 400 0 0 0 0 0 0 0 0 0 0 0 0 0 0 400 4 4 0 0 0 8 
900 0 0 340 0 0 400 400 0 0 0 0 0 0 0 0 0 0 0 0 0 0 400 4 4 0 0 0 8 
1000 0 0 340 0 0 400 400 0 0 0 0 0 0 0 0 0 0 0 0 0 0 400 4 4 0 0 0 8 
1100 0 0 340 0 0 400 400 0 0 0 0 0 0 0 0 0 0 0 0 0 0 400 4 4 0 0 0 8 
1200 0 0 591 0 0 700 700 2 0 0 0 0 0 0 0 0 0 0 0 0 0 700 7 7 0 0 0 14 
1300 0 0 676 0 0 800 800 2 0 0 0 0 0 0 0 0 0 0 0 0 0 800 8 8 0 0 0 16 
1400 0 0 676 0 0 800 800 2 0 0 0 0 0 0 0 0 0 0 0 0 0 800 8 8 0 0 0 16 
1500 0 0 676 0 0 800 800 2 0 0 0 0 0 0 0 0 0 0 0 0 0 800 8 8 0 0 0 16 
1600 4 0 1182 0 0 1404 1404 4 0 0 0 0 0 0 0 0 0 0 0 0 0 1404 14 14 0 0 0 28 
1700 4 0 1348 0 0 1604 1604 4 0 0 0 0 0 0 0 0 0 0 2 0 0 1604 16 16 0 0 0 32 
1800 4 0 1348 0 0 1604 1604 4 0 0 0 0 0 0 0 0 0 0 2 0 0 1604 16 16 0 0 0 32 
1900 8 0 1654 0 0 2006 2006 6 0 0 0 0 2 0 0 0 0 0 2 0 0 2006 20 20 0 0 0 42 
2000 16 0 2316 2 0 2814 2814 8 0 2 0 0 2 0 0 2 0 0 2 0 0 2814 28 28 0 0 0 58 
2100 14 0 2406 2 0 2912 2912 7 0 2 0 0 2 0 0 4 0 0 4 0 0 2912 29 29 0 0 0 59 
2200 14 0 2406 2 0 2912 2912 7 0 2 0 0 2 0 0 4 0 0 4 0 0 2912 29 29 0 0 0 59 
2300 26 0 3058 2 0 3720 3720 9 0 2 0 0 4 0 0 6 0 4 4 0 0 3720 37 37 2 0 0 75 
2400 40 0 3852 4 0 4733 4733 10 0 4 2 2 4 2 0 10 0 6 6 0 2 4733 47 47 2 0 0 97 
2500 40 0 3856 4 0 4733 4733 10 0 4 2 2 4 1 0 9 0 6 6 0 2 4733 47 47 2 0 0 97 
2600 40 0 3856 4 0 4733 4733 10 0 4 2 2 4 1 0 9 0 6 6 0 2 4733 47 47 2 0 0 97 
2700 64 2 4645 3 0 5753 5755 14 2 5 4 2 7 1 2 11 0 9 5 0 5 5753 57 57 3 6 0 116 
2800 84 2 5668 6 2 7074 7078 18 2 8 10 4 7 2 2 16 0 12 7 0 6 7076 70 70 3 8 0 143 
2900 83 2 5671 6 2 7074 7078 18 2 8 10 4 6 2 2 16 0 11 8 0 6 7076 70 70 3 8 0 143 
3000 83 2 5752 6 2 7073 7077 18 2 8 10 4 6 2 2 16 0 11 8 0 7 7075 71 71 3 8 0 145 
3100 146 6 7055 5 2 8832 8835 27 3 9 14 7 12 2 4 20 0 17 11 0 9 8833 88 88 5 14 0 179 
3200 145 6 7872 8 3 9831 9839 26 3 11 20 8 13 2 3 20 0 17 9 0 11 9834 98 98 6 16 0 200 
3300 145 6 7953 8 4 9932 9941 26 3 11 18 8 13 2 3 21 2 17 9 0 11 9935 99 99 8 16 0 202 
3400 146 8 8026 8 4 10030 10039 26 3 11 18 8 14 2 3 21 2 17 10 0 11 10033 100 100 8 17 0 204 
3500 354 8 9314 9 4 11788 11800 38 8 18 22 16 17 4 7 25 1 27 20 1 13 11793 117 117 6 22 0 238 
3600 357 8 10559 13 6 13394 13409 38 8 20 28 18 18 4 7 29 2 28 21 2 19 13397 133 133 11 21 0 272 
3700 357 8 10558 13 6 13394 13408 38 8 20 28 18 18 4 7 29 3 28 22 2 19 13397 133 133 12 21 0 272 
3800 371 11 10832 11 6 13807 13820 39 8 19 31 19 23 4 7 30 3 29 23 3 21 13809 137 137 13 26 0 279 
3900 408 12 11921 12 8 15448 15464 50 11 22 41 25 33 8 5 31 2 36 17 4 23 15449 152 152 18 31 3 310 
4000 399 9 12919 20 11 16752 16769 47 8 28 44 25 29 8 4 37 2 38 18 4 31 16750 165 165 21 31 5 337 
4100 399 9 12911 20 11 16752 16769 47 8 28 44 25 29 10 4 37 2 38 18 4 31 16750 165 165 21 33 5 337 
4200 409 10 13279 20 11 17260 17278 48 8 30 50 27 33 10 4 36 6 36 18 5 33 17258 170 170 23 38 7 347 
4300 826 15 14848 26 9 19565 19686 58 9 35 59 31 43 12 12 45 6 152 19 6 37 19670 192 192 26 45 10 395 
4400 734 11 15731 32 12 20682 20806 58 7 41 63 32 40 13 11 53 7 153 21 7 47 20784 204 204 26 45 9 424 
4500 733 11 15749 32 12 20681 20806 58 7 41 63 32 39 13 11 53 7 152 21 7 47 20784 204 204 26 45 9 424 
4600 664 13 16294 32 12 21301 21428 62 6 41 65 36 44 15 13 53 7 154 20 9 50 21408 211 211 28 47 9 437 
4700 862 15 18494 36 11 24392 24524 76 11 47 73 42 50 18 18 62 10 172 20 10 60 24503 240 240 30 55 17 495 
4800 898 12 19291 45 14 25436 25570 74 16 58 75 41 51 15 18 73 10 175 27 9 65 25546 251 251 29 54 17 521 
4900 897 12 19336 45 16 25545 25677 74 16 57 75 41 51 15 18 74 12 176 26 9 64 25652 252 252 30 54 17 523 
5000 936 15 19734 44 16 26174 26307 77 17 62 75 41 59 15 18 74 10 177 27 9 64 26284 258 258 36 59 17 539 
5100 1343 18 22131 52 15 29448 29692 94 23 72 88 63 65 115 27 85 14 192 36 15 81 29672 291 291 37 67 26 614 
5200 1400 17 22832 57 17 30660 30854 96 21 79 88 63 67 65 25 92 18 196 37 14 86 30835 301 301 36 70 28 641 
5300 1353 21 23046 57 22 31085 31228 98 21 76 89 64 67 297 26 96 18 147 36 14 85 31204 304 304 38 69 28 645 
5400 1415 25 23737 52 22 32029 32169 108 23 76 91 71 77 181 30 97 18 155 34 11 82 32148 313 313 38 73 27 660 
5500 1497 29 25994 67 32 35502 35546 121 24 92 102 76 88 20 37 101 18 119 40 17 91 35531 344 344 39 84 28 725 
5600 1495 36 26777 75 38 36706 36753 122 24 100 100 74 89 24 38 114 20 121 40 19 101 36738 356 356 41 89 29 760 
5700 1498 37 27048 74 41 37170 37215 125 24 102 99 73 88 22 38 118 22 123 38 19 102 37201 360 360 39 89 29 770 
5800 1846 47 28287 78 56 38531 38675 146 21 99 113 80 99 29 142 116 25 135 36 25 101 38664 377 377 43 100 32 803 
5900 2010 51 30361 80 61 41673 41829 150 32 108 123 84 107 32 145 123 31 151 40 32 114 41808 405 405 41 107 38 856 
6000 2055 57 31114 90 58 42974 43132 151 33 114 122 88 112 35 149 130 34 150 36 34 122 43111 417 417 43 109 44 893 
6100 2046 60 31406 90 65 43373 43530 156 32 118 123 86 111 38 147 135 41 153 34 34 124 43504 422 422 47 109 45 906 
6200 2404 69 32963 92 66 45403 45561 173 43 116 134 97 114 37 165 136 43 166 35 43 119 45552 443 443 49 129 45 950 
6300 3034 72 35115 103 68 48673 48929 179 49 122 146 96 122 40 170 139 137 180 44 41 129 48918 472 472 64 138 53 1014 
6400 2797 76 35778 105 70 49416 49677 173 49 120 141 98 126 43 168 146 138 179 47 42 141 49663 481 481 62 140 58 1036 
6500 2738 80 36274 108 73 50173 50431 175 48 122 141 101 127 50 165 149 140 180 46 45 145 50418 489 489 65 143 59 1059 
6600 2927 99 37727 109 80 52453 52713 191 53 119 159 119 141 53 172 151 138 195 48 41 138 52703 509 509 69 152 59 1096 
6700 3148 100 39301 124 180 54756 55125 192 54 122 173 116 157 54 175 171 142 200 58 52 153 55099 533 533 84 169 67 1154 
6800 3229 109 39790 128 182 55794 56114 194 52 126 172 115 158 54 177 173 97 200 64 51 160 56084 541 541 81 168 73 1174 
6900 3279 110 40080 133 183 56336 56648 198 57 129 176 120 165 55 180 172 97 206 63 56 160 56626 546 546 78 169 72 1188 
7000 3687 121 42090 140 237 59331 59702 238 69 138 189 132 171 57 186 178 97 222 68 69 157 59689 574 574 86 196 77 1244 
7100 3685 123 44029 159 235 62401 62775 242 71 149 196 131 185 64 184 186 104 239 75 82 175 62753 603 603 99 212 82 1317 
7200 3671 131 44684 166 235 63493 63864 245 73 154 198 131 195 62 189 187 106 238 80 80 185 63838 614 614 100 214 84 1350 
7300 3910 138 45198 166 239 64121 64587 250 79 151 199 134 201 69 194 185 109 242 80 87 185 64562 621 621 97 215 85 1371 
7400 4338 147 47094 174 197 66888 67410 277 99 167 221 159 209 70 205 186 112 263 87 93 179 67392 647 647 106 236 85 1426 
7500 4611 149 49726 190 203 71149 71676 290 107 180 234 159 223 86 207 201 124 286 105 106 212 71648 686 686 134 257 102 1509 
7600 4532 160 50644 205 205 72720 73207 289 106 187 238 158 236 89 210 204 84 284 110 110 230 73171 701 701 135 258 102 1548 
7700 4638 163 50944 213 206 73489 73913 292 117 185 243 157 254 96 212 202 86 289 108 124 233 73885 708 708 132 256 105 1567 
7800 4716 170 53095 219 157 77414 77756 321 116 198 274 189 282 104 221 222 85 307 126 122 227 77716 741 741 151 287 107 1638 
7900 4941 173 55444 230 176 80947 81333 323 112 215 286 183 281 114 223 249 101 422 133 141 263 81293 775 775 170 300 124 1712 
8000 4921 177 56408 245 182 82549 82935 327 114 223 283 185 283 122 226 260 108 433 130 149 283 82894 790 790 169 301 123 1747 
8100 5149 181 56878 255 186 83812 84131 335 128 226 286 186 294 127 228 257 107 399 127 155 283 84107 799 799 169 307 126 1772 
8200 5739 201 59181 263 196 87646 87936 358 142 238 319 220 320 138 197 261 117 403 151 166 270 87908 833 833 207 329 136 1843 
8300 5590 208 61311 275 151 91048 91248 366 134 253 327 216 330 141 193 285 137 413 162 178 291 91222 865 865 221 342 153 1926 
8400 5787 212 62410 299 258 92580 92884 360 150 256 338 216 331 149 198 280 141 412 166 231 315 92845 883 883 226 345 144 1971 
8500 6070 220 63103 313 260 93170 93665 355 263 254 343 217 337 155 197 283 140 430 169 241 320 93633 893 893 226 349 158 1996 
8600 6251 228 65332 316 210 97579 97846 378 214 272 396 246 363 163 176 294 145 439 189 240 321 97804 928 928 247 370 166 2072 
8700 6725 237 67446 331 221 100673 101087 394 213 289 401 249 363 175 181 311 157 468 184 232 345 101043 956 956 253 382 184 2144 
8800 6678 244 68964 354 234 103577 103991 399 229 295 409 246 372 189 188 327 167 469 186 254 380 103945 982 982 249 391 184 2218 
8900 6757 259 69702 358 235 104732 105142 402 242 296 413 254 383 189 183 326 176 476 192 262 374 105107 993 993 252 407 190 2242 
9000 7214 272 71880 378 184 108487 108863 426 241 318 429 279 406 206 192 326 178 499 209 270 370 108834 1024 1024 265 437 204 2303 
9100 7271 282 73158 378 202 110544 110837 410 185 318 440 276 412 232 187 330 200 469 216 262 393 110800 1042 1042 268 450 221 2336 
9200 7589 292 74737 399 210 114192 114416 421 196 339 449 270 413 244 203 349 202 480 223 276 424 114373 1072 1072 281 458 225 2423 
9300 7427 300 75802 429 216 115844 116066 414 215 339 476 277 429 460 202 363 218 490 221 288 426 116022 1090 1090 297 468 236 2463 
9400 7808 322 77986 442 211 119560 119808 436 231 354 503 318 458 473 219 376 218 525 233 296 421 119757 1123 1123 322 514 259 2550 
9500 7535 317 78250 451 213 119778 120151 386 277 346 482 309 461 461 340 370 222 532 231 297 437 120108 1128 1128 352 541 320 2606 
9600 7893 309 78674 463 223 121182 121503 367 314 352 472 307 467 457 285 387 216 554 234 286 445 121469 1136 1136 381 575 379 2652 
9700 7727 304 79437 488 234 122428 122747 343 357 356 467 303 471 456 224 404 213 595 235 295 456 122790 1149 1149 406 625 446 2716 
9800 7995 305 80606 512 235 125205 125499 335 410 357 465 313 486 443 234 448 216 615 242 304 465 125510 1170 1170 441 675 522 2793 
9900 8144 310 81470 514 239 127469 127759 331 455 349 462 321 508 444 244 494 218 636 257 318 474 127774 1188 1188 445 705 596 2867 
10000 8492 304 82796 517 250 130402 130684 317 507 351 466 322 528 450 252 561 227 662 274 339 491 130715 1214 1214 463 733 698 2965 
10100 8890 307 84122 540 263 132883 133323 310 548 354 554 327 542 452 262 626 233 761 291 354 497 133324 1238 1238 474 762 770 3049 
10200 9554 310 85887 568 274 137351 137844 306 617 357 531 337 569 457 276 719 235 805 299 382 508 137906 1272 1272 503 823 898 3187 
10300 9880 318 87565 594 288 140555 141098 302 663 357 540 345 595 461 280 794 237 858 308 411 521 141112 1301 1301 648 856 1002 3289 
10400 10705 324 89418 615 301 144550 144995 307 732 364 590 344 629 472 293 901 255 912 324 445 536 145010 1334 1334 684 898 1125 3414 
10500 11261 454 90916 659 315 149207 149771 297 936 374 588 360 656 474 305 994 271 968 354 480 564 149764 1367 1367 751 962 1252 3548 
10600 11758 396 91854 674 329 151728 152320 297 994 371 602 359 677 473 314 1058 283 1005 355 501 595 152283 1387 1387 759 1003 1331 3625 
10700 12129 401 92713 701 449 154459 155072 302 982 372 613 374 685 482 314 1120 282 1024 374 520 615 155020 1409 1409 781 1169 1420 3708 
10800 12505 347 93760 719 462 157272 157999 301 1048 370 609 380 706 483 329 1205 309 1083 382 550 639 157958 1433 1433 801 1218 1527 3828 
10900 12976 352 94257 742 486 159157 160066 297 1109 373 610 401 740 510 336 1274 322 1110 404 586 671 160032 1449 1449 834 1259 1631 3901 
11000 13432 360 96213 761 535 165533 166074 294 1145 377 620 426 768 537 355 1396 378 1129 437 619 708 166084 1494 1494 756 1330 1798 4082 
11100 13784 369 97348 794 495 168603 169085 298 1204 383 629 437 798 542 373 1513 394 1180 448 654 760 169086 1519 1519 779 1361 1919 4185 
11200 13764 372 97255 819 517 170220 170581 298 1242 391 577 456 815 549 382 1570 404 1205 454 676 807 170593 1527 1527 807 1343 2016 4232 
11300 15238 387 99586 859 467 176732 176946 292 1349 394 597 480 871 561 403 1669 445 1274 493 709 839 176970 1573 1573 845 1359 2180 4411 
11400 15393 393 100553 890 607 179127 179443 302 1413 387 611 489 893 553 410 1748 456 1307 534 742 888 179465 1596 1596 866 1406 2302 4484 
11500 15970 393 100824 905 627 180918 181350 295 1450 385 617 510 910 567 429 1916 465 1333 521 773 902 181352 1608 1608 895 1438 2384 4545 
11600 15340 411 103140 948 656 185445 185885 284 1586 402 635 532 951 578 439 2048 496 1410 535 820 970 185905 1656 1656 957 1489 2557 4730 
11700 15371 423 103561 964 656 187516 187887 283 1597 405 633 552 957 585 435 2053 517 1432 546 825 976 187901 1670 1670 974 1527 2621 4805 
11800 15473 431 104724 1013 624 191060 191363 288 1650 410 649 577 1012 597 455 2132 536 1482 569 876 1023 191387 1700 1700 1018 1561 2764 4936 
11900 15625 433 105109 1028 641 192147 192697 291 1698 418 653 715 1002 617 465 2207 553 1515 689 905 1041 192712 1713 1713 1033 1604 2834 4993 
12000 16095 437 106825 1076 620 196803 197260 295 1772 415 671 727 1038 645 476 2313 578 1576 649 967 1080 197306 1750 1750 1073 1664 2994 5134 
12100 16181 439 107339 1089 628 198960 199387 296 1806 417 657 752 1081 650 497 2453 609 1605 672 984 1082 199445 1769 1769 1094 1688 3095 5217 
12200 16382 443 108404 1110 653 201680 202155 301 1874 421 666 707 1105 669 519 2525 640 1648 683 1008 1134 202217 1793 1793 1113 1721 3226 5293 
12300 15829 456 108512 1112 657 202323 202729 294 1903 422 676 717 1097 678 538 2574 654 1667 635 1008 1161 202807 1800 1800 1116 1756 3273 5322 
12400 16898 479 110695 1145 675 207907 208379 305 1952 422 703 743 1141 711 566 2658 677 1784 671 1052 1188 208508 1844 1844 1169 1817 3437 5482 
12500 16817 486 111088 1167 713 210311 210651 309 1992 428 713 766 1154 731 601 2682 719 1772 685 1074 1208 210767 1863 1863 1205 1843 3538 5580 
12600 17078 495 112390 1204 729 212629 213199 314 2057 421 744 836 1161 740 735 2771 742 1791 696 1103 1268 213325 1889 1889 1219 1884 3668 5662 
12700 17182 507 112746 1238 751 214387 214958 334 2103 417 748 844 1188 746 745 2828 754 1832 718 1130 1284 215065 1902 1902 1249 1899 3738 5720 
12800 17953 640 114183 1281 907 217492 218385 463 2189 432 768 1004 1206 768 762 2913 757 1928 738 1174 1345 218519 1936 1936 1281 1963 3895 5841 
12900 18539 658 115274 1323 943 220959 221922 466 2272 429 783 956 1244 788 790 2979 796 1985 776 1202 1369 222082 1963 1963 1317 2119 3988 5972 
13000 18529 660 115775 1330 960 222775 223575 472 2318 446 846 915 1258 798 791 3037 825 2022 776 1207 1405 223731 1976 1976 1325 2069 4047 5990 
13100 18566 675 116786 1390 991 225855 226637 577 2438 436 838 859 1283 832 765 3124 866 2061 810 1250 1452 226803 2003 2003 1347 2107 4170 6112 
13200 18708 690 117831 1396 1002 228156 229028 540 2493 447 857 887 1300 849 784 3207 896 2093 828 1287 1464 229208 2025 2025 1387 2148 4280 6181 
13300 19241 586 119985 1455 997 233197 234110 508 2579 444 884 944 1341 886 733 3297 927 2164 856 1340 1523 234411 2070 2070 1462 2262 4476 6345 
13400 19442 597 120268 1486 1131 234669 235755 516 2609 436 887 977 1378 895 743 3328 946 2173 883 1418 1530 236156 2082 2082 1467 2216 4534 6416 
13500 20050 731 121618 1496 1151 238338 239433 524 2677 454 907 1020 1411 928 773 3415 982 2242 889 1456 1604 239883 2112 2112 1491 2254 4672 6490 
13600 20074 751 122471 1549 1130 242092 242979 528 2681 448 926 1017 1444 953 772 3510 1026 2262 927 1502 1605 243362 2137 2137 1541 2291 4809 6605 
13700 20034 756 123523 1595 1273 244394 245423 589 2735 452 948 1068 1476 965 796 3601 1062 2295 942 1549 1636 245820 2164 2164 1575 2326 4919 6686 
13800 20460 768 125654 1622 1174 250084 250969 546 2865 461 962 1094 1502 1001 792 3722 1050 2377 956 1660 1702 251358 2209 2209 1631 2464 5099 6851 
13900 20495 778 126194 1653 1206 252598 253478 550 2913 472 962 1175 1538 997 805 3776 1078 2412 1001 1688 1708 253884 2230 2230 1667 2481 5186 6933 
14000 20800 784 126752 1666 1230 254794 255759 564 2970 481 979 1216 1563 1016 953 3862 1109 2485 1005 1719 1756 256154 2250 2250 1693 2491 5283 6992 
14100 21328 806 127919 1705 1291 258059 259137 517 3048 472 1092 1220 1613 1064 955 3957 1134 2501 1119 1799 1823 259483 2280 2280 1751 2559 5475 7093 
14200 21612 829 128023 1705 1309 258843 260080 641 3082 474 1095 1230 1634 1056 959 4022 1143 2516 1154 1824 1821 260493 2291 2291 1768 2571 5545 7152 
14300 22259 832 129764 1727 1267 263616 264910 593 3195 495 1132 1274 1679 1142 993 4130 1226 2605 1131 1886 2023 265345 2332 2332 1782 2643 5723 7274 
14400 22541 862 130738 1753 1283 267178 268385 596 3247 500 1153 1299 1701 1155 1007 4189 1264 2682 1148 1913 1989 268820 2357 2357 1828 2695 5862 7373 
14500 22480 881 131536 1780 1244 271063 271952 607 3319 519 1085 1356 1724 1131 923 4281 1288 2683 1166 1968 2027 272368 2382 2382 1852 2712 5943 7485 
14600 22977 809 132705 1795 1278 275248 276158 624 3382 525 1108 1350 1744 1172 951 4385 1282 2749 1170 2023 2080 276591 2413 2413 1955 2808 6078 7599 
14700 23675 807 133526 1834 1319 277946 278765 630 3458 536 1151 1393 1788 1196 967 4465 1327 2767 1205 1998 2067 279248 2435 2435 2023 2833 6224 7667 
14800 23763 828 133692 1865 1342 279819 280628 642 3519 564 1183 1437 1809 1181 980 4521 1315 2807 1237 2033 2086 281135 2451 2451 2020 2864 6317 7743 
14900 24237 826 135076 1906 1392 284276 285128 603 3601 578 1217 1497 1862 1219 1011 4654 1352 2887 1259 2108 2175 285642 2485 2485 2059 2914 6505 7869 
15000 24917 777 136011 1918 1421 287562 288554 609 3704 570 1357 1525 1890 1235 1045 4757 1411 2929 1339 2144 2219 289066 2514 2514 2136 3023 6627 7955 
15100 24819 770 136538 1917 1445 289744 290724 613 3765 586 1234 1570 1893 1236 1038 4927 1406 2981 1342 2186 2235 291233 2532 2532 2144 3035 6701 8018 
15200 25176 790 137465 1986 1472 293716 294629 625 3846 595 1248 1638 1963 1274 1089 4994 1432 3193 1377 2267 2292 295121 2567 2567 2166 3112 6867 8178 
15300 25739 801 137849 2030 1468 296483 297253 626 3897 586 1298 1714 1978 1336 1111 5065 1487 3252 1411 2303 2330 297716 2586 2586 2226 3175 6986 8257 
15400 26059 812 138305 2049 1536 298721 299361 629 3981 652 1293 1743 1994 1359 1125 5096 1483 3291 1437 2357 2347 299835 2604 2604 2232 3169 7152 8384 
15500 26995 823 139898 2101 1556 303309 304233 648 4045 662 1293 1840 2066 1388 1148 5318 1509 3374 1468 2426 2426 304730 2646 2646 2361 3256 7330 8536 
15600 26409 848 140185 2118 1612 305874 306775 648 4085 671 1321 1863 2128 1418 1200 5359 1562 3401 1503 2455 2481 307276 2667 2667 2411 3301 7458 8613 
15700 27406 825 141038 2162 1631 309471 310486 661 4136 708 1317 1937 2157 1451 1207 5447 1559 3458 1524 2604 2518 311038 2692 2692 2420 3297 7560 8706 
15800 27786 846 142047 2168 1652 313772 314836 806 4214 712 1311 1982 2142 1473 1246 5566 1587 3561 1571 2703 2573 315373 2728 2728 2423 3351 7704 8843 
15900 28316 879 143015 2214 1785 316465 317678 685 4300 705 1372 2028 2208 1500 1410 5586 1668 3628 1635 2773 2623 318265 2757 2757 2469 3426 7849 8962 
16000 28492 895 143759 2234 1810 318391 319735 672 4366 715 1389 2071 2242 1495 1441 5708 1730 3683 1691 2795 2671 320349 2779 2779 2539 3436 7947 9053 
16100 28641 897 144698 2254 1946 321874 323328 622 4433 730 1398 2150 2282 1509 1469 5827 1728 3792 1695 2922 2718 323924 2812 2812 2482 3465 8091 9130 
16200 28943 916 146166 2324 1995 326915 328274 625 4552 760 1416 2196 2325 1550 1517 5871 1786 3823 1757 2910 2766 328934 2851 2851 2546 3551 8283 9305 
16300 29676 1062 147219 2383 2014 330290 331679 614 4583 765 1418 2283 2379 1568 1527 5955 1841 3910 1782 2976 2822 332367 2878 2878 2563 3582 8407 9437 
16400 29538 1002 147873 2419 2028 332467 333843 639 4676 776 1422 2341 2392 1582 1551 6012 1836 3912 1787 3031 2853 334526 2901 2901 2567 3574 8509 9510 
16500 28974 958 147982 2430 2063 335658 336767 631 4706 769 1411 2378 2395 1618 1558 6114 1845 3964 1823 3040 2891 337460 2921 2921 2535 3650 8626 9600 
16600 30017 973 148803 2513 2225 339545 340549 633 4774 793 1449 2472 2483 1690 1613 6117 1890 4040 1896 3107 2938 341247 2949 2949 2580 3706 8820 9752 
16700 30317 966 148589 2514 2178 341345 342329 733 4847 845 1453 2485 2497 1674 1613 6148 1906 4070 1916 3127 2947 343059 2960 2960 2594 3712 8892 9767 
16800 30514 989 149487 2584 2210 342677 343824 753 4946 839 1480 2689 2547 1704 1659 6236 1888 4208 2046 3234 2987 344521 2980 2980 2639 3773 9081 9896 
16900 30658 991 150551 2634 2254 347653 348634 758 5028 881 1505 2674 2656 1727 1708 6309 1936 4247 2099 3281 3044 349349 3016 3016 2653 3842 9240 10040 
17000 30754 1003 151023 2656 2284 350445 351451 753 5066 852 1552 2699 2684 1735 1671 6343 1992 4282 2149 3309 3086 352189 3038 3038 2703 3850 9348 10098 
17100 30767 980 151580 2679 2274 353021 353943 706 5123 877 1559 2761 2701 1784 1705 6641 2001 4344 2160 3486 3179 354718 3061 3061 2728 3845 9480 10165 
17200 30259 984 152025 2693 2276 355044 355939 729 5189 882 1564 2799 2712 1786 1732 6750 2022 4402 2213 3531 3186 356698 3081 3081 2746 3919 9595 10278 
17300 30385 1002 151849 2763 2337 357114 358283 736 5360 896 1600 2847 2794 1802 1796 6842 2063 4458 2253 3605 3360 358999 3104 3104 2794 4009 9769 10381 
17400 30796 1008 152165 2735 2379 358248 359451 799 5420 903 1631 2881 2821 1820 1807 6771 2068 4453 2261 3639 3302 360200 3115 3115 2816 3991 9824 10402 
17500 31487 1008 152653 2881 2388 361097 362337 794 5480 934 1629 2941 2810 1873 1801 6876 2059 4525 2198 3724 3360 363164 3139 3139 2823 4024 9951 10486 
17600 31555 1023 153348 2939 2360 364319 365474 804 5545 927 1637 3010 3096 1916 1815 7081 2093 4649 2246 3765 3418 366318 3165 3165 2870 4098 10124 10608 
17700 31864 1046 153538 2991 2375 365738 367159 925 5619 950 1879 2954 3159 2017 1837 7080 2110 4690 2318 3807 3452 367980 3185 3185 2897 4155 10248 10737 
17800 31930 1050 153767 3030 2491 368484 369948 877 5720 962 1865 3025 3182 2027 1874 7257 2165 4773 2376 3853 3481 370782 3209 3209 2925 4208 13060 10817 
17900 31889 1039 153625 3072 2505 369400 370852 881 5734 978 2108 3058 3332 1980 1889 7320 2237 4843 2418 3944 3581 371691 3220 3220 2918 4278 18692 10888 
18000 31678 1044 153323 3083 2439 370228 371616 884 5779 979 2128 3068 3026 1974 1918 7366 2302 4877 2484 3877 3705 372447 3227 3227 2943 4276 23863 10940 
18100 31667 1033 152768 3131 2553 370429 371905 837 5826 985 2057 3098 3094 1963 1961 7422 2352 4910 2550 3883 3826 372760 3229 3229 2970 4319 28703 11026 
18200 31610 1017 152219 3171 2491 371721 373026 788 5866 996 1990 3085 3164 1969 2045 7557 2427 4999 2636 3891 3952 373844 3239 3239 2962 4381 34285 11140 
18300 31675 1023 151549 3186 2501 372035 373304 792 5890 1000 1964 3072 3211 1962 2093 7584 2480 4985 2644 3888 4008 374121 3238 3238 2968 4453 38756 11194 
18400 31635 1018 151007 3217 2373 372891 374038 804 5927 1011 1998 3063 3290 1952 2179 7647 2545 4958 2702 3878 4084 374860 3241 3241 3001 4488 42603 11254 
18500 31444 1019 150099 3211 2331 373919 375014 798 5975 1001 2016 3060 3368 1957 2191 7663 2598 4942 2775 3883 4198 375827 3243 3243 3041 4549 47797 11341 
18600 31604 1035 149036 3221 2223 374306 375272 811 6079 1017 2267 3043 3451 1945 2267 7680 2625 4969 2845 3900 4306 376073 3243 3243 3188 4624 53119 11430 
18700 31886 1079 148437 3234 2221 374761 375758 829 6130 1025 2149 3074 3511 2171 2322 7769 2714 4991 2905 3913 4409 376538 3247 3247 3224 4685 57126 11587 
18800 31560 1076 147801 3324 2231 375463 376348 842 6166 1038 2038 3083 3625 2151 2386 7814 2754 5003 2989 4013 4490 377156 3252 3252 3196 4752 61155 11684 
18900 31686 1024 146726 3418 2217 375586 376737 1072 6195 1047 2030 3058 3694 2000 2439 7831 2785 4997 3076 3971 4529 377521 3254 3254 3170 4827 66583 11720 
19000 31681 1008 146134 3333 2186 375181 376366 1096 6282 1080 2041 3072 3755 2010 2526 7861 2858 5033 3311 3975 4643 377109 3252 3252 3115 4901 70374 11834 
19100 32361 1022 145160 3316 2190 374751 376268 1212 6400 1091 2052 3107 3758 2018 2444 7849 2876 5028 3320 4162 4684 377009 3250 3250 3115 5024 73188 11835 
19200 32105 1034 144478 3345 2190 376184 377192 954 6457 1125 2084 3112 3819 2021 2480 8022 2918 5043 3331 4054 4758 377949 3253 3253 3140 4950 77261 11900 
19300 32371 1026 143674 3389 2205 377080 377823 959 6512 1151 2031 3120 3855 1972 2519 8115 2974 5076 3343 3937 4854 378585 3256 3256 3153 4998 81124 11952 
19400 32064 1033 143211 3388 2203 377447 378214 945 6555 1157 2045 3151 3910 1862 2546 8151 3000 5083 3401 3926 4863 378961 3258 3258 3160 5018 83859 12000 
19500 32023 1047 142458 3390 2203 377829 378665 951 6567 1161 2174 3171 3930 1874 2582 8112 3072 5087 3428 3906 4922 379413 3261 3261 3180 5006 87132 12012 
19600 33873 1049 141651 3398 2198 380052 380821 1193 6545 1197 2063 3410 4197 1969 2598 8166 3097 5101 3504 3907 4999 381579 3261 3261 3182 5039 92603 12077 
19700 36103 1049 141037 3409 2221 382774 383520 1203 6574 1216 2094 3389 4238 1961 2653 8199 3112 5078 3553 3918 5022 384296 3261 3261 3166 5091 98248 12113 
19800 37826 1044 140519 3423 2212 384663 385375 1092 6519 1216 2092 3388 4159 1978 2823 8204 3147 5067 3610 3914 5088 386143 3261 3261 3235 5095 102216 12153 
19900 40469 1053 140372 3421 2225 387355 388058 1113 6506 1235 2101 3260 4201 1838 2697 8248 3162 5084 3658 3913 5122 388832 3262 3262 3199 5133 107174 12186 
20000 40959 1051 139978 3441 2235 387703 388376 1109 6546 1239 2135 3279 4205 1847 2726 8272 3210 5068 3688 3921 5126 389140 3262 3262 3201 5151 109379 12211 
20100 41337 1058 139335 3468 2251 388803 389419 1111 6610 1256 2020 3153 4275 1842 2724 8307 3221 5078 3727 3919 5201 390222 3263 3263 3210 5202 113228 12296 
20200 39550 1052 139262 3514 2271 386718 387392 1050 6642 1258 1975 3186 4356 1855 2751 8348 3255 5196 3753 3929 5239 388213 3262 3262 3197 5451 112966 12345 
20300 40007 1062 138741 3501 2276 387119 387757 932 6729 1268 1979 3176 4377 1855 2760 8370 3277 5140 3768 3938 5259 388611 3259 3259 3183 5339 115941 12373 
20400 38735 1066 138395 3532 2350 386705 387226 936 6680 1276 1958 3169 4648 1873 2800 8408 3292 5061 3812 3943 5297 388067 3262 3262 3192 5357 116554 12418 
20500 38119 1093 138094 3519 2365 386460 387015 1001 6719 1287 1961 3180 4682 1865 2816 8423 3300 5076 3828 3952 5335 387890 3264 3264 3156 5349 117934 12479 
20600 37684 1089 137469 3549 2320 385773 386380 1014 6763 1284 1966 3198 4601 1882 2857 8572 3317 5079 3873 3943 5367 387258 3265 3265 3107 5386 119548 12528 
20700 36915 1112 137175 3556 2318 385242 385857 1012 6784 1323 1962 3211 4627 1877 2867 8562 3286 5082 3900 3941 5409 386764 3265 3265 3116 5393 120586 12533 
20800 34697 1093 136753 3577 2356 382673 383245 1025 6781 1330 1986 3226 4545 1881 2883 8524 3304 5052 3957 3953 5682 384204 3265 3265 3103 5392 119814 12577 
20900 32323 1166 136688 3574 2427 380441 380946 953 6824 1353 1987 3238 4441 1878 2896 8629 3385 5103 4018 3963 6131 381920 3262 3262 3239 5300 119369 12582 
21000 33320 1273 137071 3567 2461 382218 382845 997 6988 1339 2019 3238 4482 1869 3087 8935 3713 5236 4201 3958 6462 383898 3269 3269 3329 5474 124499 12642 
21100 34838 1240 136704 3571 2457 383006 383915 1187 7040 1380 2040 3243 4509 1981 3091 9031 3838 5240 4245 3964 6429 385410 3269 3269 3377 5537 126630 12695 
21200 34299 1196 135990 3563 2456 382295 383147 1093 7011 1401 2044 3270 4564 1919 3056 8870 3782 5199 4204 3945 6614 384074 3269 3269 3199 5744 128136 12755 
21300 34284 1223 134909 3555 2430 383108 383882 1018 7048 1418 2064 3246 4590 1922 3096 8838 3748 5166 4257 3952 6190 384800 3267 3267 3238 5599 131897 12827 
21400 34833 1218 134625 3635 2440 383372 384152 948 7097 1438 2068 3245 4588 1914 3078 8865 3750 5282 4257 3951 6218 385107 3269 3269 3230 5606 134097 12826 
21500 35395 1254 133857 3602 2395 384568 385310 962 7297 1468 2084 3213 4719 1853 3381 8775 3736 5193 4352 4099 6119 386221 3271 3271 3243 5655 137593 12897 
21600 35137 1166 133511 3594 2412 384120 385004 971 7313 1467 2129 3216 4719 1851 3160 8893 3953 5194 4353 4093 6078 385937 3271 3271 3254 5651 139510 12935 
21700 34678 1222 132374 3587 2411 385060 385657 940 7309 1458 2155 3227 4769 1856 3178 8716 3698 5093 4346 4101 5942 386566 3272 3272 3226 5632 142115 13008 
21800 33882 1214 131838 3633 2450 384447 384902 942 7281 1451 2183 3211 4839 1856 3202 8742 3746 5094 4359 4037 5941 385794 3269 3269 3234 5649 143524 13005 
21900 33787 1239 131318 3587 2458 384575 385012 967 7317 1466 2204 3189 4833 1862 3241 8598 3738 5124 4463 4302 6022 385928 3271 3271 3243 5701 146127 13061 
22000 33933 1231 130843 3606 2493 385240 385641 1102 7407 1478 2228 3194 4862 1865 3268 8625 3729 5114 4493 4302 6048 386616 3274 3274 3272 5724 148761 13064 
22100 33873 1256 130261 3594 2489 385941 386316 1053 7433 1501 2242 3193 4889 1867 3446 8529 3742 5135 4585 4314 6116 387321 3277 3277 3315 5733 152426 13155 
22200 33877 1242 129881 3605 2610 385837 386317 1042 7338 1516 2269 3206 4932 1857 3467 8547 3782 5113 4619 4329 6117 387358 3277 3277 3346 5767 154069 13138 
22300 32490 1283 129225 3545 2624 384861 385284 1030 7360 1538 2285 3208 4964 1864 3520 8570 3851 5185 4672 4142 6198 386337 3277 3277 3357 5768 155732 13236 
22400 33224 1275 129019 3570 2617 385857 386260 1034 7314 1541 2299 3339 4978 1881 3558 8596 3827 5165 4706 4212 6182 387307 3278 3278 3360 5679 157687 13263 
22500 33085 1300 127931 3598 2615 385283 385708 1034 7347 1585 2344 3268 5116 1870 3552 8634 3837 5175 4764 4396 6265 386735 3278 3278 3392 5916 160292 13343 
22600 33302 1317 127559 3609 2614 384908 385478 1072 7357 1571 2356 3257 5141 1900 3566 8792 3865 5181 4803 4325 6248 386524 3276 3276 3408 5703 162342 13341 
22700 32602 1330 127461 3601 2597 384514 385311 1066 7483 1599 2396 3262 5439 1906 3600 8846 3881 5194 4827 4215 6299 386415 3281 3281 3584 5710 163442 13424 
22800 32982 1344 126580 3615 2482 385300 385910 1089 7507 1617 2390 3337 5458 1941 3659 8921 3944 5215 4880 4206 6345 386978 3279 3279 3579 5686 167538 13481 
22900 32702 1335 126398 3640 2494 385064 385822 1094 7559 1617 2410 3310 5529 1988 3684 8970 3972 5235 4936 4232 6317 387067 3282 3282 3608 5696 169130 13528 
23000 33246 1385 125839 3645 2506 386565 387091 1166 7465 1641 2433 3273 5594 1959 3734 8991 4086 5268 5109 4294 6448 388389 3280 3280 3557 5711 173797 13590 
23100 33682 1358 125653 3818 2509 386003 386646 1204 7472 1653 2453 3283 5614 2089 3712 8938 4088 5378 5098 4304 6428 387875 3279 3279 3742 5746 174728 13554 
23200 31301 1394 124849 3755 2534 384483 384871 1178 7503 1689 2445 3283 5654 2101 3707 8917 4088 5380 5127 4339 6474 386079 3276 3276 3748 5761 174710 13610 
23300 31233 1394 124282 3775 2538 384196 384584 1339 7503 1699 2446 3303 5649 2121 3735 8939 4134 5323 5148 4314 6482 385816 3276 3276 3726 5892 176839 13635 
23400 29683 1429 123569 3763 2560 383050 383392 1316 7567 1718 2457 3290 5687 2105 3768 8949 4070 5365 5205 4459 6536 384821 3278 3278 3746 5900 177438 13649 
23500 29723 1433 123796 3796 2570 383143 383565 1148 7557 1729 2459 3311 5702 2008 3824 8974 4154 5316 5236 4460 6610 385283 3280 3280 3701 6248 178981 13667 
23600 29686 1445 122701 3790 2563 382717 383103 1265 7887 1752 2634 3318 5736 2035 3858 8962 4149 5275 5279 4456 6631 384822 3277 3277 3652 6453 179621 13668 
23700 29204 1471 122163 3825 2607 383756 383924 1259 7976 1763 2585 3341 5725 2021 3945 8956 4184 5334 5344 4408 7052 385413 3282 3282 3718 6250 184133 13790 
23800 29381 1485 121844 3828 2606 383937 384111 1156 7893 1766 2701 3354 5742 2045 3951 9023 4194 5362 5396 4414 7098 385536 3282 3282 3693 6169 185965 13798 
23900 29296 1525 121331 3855 2646 383826 384117 1319 7840 1789 2736 3379 5796 2050 3982 9305 4218 5509 5466 4505 7166 385460 3287 3287 3780 6080 188591 13873 
24000 28855 1549 120814 3777 2594 383947 383984 1195 7819 1822 2628 3386 5825 2050 3998 9310 4246 5532 5506 4566 7204 385378 3283 3283 3725 6300 190886 13905 
24100 29090 1567 120261 3777 2599 384111 384037 1242 7759 1838 2788 3353 5832 2072 4014 9348 4259 5518 5530 4572 7180 385459 3285 3285 3697 6058 192604 13924 
24200 28504 1594 119816 3791 2571 385277 385022 1384 7788 1859 2737 3342 5883 2081 4012 9344 4292 5490 5554 4545 7122 386453 3288 3288 3670 6117 196575 14032 
24300 28828 1585 119136 3817 2551 384476 384448 1387 7827 1853 2748 3352 5823 2209 4045 9646 4560 5619 5812 4671 7363 385872 3285 3285 3676 6185 198175 14008 
24400 28684 1611 118813 3794 2598 384721 384484 1405 7891 1844 2702 3496 5811 2073 4060 9390 4543 5557 5856 4678 7358 386141 3286 3286 3703 6212 198661 14063 
24500 29009 1606 118278 3803 2632 385454 385272 1521 7889 1886 2711 3754 5908 2099 4106 9289 4479 5542 5922 4653 7420 386898 3290 3290 3708 6278 201471 14182 
24600 28427 1629 117802 3815 2581 385679 385259 1409 7935 1894 2689 3652 5904 2107 4118 9352 4523 5754 5922 4635 7316 386891 3290 3290 3683 6221 203035 14175 
24700 29127 1645 117656 3852 2629 387202 386896 1563 7985 1887 2710 3711 6162 2123 4122 9485 4693 5850 5865 4765 7243 388498 3298 3298 3725 6258 206321 14280 
24800 28559 1646 117034 3863 2657 388187 387670 1788 7990 1916 2747 3635 6157 2151 4189 9356 4636 5874 5889 4860 7296 389221 3299 3299 3721 6192 210029 14327 
24900 28502 1758 116548 3874 2664 387018 387017 1787 8016 1938 2785 3676 6191 2144 4305 9393 4883 5861 5878 4630 7585 388553 3299 3299 3721 6193 211252 14345 
25000 28816 1821 116531 4031 2729 387231 387308 1826 8230 1936 2857 3609 6296 2266 4356 9433 4917 5915 5949 4798 7475 388864 3302 3302 3794 6223 212944 14365 
25100 28957 1888 115818 3973 2731 388296 388103 1951 8232 1964 3105 3570 6384 2300 4445 9481 4917 5954 5993 4915 7459 389707 3303 3303 3831 6323 217092 14401 
25200 29457 1912 115234 3974 2747 388055 387906 2069 8164 1996 3136 3708 6414 2312 4492 9509 4932 5927 6079 4695 7454 389543 3304 3304 3837 6344 219539 14416 
25300 29657 1931 114894 3981 2769 389321 389068 1729 8102 1979 2915 3682 6679 2261 4541 9487 4995 5967 5968 4803 7385 390692 3306 3306 3870 6362 222479 14483 
25400 29528 1926 114347 3982 2772 389444 389292 1724 8170 1984 2903 3751 6664 2203 4560 9499 5028 5966 6106 4853 7395 390794 3305 3305 3844 6396 225425 14532 
25500 29949 1879 113786 4013 2753 389404 389297 1876 8221 2024 3034 3754 6706 2218 4588 9537 4928 5991 6148 4842 7396 390807 3305 3305 3895 6387 227306 14513 
25600 30062 1865 113522 4048 2771 391150 390961 1771 8259 2049 2998 3856 6737 2238 4649 9558 4947 6001 6203 4774 7486 392459 3314 3314 3926 6398 230568 14621 
25700 29715 1872 113041 4015 2789 391054 390774 1643 8280 2066 2993 3785 6813 2304 4606 9566 4999 6038 6223 4763 7530 392247 3314 3314 3965 6397 232944 14627 
25800 29578 1818 112336 4079 2787 391560 390879 1672 8327 2095 3012 3757 6749 2312 4631 9587 5015 6044 6190 4650 7549 392370 3313 3313 3991 6474 235181 14650 
25900 29534 1856 112444 4110 2814 392878 392243 1773 8389 2141 3148 3757 6894 2363 4808 9598 5050 6088 6396 4574 7837 393756 3323 3323 4076 6446 238384 14745 
26000 30164 1861 112125 4186 2785 394669 393945 1772 8383 2169 3200 3630 6968 2379 4753 9479 5195 6110 6413 4577 8037 395470 3329 3329 4107 6476 241770 14802 
26100 30039 1848 111558 4153 2914 394080 393399 1434 8388 2185 3202 3644 7200 2385 4729 9533 5202 6258 6462 4578 8034 394928 3326 3326 4125 6438 242716 14817 
26200 30630 1908 110950 4201 2918 394306 393853 1457 8495 2217 3150 3671 7233 2401 4853 9619 5218 6230 6412 4717 8007 395408 3333 3333 4161 6525 246389 14854 
26300 30375 1904 110479 4223 2907 395150 394635 1569 8488 2245 3129 3643 7266 2406 4885 9595 5172 6273 6390 4618 8044 396223 3338 3338 4563 6533 248290 14904 
26400 30508 1911 109983 4212 2923 396482 395851 1593 8513 2306 3177 3693 7312 2453 5196 9648 5216 6327 6375 4670 8070 397443 3344 3344 4637 6570 252114 14968 
26500 31143 1962 109274 4209 2988 397325 396749 1734 8616 2330 3133 3703 7400 2605 5241 9624 5259 6374 6447 4590 8096 398392 3349 3349 4490 6645 256071 15070 
26600 32115 1994 109284 4238 3043 399000 398312 1644 8874 2357 3168 3718 7389 2573 5340 9720 5294 6397 6517 4646 8304 400018 3356 3356 4487 6696 259050 15125 
26700 31543 1990 108629 4243 3033 399483 398795 1784 8776 2408 3207 3739 7438 2598 5379 9725 5326 6322 6555 4719 8244 400518 3359 3359 4520 6707 262546 15161 
26800 32225 1978 108218 4215 3011 399729 399308 1673 8843 2399 3234 3749 7432 2749 5538 9767 5349 6295 6590 4847 8235 401214 3360 3360 4546 6738 264966 15211 
26900 32489 2031 108056 4214 3000 401000 400604 1667 8910 2438 3266 3748 7493 2838 5528 9779 5365 6311 6638 4843 8260 402538 3368 3368 4572 6798 267947 15236 
27000 33574 2023 108029 4251 3013 402953 402651 1700 9079 2455 3490 3826 7414 2793 5655 9996 5485 6464 6779 4914 8353 404718 3379 3379 4716 6893 272206 15329 
27100 33805 2042 107621 4299 3191 404064 403729 1720 9126 2496 3550 3854 7474 2816 5448 10147 5398 6457 6834 4949 8326 405805 3387 3387 4721 6939 276061 15468 
27200 34119 2055 106681 4323 3159 405909 405299 1728 9211 2492 3551 3885 7529 2798 5414 10128 5696 6420 6858 4755 8259 407339 3387 3387 4673 7006 279584 15508 
27300 35630 2068 106600 4350 3111 409986 409231 1784 9348 2535 3557 3898 7596 2811 5622 10159 5718 6463 6899 4753 8331 411311 3402 3402 5087 7105 284499 15614 
27400 35736 2070 106238 4344 3059 412061 411092 1791 9359 2558 3593 3922 7645 2795 5621 10142 5730 6439 6946 4790 8420 413175 3411 3411 4957 7118 287932 15677 
27500 36586 2082 105525 4390 3064 412991 412235 1824 9674 2597 3684 3927 7723 3302 5455 10145 5784 6590 7023 4782 8433 414289 3419 3419 5023 7154 291637 15823 
27600 37791 2099 105456 4405 3084 413793 413358 1717 9705 2595 3711 4028 8036 3152 5511 10158 5964 6641 7224 4820 8441 415572 3427 3427 5039 7236 294639 15905 
27700 39328 2196 105475 4431 3143 418229 417489 1745 9607 2633 3860 4053 8165 3054 5473 10476 5941 6676 7166 5096 8525 419716 3447 3447 5102 7294 299392 16010 
27800 39538 2202 104855 4441 3148 419150 418296 1975 9620 2657 3821 4023 8099 2958 5430 10379 5902 6656 7192 5121 8618 420435 3447 3447 5120 7299 301312 16031 
27900 38891 2190 104619 4480 3624 421093 420030 2022 9633 2716 3854 4625 8149 3001 5426 10448 5975 6728 7206 5107 8680 422118 3459 3459 5148 7314 304995 16157 
28000 40504 2216 104229 4528 3641 424610 423516 2055 9863 2744 3885 4666 8214 3030 5495 10491 6036 6768 7297 5193 8682 425624 3473 3473 4935 7419 310533 16236 
28100 42597 2181 104266 4686 3605 428662 427379 2061 9952 2800 4139 4403 8274 3076 5592 10405 6095 6774 7324 5207 8715 429456 3488 3488 5221 7490 315011 16317 
28200 42239 2178 104136 4705 3367 428468 427194 2143 9935 2832 4116 4391 8291 3064 5605 10406 6109 6763 7343 5236 8774 429236 3490 3490 5366 7479 315743 16334 
28300 42749 2253 104135 4695 3386 430735 429442 2331 9991 2867 4230 4430 8380 2981 5883 10491 6101 6858 7446 5279 8864 431595 3504 3504 5654 7523 320581 16439 
28400 42796 2278 103417 4798 3426 431772 430454 2672 10087 2914 4282 4204 8477 3176 5929 10560 6005 6833 7504 5704 8922 432617 3508 3508 5704 7565 324521 16506 
28500 41759 2287 102932 4805 3455 430859 429774 2391 10382 2945 4244 4346 8579 3196 5819 10543 6033 6872 7508 5975 8925 432020 3515 3515 5430 7989 325228 16571 
28600 43801 2278 102709 4860 3475 435088 433828 2450 10224 2974 4267 4666 8641 3245 5909 10566 6076 6859 7577 5983 8972 436118 3527 3527 5518 8016 330811 16631 
28700 45263 2303 102489 4986 3504 437133 435884 2357 10248 3015 4232 4661 8789 3219 5945 10610 6075 6792 7621 6203 9042 438226 3532 3532 5565 8043 334264 16705 
28800 44668 2309 102024 4968 3522 436478 435270 2380 10284 3054 4348 4673 8840 3265 5984 10672 5996 6813 7642 6218 9066 437664 3536 3536 5459 8021 336999 16796 
28900 44637 2373 101229 5098 3515 434540 433647 2509 10321 3057 4350 4699 8787 3186 6004 10929 6093 6839 7705 5645 9184 436051 3532 3532 5504 8040 338617 16854 
29000 44263 2419 101016 5135 3839 436001 434895 2495 10254 3100 4404 4605 8953 3193 6262 10876 6266 6877 7781 5678 9252 437339 3545 3545 5546 8142 340838 16975 
29100 47581 2435 100970 5160 3838 440710 439655 2484 10311 3112 4443 4764 9033 3237 6332 10932 6206 6887 7813 5590 9324 442112 3554 3554 5616 8191 346929 17000 
29200 49475 2442 101043 5185 3808 441994 441379 2324 10330 3140 4418 4684 9053 3238 6352 10990 6111 6901 7878 5593 9418 443841 3559 3559 5637 8269 350223 17017 
29300 52777 2456 100669 5302 3849 446305 445605 2346 10370 3167 4442 4715 9302 3385 6304 11014 6155 6935 7902 5406 9328 448112 3559 3559 5659 8287 356579 17117 
29400 53725 2463 100731 5297 4007 448159 447651 2373 10680 3194 4318 4732 9343 3310 6534 11046 6178 6945 7947 5289 9365 450211 3561 3561 5662 8256 359840 17167 
29500 57676 2521 100293 5346 3999 453524 453056 2644 10615 3205 4356 4874 9411 3342 6461 11087 6202 6990 8017 5309 9414 455640 3568 3568 5712 8200 367124 17216 
29600 57367 2474 100159 5379 4014 453486 453042 3020 10610 3231 4354 4844 9394 3338 6502 11094 6160 6986 8034 5307 9464 455623 3571 3571 5763 8226 367550 17220 
29700 60210 2498 100508 5195 3916 457090 457078 3050 10618 3249 4353 4854 9419 3362 6586 11103 6168 7017 8068 5296 9489 459735 3575 3575 5824 8286 372812 17294 
29800 64862 2515 99680 5210 3929 463992 463460 2964 10779 3274 4337 4834 9466 3377 6593 11298 6202 7054 8100 5296 9545 466066 3576 3576 5834 8314 379633 17345 
29900 64165 2507 99508 5073 3972 463788 463247 2949 10832 3289 4354 4838 9498 3349 6630 11273 6175 7114 8153 5302 9616 465869 3579 3579 5810 8315 380772 17378 
30000 64550 2510 99110 5046 3984 463388 463175 2979 10853 3304 4391 4873 9403 3369 6610 11249 6296 7106 8145 5330 9857 465826 3577 3577 5663 8200 382209 17423 
30100 68598 2519 97775 4963 4003 470456 469419 2997 10899 3362 4442 4769 9512 3382 6654 11277 6320 7136 8214 5344 9960 472046 3578 3578 5699 8226 390920 17469 
30200 71915 2538 97058 4983 4016 474871 473638 3034 11077 3381 4493 4790 9425 3397 6684 11332 6357 7158 8252 5340 9991 476252 3582 3582 5742 8256 397099 17532 
30300 71361 2560 97026 5004 4008 471824 471469 2920 11079 3389 4496 4803 9378 3387 6706 11330 6325 7177 8242 5339 10965 474084 3585 3585 5782 8270 395460 17560 
30400 71742 2555 96860 5028 4267 473549 473062 2798 11017 3383 4488 4771 9366 3409 6718 11334 6332 7170 8245 5767 10996 475691 3587 3587 5795 8310 397414 17573 
30500 75011 2585 96930 5049 4307 479009 477923 2929 11066 3416 4500 5274 9423 3418 6761 11357 6337 7192 8273 5810 10437 480559 3591 3591 5824 8346 402726 17579 
30600 74697 2571 96702 5058 4320 477125 476869 2832 11058 3443 4492 5263 9457 3427 6773 11510 6389 7226 8321 5918 10974 479479 3591 3591 5823 8355 402977 17621 
30700 76224 2678 96630 5063 4460 480346 479696 3091 11189 3442 4508 5262 9472 3441 6774 11526 6353 7247 8345 5935 10497 482305 3592 3592 5762 8380 406038 17626 
30800 77129 2679 96258 5048 4477 481567 480837 2973 11027 3458 4518 5267 9498 3463 6582 11535 6377 7247 8452 6051 10507 483447 3590 3590 5726 8457 408241 17654 
30900 80638 2626 96042 5068 4511 486737 485373 2998 11045 3491 4582 5311 9553 3402 6594 11528 6395 7231 8739 6061 9997 488002 3589 3589 5766 8625 413174 17663 
31000 83818 2647 95713 5100 4528 491724 490329 3005 11258 3531 4644 5345 9619 3446 6613 11551 6412 7257 8774 6077 10022 492977 3592 3592 5786 8676 419603 17685 
31100 86617 2658 95405 5115 4558 496171 494874 3024 11305 3543 4663 5605 9672 3804 6665 11560 6431 7307 8838 6107 10164 497528 3594 3594 5800 8689 424664 17730 
31200 84221 2662 95197 5156 4576 492598 491460 3026 11271 3547 4674 5266 9666 3654 6646 11531 6438 7309 8837 6105 10151 494134 3591 3591 5827 8588 422411 17769 
31300 84892 2681 94881 5254 4584 493558 492265 2915 11157 3569 4673 5243 9682 3752 6671 11516 6482 7318 8827 6110 10192 494950 3595 3595 5882 8606 423966 17785 
31400 88992 2683 94657 5257 4360 497918 496465 2945 11191 3582 4712 5273 9719 3826 6942 11423 6507 7338 8871 6077 10219 499161 3592 3592 5934 8619 428575 17806 
31500 92792 2718 94405 5266 4385 500972 499485 2975 11218 3631 4754 5320 9728 3809 6985 11436 6504 7394 8883 5883 10252 502209 3589 3589 6072 8646 432640 17800 
31600 92407 2725 94000 5262 4389 500214 498595 2998 11226 3643 4763 5321 9709 3805 6991 11412 6524 7403 8879 5862 10247 501335 3583 3583 6094 8652 432716 17810 
31700 99663 2842 94156 5280 4669 509188 507671 3014 11282 3650 4792 5239 9761 3823 7019 11577 6561 7654 8947 5671 10282 510436 3586 3586 6102 8688 442249 17829 
31800 104642 2860 94065 5300 4993 513582 512134 3022 11373 3685 4802 5250 9888 3846 7034 11532 6584 7698 8977 5721 10449 514905 3585 3585 6126 8722 447449 17837 
31900 104334 2853 93802 5430 5000 513876 512554 3138 11367 3693 4766 5257 9905 3680 7042 11541 6591 8089 8998 5983 10469 515321 3584 3584 6210 8714 448027 17851 
32000 109455 2865 93733 5456 5045 520594 519178 3156 11384 3719 4814 5314 9963 3702 7079 11563 6618 8131 8901 6021 10441 521984 3584 3584 6248 8766 455708 17837 
32100 115905 2905 93455 5484 5095 523913 522390 3242 11430 3759 4871 5355 10054 3730 7247 11618 6633 8182 8950 6048 10475 526218 3590 3590 6306 8821 458820 17954 
32200 119404 2913 93071 5553 5091 529268 527673 3274 11496 3803 4924 5372 10094 3765 7152 11645 6678 8036 9004 6071 10495 531523 3591 3591 6348 8862 465503 18006 
32300 118710 2911 93044 5564 5104 531013 529401 3279 11640 3812 4933 5370 10125 3782 7162 11648 6676 8037 9036 6091 10513 533257 3595 3595 6352 8841 467698 18040 
32400 121283 2923 93163 5600 5115 530183 528817 3260 11766 3810 4943 5363 10111 3788 7134 11650 6686 8036 9051 6091 10481 532701 3594 3594 6375 8845 467584 18055 
32500 121800 2926 93102 5647 4899 536028 534648 3246 11790 3818 4953 5382 10137 3775 7140 11627 6671 8041 9061 6136 10501 538033 3595 3595 6377 8863 474237 18043 
32600 124848 2930 92847 5637 4886 535079 533636 3265 11760 3825 4956 5232 10122 3776 7147 11622 6672 8040 9039 6117 10503 537008 3595 3595 6381 8861 473884 18071 
32700 129624 2934 92678 5668 4858 532408 532165 3166 11811 3836 5116 5247 10093 3770 8150 11609 6665 8043 9031 6120 11758 536051 3592 3592 6418 8883 471135 18067 
32800 130412 2966 92510 5591 4848 535672 534850 3187 11815 3861 5139 5262 10102 3758 8156 11631 6673 8071 9023 5980 11268 538247 3591 3591 6455 8909 474892 18092 
32900 132912 2964 92585 5613 4891 543106 542247 3095 11928 3898 5187 5189 10154 3795 8182 11557 6699 7914 9091 6000 11301 545668 3593 3593 6524 8965 482947 18123 
33000 138243 2965 92381 5632 4923 546364 544994 3135 11930 3917 5209 5229 10156 3819 8197 11580 6732 7931 9132 6013 10829 548445 3594 3594 6565 9024 486155 18147 
33100 135774 2963 92227 5569 4922 545097 543658 3109 11923 3898 5206 5450 10152 3817 8175 11581 6737 7948 9178 6003 10870 547127 3590 3590 6510 9030 484797 18108 
33200 140017 2980 92109 5597 4944 550365 548841 3131 12016 3935 5244 5485 10224 3840 8231 11592 6760 7953 9252 6034 10923 552311 3596 3596 6549 9050 490389 18175 
33300 138841 2962 91790 5600 4967 552503 550716 3150 12032 3945 5226 5493 10226 3848 7222 11533 6753 7952 9336 6309 10943 554198 3593 3593 6562 9054 493345 18179 
33400 138692 2977 91625 5605 4740 555685 553818 3174 12067 3951 5244 5499 10267 3855 7252 11537 6759 8202 9365 6321 10952 557302 3593 3593 6558 9050 496584 18201 
33500 141143 3028 92145 5677 4767 560281 558437 3316 12126 3969 5329 5548 10309 3907 7384 11660 6834 8243 9414 6301 11012 561994 3592 3592 6643 9057 501483 18202 
33600 141943 3055 92061 5693 4790 564369 562379 3345 12197 3980 5373 5578 10352 3928 7417 11640 6844 8197 9433 6310 11009 565967 3594 3594 6666 9075 505945 18256 
33700 141107 3049 91754 5731 5040 562183 560138 3453 12185 3982 5388 5452 10384 3835 7436 11570 6845 8181 9436 6316 10988 563734 3590 3590 6653 9070 504598 18248 
33800 142402 3060 91404 5745 4816 562515 560557 3443 12068 3997 5443 5595 10431 3860 7465 11580 6850 8198 9443 6337 11480 564149 3587 3587 6670 9087 505701 18268 
33900 146099 3076 91339 5794 5085 569500 567555 3471 12130 4047 5478 5442 10605 3888 7493 11598 6864 8096 9504 6380 11328 571156 3591 3591 6731 9363 513494 18322 
34000 148382 3062 90972 5819 5105 569279 567280 3472 12109 4050 5513 5381 10609 3898 7461 11541 7085 8098 9480 6412 11296 570882 3590 3590 6704 9382 512472 18332 
34100 152445 3043 90817 5838 5132 573355 572265 3494 12281 4082 5490 5406 10671 3896 7448 11535 7095 8097 10478 6307 11419 575881 3596 3596 6719 9426 518758 18418 
34200 144477 3042 90568 5809 5093 564386 563217 3474 12275 4044 5432 5357 10623 3862 7429 11497 7073 8071 10458 6219 11391 566870 3590 3590 6755 9398 510006 18377 
34300 147871 3048 90568 5818 5122 567871 566805 3361 12322 4053 5455 5365 10640 3871 7449 11490 7200 8081 10476 6222 11434 570437 3590 3590 6794 9434 514207 18420 
34400 148565 3049 90979 5826 5128 570453 569288 3262 12336 4069 5455 5384 10635 3873 7467 11494 7183 8093 9974 6251 11372 572928 3588 3588 6802 9443 516793 18388 
34500 151269 2988 90861 5877 5161 574631 573252 3302 12382 4085 5466 5433 10576 3906 7516 11542 7211 8149 9987 6255 11466 576875 3589 3589 6833 9343 521123 18425 
34600 155750 3002 90788 5878 4719 580052 578497 3344 12313 4116 5469 5472 10589 3921 7523 11564 7101 8077 10016 6259 11351 582144 3588 3588 6872 9368 526876 18458 
34700 153717 3007 90535 5890 4721 580709 578604 3346 12308 4130 5489 5462 10587 3946 7480 11568 7099 8081 9533 6246 11503 582256 3584 3584 6876 9345 527387 18465 
34800 154678 3013 90416 5870 4703 582565 580386 3340 12268 4160 5503 5676 10600 3964 7493 11585 7100 8083 9565 6272 11581 584026 3586 3586 6889 9352 529328 18486 
34900 153423 3017 90140 5887 4716 583163 580948 3335 12248 4191 5524 5726 10604 3982 7513 11593 7116 8077 9578 6128 11665 584603 3585 3585 6881 9337 530574 18467 
35000 156491 3002 90355 5861 4728 584434 582541 3335 12220 4201 5526 5736 10632 3998 7537 11609 7133 8098 9741 6151 11699 586259 3585 3585 6898 9347 532358 18478 
35100 155165 3018 90117 5875 4747 585986 584019 3205 12230 4205 5545 5748 10669 4005 7840 11692 7164 8110 9756 6142 11684 587728 3586 3586 6842 9342 534136 18520 
35200 153258 3025 90141 5871 4742 586223 584266 3317 12258 4209 5457 5745 10701 4002 7852 11719 7181 8105 9766 6132 11666 587994 3590 3590 6840 9343 534670 18552 
35300 155094 3017 90093 5870 4754 585313 583482 3331 12270 4229 5470 5744 10707 3994 7837 11811 7175 8107 9784 6136 11491 587211 3588 3588 6858 9330 534086 18542 
35400 155437 3035 89797 5862 4762 585135 583810 3340 12290 4235 5481 5767 10742 4268 7901 12073 7182 8115 9829 6137 11711 587547 3590 3590 6874 9344 535444 18555 
35500 156207 3025 89280 5843 4779 591215 589236 3378 12320 4233 5493 5787 10757 4180 7881 12087 7448 8160 9708 6140 11656 593060 3588 3588 6912 9445 540866 18553 
35600 154365 3021 88936 5836 4778 589232 587072 3280 12295 4223 5509 5703 10709 4175 7883 11988 7442 8166 9655 6145 11642 590890 3584 3584 6879 9394 539201 18549 
35700 162468 3046 88988 5897 4827 598035 595824 3328 12342 4271 5456 5779 10799 4212 7931 12006 7605 8242 9726 6190 11739 599664 3588 3588 6938 9499 548832 18594 
35800 163553 3028 88722 5860 4835 596710 594481 3456 12502 4298 5429 5761 10800 4067 7650 11949 7570 8248 9715 6206 11745 598299 3587 3587 6891 9479 548040 18574 
35900 169049 3058 88615 5872 4855 601488 599304 3494 12555 4324 5470 5667 10801 4077 7657 11948 7584 8256 9705 6352 11740 603159 3590 3590 6944 9528 553360 18638 
36000 175399 3069 88570 5895 4839 605502 603389 3504 12484 4356 5493 5665 10822 4116 7667 11956 7605 8279 9728 6585 11592 607266 3589 3589 6971 9557 557433 18633 
36100 174658 3008 88466 5907 4826 605050 602701 3573 12503 4376 5454 5665 10826 4133 7660 11990 7621 8426 9727 6361 11579 606552 3589 3589 6959 9607 556963 18623 
36200 173366 2999 88354 5917 4855 605913 603419 3808 12478 4376 5464 5674 10763 4181 7677 11997 7631 8440 9863 6358 11516 607274 3589 3589 6958 9565 558057 18595 
36300 174201 3006 88450 5906 4879 606518 604156 3788 12772 4379 5472 5673 10794 4173 7715 12039 7662 8417 9877 6371 11418 608038 3589 3589 7096 9561 559228 18607 
36400 180298 3011 88463 5959 4919 612719 610212 3728 12787 4416 5511 5704 10854 4220 7730 12011 7719 8365 9894 6422 11465 614117 3593 3593 7179 9599 565555 18666 
36500 180718 3005 88264 5924 4906 611446 608942 3734 12792 4432 5502 5696 11232 4199 7722 12010 7726 8353 9886 6426 11466 612856 3591 3591 7197 9567 564379 18652 
36600 181783 2994 88276 5939 4930 614448 611923 3744 12833 4445 5518 5707 11260 4197 7769 12039 7747 8380 9931 6438 11350 615844 3592 3592 7197 9590 567838 18659 
36700 181793 3003 88270 5957 5171 616309 613947 3769 12858 4464 5511 5713 11279 4224 8041 12034 7588 8428 9969 6325 11376 617890 3595 3595 7218 9593 570123 18691 
36800 183322 3012 88080 5941 5192 618419 616072 3787 12890 4466 5541 5715 11306 4224 8041 12063 7476 8430 9892 6452 11392 619999 3595 3595 7238 9548 572510 18708 
36900 181591 2995 87890 5981 5211 616631 614539 3790 13144 4476 5519 5712 11326 4230 8034 12069 7481 8434 9895 6459 11357 618485 3594 3594 7207 9560 571422 18738 
37000 180953 3002 87685 5985 5231 618146 615916 3817 13109 4482 5564 5707 11317 4230 8122 12082 7500 8461 9899 6478 11398 619885 3593 3593 7216 9590 573632 18760 
37100 180128 3009 87409 5964 5230 616501 614204 3825 13119 4492 5576 5719 11324 4229 8118 12004 7506 8439 9870 6480 11417 618171 3588 3588 7218 9568 572329 18767 
37200 187240 3031 87441 6038 5271 624712 622328 3865 13180 4533 5644 5743 11410 4236 8149 12023 7528 8462 9858 6512 11446 626287 3593 3593 7250 9573 581229 18825 
37300 187998 3059 87397 6046 5269 624654 622300 3867 13115 4556 5674 5719 11435 4255 8209 12030 7544 8608 9867 6500 11443 626279 3592 3592 7263 9541 581183 18831 
37400 187706 3076 87532 6050 5300 627886 625523 3875 13158 4588 5684 5746 11489 4271 8254 12057 7551 8635 9901 6505 11457 629507 3593 3593 7529 9527 584528 18866 
37500 186194 3064 87442 6048 5312 628587 626212 3876 13146 4580 5678 5758 11480 4269 8237 12042 7551 8635 9908 6504 11429 630169 3592 3592 7538 9524 585314 18858 
37600 191019 3056 87226 6059 5324 630739 628187 3914 13141 4606 5725 5770 11482 4293 8241 11959 7557 8640 9927 6498 11417 632169 3587 3587 7548 9538 587517 18848 
37700 189855 3063 87135 6069 5341 629157 626603 3895 13180 4609 5726 5813 11291 4305 8233 11963 7591 8634 9933 6517 11407 630704 3588 3588 7547 9561 586809 18876 
37800 191036 3065 87114 6066 5383 631242 628724 3930 13231 4633 5751 5838 11312 4311 8242 11991 7602 8605 9967 6523 11423 632742 3589 3589 7557 9571 589382 18895 
37900 191716 3066 86944 6082 5403 632620 630069 3959 13236 4641 5761 5830 11316 4321 8478 12002 7613 8593 9988 6532 11425 634089 3586 3586 7583 9553 590800 18889 
38000 203426 3069 87029 6143 5465 642217 639582 3990 13293 4651 5826 5872 11417 4323 8528 12050 7649 8617 10048 6578 11466 643375 3587 3587 7606 9607 600808 18924 
38100 201626 3055 86859 6167 5481 640958 638241 3991 13150 4669 5858 5892 11407 4326 8542 12040 7641 8638 10032 6604 11487 642063 3585 3585 7625 9614 599563 18912 
38200 200194 3001 86602 6176 5501 641989 639157 4005 13146 4683 5855 5893 11209 4360 8565 12038 7656 8608 10038 6610 11511 642979 3582 3582 7636 9623 601094 18928 
38300 203210 2985 86629 6174 5539 646845 643919 3895 13146 4681 5872 5924 11247 4367 8466 12081 7671 8601 10090 6655 11535 647755 3584 3584 7640 9661 606115 18934 
38400 210533 2995 86619 6215 5574 650784 648846 3934 13185 4710 5919 5955 11300 5351 8492 12105 7822 8647 10153 6698 11567 652688 3587 3587 7636 9705 611505 18976 
38500 223155 2986 86697 6276 5633 661478 659340 3986 13259 4761 5985 6024 11347 5408 8445 12176 7850 8711 10240 6713 11631 663187 3589 3589 7687 9775 622278 19000 
38600 219962 3006 86815 6256 5660 657114 654937 3961 13226 4768 5982 6033 11317 5424 8433 12172 7861 8752 12229 6736 11728 658854 3584 3584 7709 9813 616159 19060 
38700 216975 3017 86678 6269 5654 653929 651840 3938 13237 4758 5955 5853 11321 5484 8407 12161 7847 8725 12210 6737 11694 655755 3581 3581 7685 9808 613444 19035 
38800 217628 3027 86664 6276 5655 654584 652421 3963 13138 4795 5973 5870 11354 5453 8434 12177 7848 8613 12210 6757 11716 656343 3581 3581 7694 9813 614253 19044 
38900 218356 3019 86477 6286 5663 654545 652299 4077 13128 4798 5981 5853 11343 5463 8459 12174 7801 8621 12201 6749 11730 656225 3579 3579 7705 9794 614247 19034 
39000 221649 3033 86504 6298 5675 655673 653607 4325 13171 4820 5982 5877 11354 5470 8347 12178 7957 8623 12221 6800 11766 657524 3578 3578 7736 9815 616037 19052 
39100 217832 3041 86570 6304 5702 658518 656439 4214 13231 4844 5968 5890 11371 5499 8346 12189 7968 8640 12263 6830 11740 660384 3581 3581 7735 9826 619040 19074 
39200 219335 3046 86417 6317 5693 660414 658213 4209 13256 4848 5971 5910 11392 5500 8370 12221 7978 8629 12305 6769 11754 662144 3584 3584 7731 9851 621040 19074 
39300 218330 3044 86314 6295 5702 659441 657220 4186 13463 4832 5979 5912 11392 5507 8374 12467 7997 8628 12311 6767 11781 661171 3584 3584 7724 9812 620428 19080 
39400 220021 3061 86396 6303 5716 662610 660592 4196 13491 4855 6019 6051 11403 5521 8391 12461 8015 8809 12456 6801 11804 664538 3585 3585 7757 9834 623915 19095 
39500 225471 3083 86157 6366 5760 668913 666917 4236 13432 4896 6099 6103 11604 5565 8446 12518 8083 8853 12495 6830 11851 670864 3590 3590 7798 9885 630828 19172 
39600 216124 3077 85787 6266 5720 659087 657160 4165 13382 4842 6077 6037 11534 5512 8416 12476 8091 8784 12421 6763 11810 661089 3579 3579 7766 9800 621286 19124 
39700 216049 3092 85640 6265 5695 656793 654799 4169 13325 4824 6086 6018 11521 5498 8338 12352 8096 8787 12410 6758 11789 658726 3577 3577 7765 9787 619166 19113 
39800 221151 3100 85873 6315 5736 667346 665275 4224 13392 4877 6136 6075 11876 5547 8274 12381 8137 8829 12460 6795 11832 669193 3585 3585 7812 9830 629899 19166 
39900 223579 3100 85693 6327 5741 666254 665158 5243 13390 4902 6147 6062 11879 5510 8264 12358 8119 8847 12502 6782 11763 669067 3581 3581 7832 10098 629629 19159 
40000 222506 3099 85532 6278 5722 664899 663931 5257 13400 4908 6152 6075 11890 5485 8249 12338 8075 8828 12472 6770 11729 667835 3576 3576 7823 10223 628494 19157 
40100 223406 3106 85428 6275 5966 666334 665349 5275 13436 4917 6172 6080 11908 5497 8280 12359 8092 8862 12507 6808 11743 669392 3578 3578 7842 10239 630327 19161 
40200 229364 3143 85462 6364 6270 675789 674724 5306 13502 4951 6233 6155 11962 5581 8359 12410 8151 8917 12571 6846 11828 678756 3586 3586 7909 10221 639912 19247 
40300 237056 3187 85832 6394 6340 678557 678353 5367 13558 4948 6272 6204 12995 5648 8377 12476 8212 9051 12606 6858 11956 682503 3591 3591 7989 10381 642890 19421 
40400 240390 3190 85799 6402 6368 683729 683164 5382 13579 4966 6278 6212 13017 5142 8387 12495 8250 9056 12611 6865 12088 687299 3591 3591 7999 10403 647855 19442 
40500 238875 3180 85570 6390 6352 682794 682121 5361 13570 4977 6260 6230 13036 5133 8380 12619 8240 9011 12592 6804 12057 686174 3588 3588 7975 10335 647091 19385 
40600 243387 3184 85482 6406 6398 689533 688750 5391 13582 5010 6285 6266 13057 5178 8414 12606 8274 9031 12626 6711 12073 692834 3586 3586 7987 10357 654189 19419 
40700 245208 3156 85476 6415 6424 692246 691510 5519 13603 5034 6302 6317 13089 5199 8452 12652 8313 9029 12753 6730 12136 695607 3588 3588 7893 10402 657115 19441 
40800 246054 3150 85532 6422 6214 694746 694007 5408 13624 5028 6318 6339 13094 5197 8479 12692 8319 9051 12743 6633 12151 698121 3591 3591 7906 10391 659855 19474 
40900 244604 3142 85539 6426 6222 694051 693524 5397 13608 5018 6322 6344 13092 5221 8465 12765 8325 9058 12725 6631 12288 697620 3591 3591 7884 10358 659139 19455 
41000 248736 3151 85541 6474 5985 696004 695465 5418 13462 5035 6323 6197 13129 5235 8492 12787 8338 9083 12907 6623 12276 699577 3591 3591 7909 10401 661251 19478 
41100 244898 3137 85704 6491 6014 697776 697327 5433 13505 5074 6320 6202 13130 5313 8508 12825 8355 9102 11967 6606 12260 701406 3593 3593 7931 10423 664390 19488 
41200 241680 3122 85498 6472 5985 694860 693896 4921 13447 5068 6295 6169 13099 5292 8480 12798 8277 9071 11922 6579 12253 697956 3589 3589 7911 10412 661218 19451 
41300 242257 3134 85492 6488 6024 698761 697881 4944 13488 5069 6446 6171 13145 5301 8490 12800 8328 9035 11937 6593 12277 701932 3592 3592 7934 10416 665477 19473 
41400 242032 3098 84999 6464 5967 697843 697293 4907 13390 5066 6441 6135 13652 5294 8474 12681 8306 8986 11902 6562 12108 701283 3591 3591 7950 10398 664947 19378 
41500 243099 3083 84790 6464 6010 701151 700319 4863 13366 5079 6442 6141 13659 5310 8462 12686 8289 9006 11930 6588 12053 704290 3591 3591 7981 10292 668175 19376 
41600 244182 3101 84535 6499 6023 699844 698956 4871 13356 5097 6453 6140 13713 5312 8465 12693 8290 9004 11915 6606 12092 702929 3589 3589 8006 10270 667007 19351 
41700 248621 3103 84493 6520 6032 701997 702055 4896 13398 5112 6484 6163 13713 6328 8485 12727 8300 9019 11927 6627 12125 706059 3590 3590 8034 10296 670503 19385 
41800 247177 3117 84396 6506 6041 704467 704518 4900 13407 5123 6501 6199 13941 6348 8513 12711 8324 9039 11861 6650 12061 708522 3588 3588 8314 10295 672908 19381 
41900 247259 3105 83933 6494 6031 703136 703021 4888 13370 5113 6473 6155 13888 6339 8470 12684 8309 9013 10783 6645 11993 707043 3581 3581 8263 10283 673275 19308 
42000 248609 3102 83763 6498 6026 699409 699288 4893 13349 5117 6473 6162 13889 6349 8480 12673 8306 9010 10784 6619 11993 703287 3579 3579 8278 10376 669651 19289 
42100 252574 3107 83723 6526 6045 703919 703393 4915 13394 5127 6502 6173 13955 5831 8627 12700 8333 9035 10806 6756 12028 707395 3584 3584 8279 10403 673875 19325 
42200 252322 3123 83756 6529 6069 704801 704216 4915 13418 5146 6538 6176 13996 5852 8635 12743 8353 9032 10826 6768 12044 708229 3586 3586 8289 10433 674667 19334 
42300 250758 3128 83717 6533 6082 705275 704431 4912 13410 5145 6542 6181 13738 5859 8635 12744 8364 9057 10821 6746 12046 708447 3587 3587 8290 10427 674709 19332 
42400 253890 3137 83605 6542 6103 708336 707467 5153 13431 5164 6551 6214 13765 5884 8666 12757 8365 9068 10830 6745 12031 711475 3585 3585 8362 10445 678101 19288 
42500 256207 3148 83498 6553 6111 707117 706729 5143 13363 5176 6560 6205 14259 5880 8677 12778 8365 9069 10824 6751 12039 710744 3582 3582 8343 10432 677382 19267 
42600 253287 3167 83241 6516 6093 702861 702523 5134 13341 5157 6541 6204 14242 5876 8668 12706 8341 9044 10777 6744 12016 706544 3579 3579 8327 10416 673248 19269 
42700 259964 3163 83330 6546 6141 707341 707947 5172 13383 5190 6560 6240 14317 5886 8704 12723 8356 9050 10802 6768 12028 711984 3583 3583 8350 11434 678718 19313 
42800 258811 3156 83324 6536 6162 708270 708785 5119 13390 5217 6570 6241 14345 5902 8742 12673 8371 9076 10830 6779 12055 712836 3586 3586 8240 11408 679721 19327 
42900 261683 3166 83319 6530 6171 712002 712123 5133 13399 5216 6597 6256 14243 5897 8767 12606 8335 9299 10850 6818 12042 716227 3586 3586 8276 10820 683436 19347 
43000 267017 3168 83263 6549 6174 714519 714612 5147 13430 5250 6632 6262 14265 5940 8793 12623 8352 9349 10906 6832 12050 718713 3586 3586 8312 10874 686151 19365 
43100 268114 3167 83248 6556 6181 715093 715097 5140 13437 5253 6642 6215 14302 5960 8834 12557 8365 9384 10921 6821 12039 719201 3586 3586 8338 10893 686823 19377 
43200 269267 3170 83180 6568 6202 715624 715590 5147 13453 5293 6641 6250 14316 6003 8866 12563 8380 9459 10954 6816 12091 719710 3587 3587 8365 10906 687568 19379 
43300 270523 3160 83070 6576 6200 716756 716721 5165 13461 5298 6663 6251 14319 5975 8878 12574 8369 9451 10967 6806 12072 720824 3587 3587 8360 10935 688842 19410 
43400 269887 3160 83036 6569 6185 716503 716454 5188 13445 5286 6675 6270 14301 5982 8876 12579 8401 9480 11121 6808 12081 720572 3587 3587 8375 10932 688681 19435 
43500 271806 3161 83014 6551 6229 719920 719257 5212 13500 5294 6696 6293 14312 5504 8873 12592 8397 9450 11126 6841 12036 723353 3586 3586 8410 10939 691960 19449 
43600 273615 3153 83010 6576 6229 720190 719426 5089 13478 5301 6687 6278 14266 5542 8875 12608 8415 9429 11130 6856 12056 723528 3586 3586 8429 10943 692262 19423 
43700 274953 3158 82851 6571 6007 719258 718992 5102 13422 5297 6706 6261 14765 5554 8893 12634 8435 9449 11131 6860 12104 723042 3583 3583 8435 10971 692287 19439 
43800 276130 3159 82798 6593 6007 719387 719116 5130 13430 5281 6714 6265 14758 5561 8886 12666 8427 9441 11147 6859 12051 723175 3583 3583 8451 10978 692631 19473 
43900 277238 3167 82727 6600 6001 720541 720203 5163 13365 5264 6720 6265 14763 5506 8889 12651 8444 9467 11118 7127 12053 724275 3581 3581 8438 10980 693570 19457 
44000 278883 3165 82963 6608 6063 724042 723814 5182 13394 5303 6749 6282 14798 5531 8893 12664 8464 9474 11073 7138 12107 727867 3581 3581 8450 11003 697428 19463 
44100 276544 3175 82920 6619 6102 727037 726779 5181 13446 5330 6728 6305 14839 5568 8913 12695 8476 9491 11123 7144 12158 730862 3583 3583 8455 11045 700418 19503 
44200 273895 3159 82630 6592 6070 721880 721561 5160 13392 5305 6698 6294 14800 5564 8884 12680 8446 9457 11097 7126 12104 725631 3577 3577 8469 11025 695181 19476 
44300 274326 3172 82528 6598 6071 721851 721541 5184 13419 5310 6741 6315 14817 5567 8882 12719 8470 9465 11094 7125 12101 725627 3577 3577 8492 11024 695404 19501 
44400 274951 3182 82542 6626 6085 722886 722319 5192 13433 5319 6768 6333 14599 5601 8901 12747 8512 9497 11098 7134 12144 726423 3579 3579 8511 11034 696319 19530 
44500 284142 3197 82686 6711 6388 735658 734505 4732 13761 5382 6847 6398 14723 5682 8987 12815 8808 9573 11156 7212 12209 738613 3586 3586 10516 11131 706966 19559 
44600 281038 3189 82511 6662 6368 735819 734680 4730 13715 5387 6830 6445 14704 5665 8977 12800 8804 9564 11139 7218 12233 738780 3583 3583 10536 11109 707473 19533 
44700 285123 3207 82445 6687 6382 734952 733797 4742 13751 5391 6840 6465 14720 5703 8989 12826 8808 9559 11151 7258 12201 737894 3583 3583 10550 11107 706721 19555 
44800 283104 3208 82183 6674 6398 733123 731969 4748 13738 5420 6834 6473 14686 5710 9004 12812 8801 9541 11130 7262 12199 736085 3579 3579 10557 11092 705125 19530 
44900 285538 3228 82255 6695 6428 741462 739683 4771 13796 5437 6875 6500 14255 5724 9044 12844 8840 9445 11173 7546 12243 743813 3584 3584 10591 11124 713000 19562 
45000 280656 3220 82104 6684 6371 734165 732389 4734 13710 5395 6837 6444 14193 5723 8932 12798 8817 9356 11252 7458 12211 736507 3578 3578 10558 10993 705389 19521 
45100 279328 3226 82022 6694 6367 733654 731868 4712 13707 5416 6831 6444 14104 5735 8931 12794 8828 9364 11238 7439 12203 736033 3577 3577 10554 11143 704969 19485 
45200 278690 3233 81925 6674 6366 732156 730133 4708 13740 5427 6830 6443 13916 5760 8933 12811 8838 9372 11236 7433 12218 734320 3578 3578 10556 11144 703523 19522 
45300 282301 3247 81679 6689 6382 730979 729440 4722 13726 5417 6831 6437 13926 5244 8924 12801 8828 9371 11218 7453 12174 733609 3576 3576 10573 12122 703171 19530 
45400 284659 3255 81644 6733 6429 737244 735764 4744 13776 5447 6868 6486 13980 5311 9019 12857 8989 9530 11281 7484 12249 739939 3579 3579 10640 12150 709757 19602 
45500 284399 3235 81499 6729 6407 734398 733431 4747 13718 5445 6885 6484 13953 5296 9004 12847 9013 9511 11271 7465 12166 737613 3577 3577 10625 12010 708064 19562 
45600 287281 3236 81619 6772 6448 740823 739769 4775 13780 5508 6904 6531 13930 5346 9081 12885 9051 9581 11332 7513 12265 744000 3581 3581 10617 12027 714531 19598 
45700 284345 3233 81538 6745 6455 739473 738446 4757 13761 5492 6868 6495 13931 5303 9036 12889 9002 9550 11269 7485 12215 742642 3578 3578 10581 12013 713156 19567 
45800 286575 3233 81739 6776 6479 741446 740578 4776 13665 5508 6917 6527 13960 5303 9058 12915 9064 9569 11303 7514 12214 744782 3579 3579 10565 12305 715178 19603 
45900 283440 3261 81943 6761 6442 742121 741261 4786 13640 5497 7025 6564 13947 5353 9127 12982 9079 9641 11341 7541 12247 745549 3579 3579 10647 12262 716041 19598 
46000 283334 3255 81889 6765 6482 743682 742803 5089 13639 5537 7035 6579 13974 5376 9184 12989 9107 9661 11347 7541 12264 747097 3580 3580 10643 12264 717931 19614 
46100 281339 3270 81849 6752 6488 746682 745334 5209 13675 5531 7050 6587 14003 5361 9182 12977 9106 9678 11341 7550 12284 749651 3578 3578 10656 11777 720469 19613 
46200 283553 3292 81852 6773 6528 748060 747190 5232 13730 5537 7075 6597 14533 5385 9295 12998 9104 9689 11474 7582 12309 751268 3581 3581 10685 11843 722866 19663 
46300 284084 3287 81627 6786 6515 748816 747912 5222 13725 5572 7072 6609 14539 5389 9286 13014 9082 9645 11453 7602 12300 751935 3580 3580 10669 11854 723883 19601 
46400 283588 3288 81576 6770 6536 750561 749637 5230 13725 5576 7106 6626 14555 5424 9338 13022 9122 9660 11451 7601 12307 753654 3578 3578 10671 11836 725822 19580 
46500 292043 3287 81704 6930 6655 749858 748957 5204 13820 5606 7211 6563 14676 5434 9439 13027 9136 9757 11561 7712 12301 753284 3578 3578 10686 11862 725293 19588 
46600 299406 3275 81765 6987 6687 757182 756164 5247 13885 5649 7237 6549 14743 5474 9497 13038 9194 9820 11628 7748 12334 760500 3582 3582 10731 11924 732861 19606 
46700 303421 3327 82223 7056 6758 760185 759009 5453 13895 5690 7364 6610 14886 5561 9521 13217 9216 9905 11699 7929 12482 763342 3585 3585 10926 12018 736302 19992 
46800 299300 3315 82114 7042 6723 759766 758076 5465 13871 5674 7393 6626 14873 5568 9537 13219 9225 9872 11707 7933 12455 762392 3582 3582 10923 11494 735456 20006 
46900 299874 3327 82048 7044 6715 761033 759580 5480 13899 5662 7416 6635 15107 5566 9533 13237 9234 9881 11603 7943 12479 763913 3583 3583 10915 11528 737052 20015 
47000 302019 3329 81639 7056 6482 765166 763498 5349 13946 5682 7379 6614 15122 5527 9345 13209 9147 9744 11623 7816 12457 767794 3583 3583 10884 11576 741654 20015 
47100 306637 3335 81820 7111 6537 774852 773070 5379 14021 5728 7441 6674 15170 5575 9411 13253 9192 9814 11684 7869 12527 777409 3590 3590 10945 11637 751491 20089 
47200 305064 3334 81874 7095 6544 775084 773357 5384 13983 5730 7447 6648 15140 5550 9384 13267 9214 9671 11658 7842 12525 777678 3590 3590 10977 11637 751930 20092 
47300 291326 3329 81484 6908 6407 770536 768825 5374 13822 5685 7316 6642 14972 5532 9249 13244 9189 9541 11497 7706 12501 772862 3582 3582 10956 11567 747537 20042 
47400 293311 3331 81490 6945 6419 774723 772917 5387 13863 5706 7344 6666 15002 5545 9281 13265 9214 9549 11516 7703 12515 776965 3585 3585 10971 11598 751774 20071 
47500 289897 3437 81397 6917 6445 773879 772183 5402 13840 5695 7474 6694 15452 5570 9291 13294 9225 9557 11591 7682 12523 776213 3583 3583 10947 11586 750786 20068 
47600 290102 3451 81409 6963 6492 777493 775770 5426 13892 5708 7451 6726 15513 5604 9343 13344 9254 9582 11608 7721 12602 779838 3585 3585 10965 11636 754725 20114 
47700 295171 3432 82357 6968 6520 780330 779036 5460 13929 5731 7485 6772 15442 5648 9383 13371 9298 9619 11618 7731 12611 783122 3584 3584 10980 11643 758124 20109 
47800 301705 3372 82269 7001 6515 782843 781393 5479 13940 5758 7509 6800 15493 5681 9445 13397 9339 9657 11642 7764 12651 785501 3585 3585 10954 11655 760601 20120 
47900 297888 3360 82041 6965 7468 774060 773524 5464 13904 5737 7496 6785 15445 5655 9403 13345 9341 9631 11591 7740 12593 777610 3580 3580 10944 11598 752701 20053 
48000 294994 3361 81963 6969 7209 774702 774207 5465 13948 5738 7493 6803 15434 5653 9415 13355 9357 9634 11634 7720 12601 778299 3579 3579 10817 11597 753240 20048 
48100 296000 3380 81983 6990 7229 776418 775900 5494 13984 5760 7515 6841 15457 5671 9424 13391 9391 9621 11641 7736 12610 780008 3582 3582 10835 11602 755043 20066 
48200 292316 3381 81957 6984 7279 778072 777473 5482 14004 5760 7525 6861 15461 5688 9442 13403 9319 9637 11502 7738 12618 781592 3585 3585 10828 11600 756754 20081 
48300 295478 3369 81942 7023 7321 781090 780466 5493 14176 5785 7543 6877 15501 5727 9480 13433 9319 9660 11537 7758 12640 784617 3586 3586 10831 11649 759899 20064 
48400 300492 3368 81852 7025 7356 786521 785869 5399 14224 5779 7567 6882 15531 5737 9515 13463 9355 9692 11518 7787 12662 790018 3587 3587 10845 11671 765506 20087 
48500 306406 3374 81801 7068 7426 792320 791589 5416 14309 5862 7605 6950 15578 5814 9628 13517 9398 9765 11614 7819 12762 795780 3589 3589 10896 11723 771661 20142 
48600 300729 3370 81687 7036 7378 788082 787361 5404 14270 5810 7577 6917 15515 5792 9585 13474 9388 9733 11556 7812 12695 791508 3584 3584 10879 11681 767479 20086 
48700 298278 3370 81413 7011 7358 786664 785678 5413 14279 5822 7591 6932 15275 5793 9600 13488 9410 9748 11581 7806 12702 789849 3584 3584 10888 11682 766120 20083 
48800 296831 3473 81429 6991 7373 786454 785321 5393 14279 5829 7573 6934 15069 5804 9590 13500 9411 9753 11585 7926 12933 789497 3582 3582 10738 11696 765961 20073 
48900 297820 3494 81415 6985 6890 787526 785845 5384 14275 5833 7548 6902 15098 5801 9529 13499 9410 9764 11637 7885 12939 790043 3583 3583 10770 11700 766496 20109 
49000 303628 3520 81442 7034 6974 797787 796011 5302 14363 5918 7632 6994 15215 5855 9634 13526 9438 9823 11692 7936 13016 800230 3587 3587 10821 11792 776799 20192 
49100 318553 3544 81513 7236 6954 802138 800256 5620 14407 6010 7768 7109 15362 5941 9761 13654 9544 9866 11742 8007 13054 804519 3588 3588 9925 11837 781823 20286 
49200 321974 3450 81451 7252 6976 804283 802305 5580 14437 6029 7755 7139 15417 5965 9782 13668 9572 9882 11988 8012 13093 806566 3590 3590 10039 11849 783796 20293 
49300 323817 3442 81391 7252 6928 804569 802092 5590 14419 6036 7748 7128 14916 5958 9750 13664 9550 9877 11941 8015 13060 806359 3587 3587 10022 11834 783583 20290 
49400 320604 3431 81077 7217 6969 798816 796526 5563 14510 6014 7701 7078 14962 5901 9698 13629 9619 9834 11891 7974 13014 800795 3583 3583 9990 11779 778546 20225 
49500 323456 3436 81088 7246 7009 802447 800121 5456 14537 6057 7734 7105 15003 5944 9753 13664 9633 9881 11927 8000 13083 804421 3584 3584 10043 11810 782559 20247 
49600 326798 3444 81276 7280 7020 804242 802130 5356 14546 6088 7746 7118 15014 5956 9791 13717 9683 9902 11977 8014 13208 806445 3585 3585 9068 11812 785683 20266 
49700 327413 3447 81197 7295 7011 802680 800566 5238 14539 6058 7731 7107 15019 5963 9790 13705 9703 9911 11961 8017 13198 804901 3583 3583 9072 11796 784350 20295 
49800 334256 3455 81126 7328 7065 808611 806375 5290 14616 6089 7804 7144 15106 6004 9823 13756 9739 9960 12016 7947 13215 810722 3587 3587 9042 11852 790557 20351 
49900 334546 3451 81142 7339 7070 812448 810177 5282 14646 6081 7792 7118 15127 5992 9845 13758 9743 9968 11962 7838 13078 814500 3587 3587 9033 11873 794587 20366 
50000 349012 3467 81205 7350 7205 816166 813860 5329 14772 6205 7833 7211 15236 6005 10009 13826 9742 10031 12153 7900 13190 818160 3587 3587 9057 12020 798492 20405 
