# Avida resource data
# Mon Jan 16 12:08:46 2017
# First column gives the current update, all further columns give the quantity
# of the particular resource at that update.
#  1: Update
#  2: day
#  3: night

0 100 100 
10 100 100 
20 100 100 
30 100 100 
40 100 100 
50 100 100 
60 100 100 
70 100 100 
80 100 100 
90 100 100 
100 100 100 
110 100 100 
120 100 100 
130 100 100 
140 100 100 
150 100 100 
160 100 100 
170 100 100 
180 100 100 
190 100 100 
200 100 100 
210 100 100 
220 100 100 
230 100 100 
240 100 100 
250 100 100 
260 100 100 
270 100 100 
280 100 100 
290 100 100 
300 100 100 
310 100 100 
320 100 100 
330 100 100 
340 100 100 
350 100 100 
360 100 100 
370 100 100 
380 100 100 
390 100 100 
400 100 100 
410 100 100 
420 100 100 
430 100 100 
440 100 100 
450 100 100 
460 100 100 
470 100 100 
480 100 100 
490 100 100 
500 100 100 
510 100 100 
520 100 100 
530 100 100 
540 100 100 
550 100 100 
560 100 100 
570 100 100 
580 100 100 
590 100 100 
600 100 100 
610 100 100 
620 100 100 
630 100 100 
640 100 100 
650 100 100 
660 100 100 
670 100 100 
680 100 100 
690 100 100 
700 100 100 
710 100 100 
720 100 100 
730 100 100 
740 100 100 
750 100 100 
760 100 100 
770 100 100 
780 100 100 
790 100 100 
800 100 100 
810 100 100 
820 100 100 
830 100 100 
840 100 100 
850 100 100 
860 100 100 
870 100 100 
880 100 100 
890 100 100 
900 100 100 
910 100 100 
920 100 100 
930 100 100 
940 100 100 
950 100 100 
960 100 100 
970 100 100 
980 100 100 
990 100 100 
1000 100 100 
1010 100 100 
1020 100 100 
1030 100 100 
1040 100 100 
1050 100 100 
1060 100 100 
1070 100 100 
1080 100 100 
1090 100 100 
1100 100 100 
1110 100 100 
1120 100 100 
1130 100 100 
1140 100 100 
1150 100 100 
1160 100 100 
1170 100 100 
1180 100 100 
1190 100 100 
1200 100 100 
1210 100 100 
1220 100 100 
1230 100 100 
1240 100 100 
1250 100 100 
1260 100 100 
1270 100 100 
1280 100 100 
1290 100 100 
1300 100 100 
1310 100 100 
1320 100 100 
1330 100 100 
1340 100 100 
1350 100 100 
1360 100 100 
1370 100 100 
1380 100 100 
1390 100 100 
1400 100 100 
1410 100 100 
1420 100 100 
1430 100 100 
1440 100 100 
1450 100 100 
1460 100 100 
1470 100 100 
1480 100 100 
1490 100 100 
1500 100 100 
1510 100 100 
1520 100 100 
1530 100 100 
1540 100 100 
1550 100 100 
1560 100 100 
1570 100 100 
1580 100 100 
1590 100 100 
1600 100 100 
1610 100 100 
1620 100 100 
1630 100 100 
1640 100 100 
1650 100 100 
1660 100 100 
1670 100 100 
1680 100 100 
1690 100 100 
1700 100 100 
1710 100 100 
1720 100 100 
1730 100 100 
1740 100 100 
1750 100 100 
1760 100 100 
1770 100 100 
1780 100 100 
1790 100 100 
1800 100 100 
1810 100 100 
1820 100 100 
1830 100 100 
1840 100 100 
1850 100 100 
1860 100 100 
1870 100 100 
1880 100 100 
1890 100 100 
1900 100 100 
1910 100 100 
1920 100 100 
1930 100 100 
1940 100 100 
1950 100 100 
1960 100 100 
1970 100 100 
1980 100 100 
1990 100 100 
2000 100 100 
2010 100 100 
2020 100 100 
2030 100 100 
2040 100 100 
2050 100 100 
2060 100 100 
2070 100 100 
2080 100 100 
2090 100 100 
2100 100 100 
2110 100 100 
2120 100 100 
2130 100 100 
2140 100 100 
2150 100 100 
2160 100 100 
2170 100 100 
2180 100 100 
2190 100 100 
2200 100 100 
2210 100 100 
2220 100 100 
2230 100 100 
2240 100 100 
2250 100 100 
2260 100 100 
2270 100 100 
2280 100 100 
2290 100 100 
2300 100 100 
2310 100 100 
2320 100 100 
2330 100 100 
2340 100 100 
2350 100 100 
2360 100 100 
2370 100 100 
2380 100 100 
2390 100 100 
2400 100 100 
2410 100 100 
2420 100 100 
2430 100 100 
2440 100 100 
2450 100 100 
2460 100 100 
2470 100 100 
2480 100 100 
2490 100 100 
2500 100 100 
2510 100 100 
2520 100 100 
2530 100 100 
2540 100 100 
2550 100 100 
2560 100 100 
2570 100 100 
2580 100 100 
2590 100 100 
2600 100 100 
2610 100 100 
2620 100 100 
2630 100 100 
2640 100 100 
2650 100 100 
2660 100 100 
2670 100 100 
2680 100 100 
2690 100 100 
2700 100 100 
2710 100 100 
2720 100 100 
2730 100 100 
2740 100 100 
2750 100 100 
2760 100 100 
2770 100 100 
2780 100 100 
2790 100 100 
2800 100 100 
2810 100 100 
2820 100 100 
2830 100 100 
2840 100 100 
2850 100 100 
2860 100 100 
2870 100 100 
2880 100 100 
2890 100 100 
2900 100 100 
2910 100 100 
2920 100 100 
2930 100 100 
2940 100 100 
2950 100 100 
2960 100 100 
2970 100 100 
2980 100 100 
2990 100 100 
3000 100 100 
3010 100 100 
3020 100 100 
3030 100 100 
3040 100 100 
3050 100 100 
3060 100 100 
3070 100 100 
3080 100 100 
3090 100 100 
3100 100 100 
3110 100 100 
3120 100 100 
3130 100 100 
3140 100 100 
3150 100 100 
3160 100 100 
3170 100 100 
3180 100 100 
3190 100 100 
3200 100 100 
3210 100 100 
3220 100 100 
3230 100 100 
3240 100 100 
3250 100 100 
3260 100 100 
3270 100 100 
3280 100 100 
3290 100 100 
3300 100 100 
3310 100 100 
3320 100 100 
3330 100 100 
3340 100 100 
3350 100 100 
3360 100 100 
3370 100 100 
3380 100 100 
3390 100 100 
3400 100 100 
3410 100 100 
3420 100 100 
3430 100 100 
3440 100 100 
3450 100 100 
3460 100 100 
3470 100 100 
3480 100 100 
3490 100 100 
3500 100 100 
3510 100 100 
3520 100 100 
3530 100 100 
3540 100 100 
3550 100 100 
3560 100 100 
3570 100 100 
3580 100 100 
3590 100 100 
3600 100 100 
3610 100 100 
3620 100 100 
3630 100 100 
3640 100 100 
3650 100 100 
3660 100 100 
3670 100 100 
3680 100 100 
3690 100 100 
3700 100 100 
3710 100 100 
3720 100 100 
3730 100 100 
3740 100 100 
3750 100 100 
3760 100 100 
3770 100 100 
3780 100 100 
3790 100 100 
3800 100 100 
3810 100 100 
3820 100 100 
3830 100 100 
3840 100 100 
3850 100 100 
3860 100 100 
3870 100 100 
3880 100 100 
3890 100 100 
3900 100 100 
3910 100 100 
3920 100 100 
3930 100 100 
3940 100 100 
3950 100 100 
3960 100 100 
3970 100 100 
3980 100 100 
3990 100 100 
4000 100 100 
4010 100 100 
4020 100 100 
4030 100 100 
4040 100 100 
4050 100 100 
4060 100 100 
4070 100 100 
4080 100 100 
4090 100 100 
4100 100 100 
4110 100 100 
4120 100 100 
4130 100 100 
4140 100 100 
4150 100 100 
4160 100 100 
4170 100 100 
4180 100 100 
4190 100 100 
4200 100 100 
4210 100 100 
4220 100 100 
4230 100 100 
4240 100 100 
4250 100 100 
4260 100 100 
4270 100 100 
4280 100 100 
4290 100 100 
4300 100 100 
4310 100 100 
4320 100 100 
4330 100 100 
4340 100 100 
4350 100 100 
4360 100 100 
4370 100 100 
4380 100 100 
4390 100 100 
4400 100 100 
4410 100 100 
4420 100 100 
4430 100 100 
4440 100 100 
4450 100 100 
4460 100 100 
4470 100 100 
4480 100 100 
4490 100 100 
4500 100 100 
4510 100 100 
4520 100 100 
4530 100 100 
4540 100 100 
4550 100 100 
4560 100 100 
4570 100 100 
4580 100 100 
4590 100 100 
4600 100 100 
4610 100 100 
4620 100 100 
4630 100 100 
4640 100 100 
4650 100 100 
4660 100 100 
4670 100 100 
4680 100 100 
4690 100 100 
4700 100 100 
4710 100 100 
4720 100 100 
4730 100 100 
4740 100 100 
4750 100 100 
4760 100 100 
4770 100 100 
4780 100 100 
4790 100 100 
4800 100 100 
4810 100 100 
4820 100 100 
4830 100 100 
4840 100 100 
4850 100 100 
4860 100 100 
4870 100 100 
4880 100 100 
4890 100 100 
4900 100 100 
4910 100 100 
4920 100 100 
4930 100 100 
4940 100 100 
4950 100 100 
4960 100 100 
4970 100 100 
4980 100 100 
4990 100 100 
5000 100 100 
5010 100 100 
5020 100 100 
5030 100 100 
5040 100 100 
5050 100 100 
5060 100 100 
5070 100 100 
5080 100 100 
5090 100 100 
5100 100 100 
5110 100 100 
5120 100 100 
5130 100 100 
5140 100 100 
5150 100 100 
5160 100 100 
5170 100 100 
5180 100 100 
5190 100 100 
5200 100 100 
5210 100 100 
5220 100 100 
5230 100 100 
5240 100 100 
5250 100 100 
5260 100 100 
5270 100 100 
5280 100 100 
5290 100 100 
5300 100 100 
5310 100 100 
5320 100 100 
5330 100 100 
5340 100 100 
5350 100 100 
5360 100 100 
5370 100 100 
5380 100 100 
5390 100 100 
5400 100 100 
5410 100 100 
5420 100 100 
5430 100 100 
5440 100 100 
5450 100 100 
5460 100 100 
5470 100 100 
5480 100 100 
5490 100 100 
5500 100 100 
5510 100 100 
5520 100 100 
5530 100 100 
5540 100 100 
5550 100 100 
5560 100 100 
5570 100 100 
5580 100 100 
5590 100 100 
5600 100 100 
5610 100 100 
5620 100 100 
5630 100 100 
5640 100 100 
5650 100 100 
5660 100 100 
5670 100 100 
5680 100 100 
5690 100 100 
5700 100 100 
5710 100 100 
5720 100 100 
5730 100 100 
5740 100 100 
5750 100 100 
5760 100 100 
5770 100 100 
5780 100 100 
5790 100 100 
5800 100 100 
5810 100 100 
5820 100 100 
5830 100 100 
5840 100 100 
5850 100 100 
5860 100 100 
5870 100 100 
5880 100 100 
5890 100 100 
5900 100 100 
5910 100 100 
5920 100 100 
5930 100 100 
5940 100 100 
5950 100 100 
5960 100 100 
5970 100 100 
5980 100 100 
5990 100 100 
6000 100 100 
6010 100 100 
6020 100 100 
6030 100 100 
6040 100 100 
6050 100 100 
6060 100 100 
6070 100 100 
6080 100 100 
6090 100 100 
6100 100 100 
6110 100 100 
6120 100 100 
6130 100 100 
6140 100 100 
6150 100 100 
6160 100 100 
6170 100 100 
6180 100 100 
6190 100 100 
6200 100 100 
6210 100 100 
6220 100 100 
6230 100 100 
6240 100 100 
6250 100 100 
6260 100 100 
6270 100 100 
6280 100 100 
6290 100 100 
6300 100 100 
6310 100 100 
6320 100 100 
6330 100 100 
6340 100 100 
6350 100 100 
6360 100 100 
6370 100 100 
6380 100 100 
6390 100 100 
6400 100 100 
6410 100 100 
6420 100 100 
6430 100 100 
6440 100 100 
6450 100 100 
6460 100 100 
6470 100 100 
6480 100 100 
6490 100 100 
6500 100 100 
6510 100 100 
6520 100 100 
6530 100 100 
6540 100 100 
6550 100 100 
6560 100 100 
6570 100 100 
6580 100 100 
6590 100 100 
6600 100 100 
6610 100 100 
6620 100 100 
6630 100 100 
6640 100 100 
6650 100 100 
6660 100 100 
6670 100 100 
6680 100 100 
6690 100 100 
6700 100 100 
6710 100 100 
6720 100 100 
6730 100 100 
6740 100 100 
6750 100 100 
6760 100 100 
6770 100 100 
6780 100 100 
6790 100 100 
6800 100 100 
6810 100 100 
6820 100 100 
6830 100 100 
6840 100 100 
6850 100 100 
6860 100 100 
6870 100 100 
6880 100 100 
6890 100 100 
6900 100 100 
6910 100 100 
6920 100 100 
6930 100 100 
6940 100 100 
6950 100 100 
6960 100 100 
6970 100 100 
6980 100 100 
6990 100 100 
7000 100 100 
7010 100 100 
7020 100 100 
7030 100 100 
7040 100 100 
7050 100 100 
7060 100 100 
7070 100 100 
7080 100 100 
7090 100 100 
7100 100 100 
7110 100 100 
7120 100 100 
7130 100 100 
7140 100 100 
7150 100 100 
7160 100 100 
7170 100 100 
7180 100 100 
7190 100 100 
7200 100 100 
7210 100 100 
7220 100 100 
7230 100 100 
7240 100 100 
7250 100 100 
7260 100 100 
7270 100 100 
7280 100 100 
7290 100 100 
7300 100 100 
7310 100 100 
7320 100 100 
7330 100 100 
7340 100 100 
7350 100 100 
7360 100 100 
7370 100 100 
7380 100 100 
7390 100 100 
7400 100 100 
7410 100 100 
7420 100 100 
7430 100 100 
7440 100 100 
7450 100 100 
7460 100 100 
7470 100 100 
7480 100 100 
7490 100 100 
7500 100 100 
7510 100 100 
7520 100 100 
7530 100 100 
7540 100 100 
7550 100 100 
7560 100 100 
7570 100 100 
7580 100 100 
7590 100 100 
7600 100 100 
7610 100 100 
7620 100 100 
7630 100 100 
7640 100 100 
7650 100 100 
7660 100 100 
7670 100 100 
7680 100 100 
7690 100 100 
7700 100 100 
7710 100 100 
7720 100 100 
7730 100 100 
7740 100 100 
7750 100 100 
7760 100 100 
7770 100 100 
7780 100 100 
7790 100 100 
7800 100 100 
7810 100 100 
7820 100 100 
7830 100 100 
7840 100 100 
7850 100 100 
7860 100 100 
7870 100 100 
7880 100 100 
7890 100 100 
7900 100 100 
7910 100 100 
7920 100 100 
7930 100 100 
7940 100 100 
7950 100 100 
7960 100 100 
7970 100 100 
7980 100 100 
7990 100 100 
8000 100 100 
8010 100 100 
8020 100 100 
8030 100 100 
8040 100 100 
8050 100 100 
8060 100 100 
8070 100 100 
8080 100 100 
8090 100 100 
8100 100 100 
8110 100 100 
8120 100 100 
8130 100 100 
8140 100 100 
8150 100 100 
8160 100 100 
8170 100 100 
8180 100 100 
8190 100 100 
8200 100 100 
8210 100 100 
8220 100 100 
8230 100 100 
8240 100 100 
8250 100 100 
8260 100 100 
8270 100 100 
8280 100 100 
8290 100 100 
8300 100 100 
8310 100 100 
8320 100 100 
8330 100 100 
8340 100 100 
8350 100 100 
8360 100 100 
8370 100 100 
8380 100 100 
8390 100 100 
8400 100 100 
8410 100 100 
8420 100 100 
8430 100 100 
8440 100 100 
8450 100 100 
8460 100 100 
8470 100 100 
8480 100 100 
8490 100 100 
8500 100 100 
8510 100 100 
8520 100 100 
8530 100 100 
8540 100 100 
8550 100 100 
8560 100 100 
8570 100 100 
8580 100 100 
8590 100 100 
8600 100 100 
8610 100 100 
8620 100 100 
8630 100 100 
8640 100 100 
8650 100 100 
8660 100 100 
8670 100 100 
8680 100 100 
8690 100 100 
8700 100 100 
8710 100 100 
8720 100 100 
8730 100 100 
8740 100 100 
8750 100 100 
8760 100 100 
8770 100 100 
8780 100 100 
8790 100 100 
8800 100 100 
8810 100 100 
8820 100 100 
8830 100 100 
8840 100 100 
8850 100 100 
8860 100 100 
8870 100 100 
8880 100 100 
8890 100 100 
8900 100 100 
8910 100 100 
8920 100 100 
8930 100 100 
8940 100 100 
8950 100 100 
8960 100 100 
8970 100 100 
8980 100 100 
8990 100 100 
9000 100 100 
9010 100 100 
9020 100 100 
9030 100 100 
9040 100 100 
9050 100 100 
9060 100 100 
9070 100 100 
9080 100 100 
9090 100 100 
9100 100 100 
9110 100 100 
9120 100 100 
9130 100 100 
9140 100 100 
9150 100 100 
9160 100 100 
9170 100 100 
9180 100 100 
9190 100 100 
9200 100 100 
9210 100 100 
9220 100 100 
9230 100 100 
9240 100 100 
9250 100 100 
9260 100 100 
9270 100 100 
9280 100 100 
9290 100 100 
9300 100 100 
9310 100 100 
9320 100 100 
9330 100 100 
9340 100 100 
9350 100 100 
9360 100 100 
9370 100 100 
9380 100 100 
9390 100 100 
9400 100 100 
9410 100 100 
9420 100 100 
9430 100 100 
9440 100 100 
9450 100 100 
9460 100 100 
9470 100 100 
9480 100 100 
9490 100 100 
9500 100 100 
9510 100 100 
9520 100 100 
9530 100 100 
9540 100 100 
9550 100 100 
9560 100 100 
9570 100 100 
9580 100 100 
9590 100 100 
9600 100 100 
9610 100 100 
9620 100 100 
9630 100 100 
9640 100 100 
9650 100 100 
9660 100 100 
9670 100 100 
9680 100 100 
9690 100 100 
9700 100 100 
9710 100 100 
9720 100 100 
9730 100 100 
9740 100 100 
9750 100 100 
9760 100 100 
9770 100 100 
9780 100 100 
9790 100 100 
9800 100 100 
9810 100 100 
9820 100 100 
9830 100 100 
9840 100 100 
9850 100 100 
9860 100 100 
9870 100 100 
9880 100 100 
9890 100 100 
9900 100 100 
9910 100 100 
9920 100 100 
9930 100 100 
9940 100 100 
9950 100 100 
9960 100 100 
9970 100 100 
9980 100 100 
9990 100 100 
10000 100 100 
10010 100 100 
10020 100 100 
10030 100 100 
10040 100 100 
10050 100 100 
10060 100 100 
10070 100 100 
10080 100 100 
10090 100 100 
10100 100 100 
10110 100 100 
10120 100 100 
10130 100 100 
10140 100 100 
10150 100 100 
10160 100 100 
10170 100 100 
10180 100 100 
10190 100 100 
10200 100 100 
10210 100 100 
10220 100 100 
10230 100 100 
10240 100 100 
10250 100 100 
10260 100 100 
10270 100 100 
10280 100 100 
10290 100 100 
10300 100 100 
10310 100 100 
10320 100 100 
10330 100 100 
10340 100 100 
10350 100 100 
10360 100 100 
10370 100 100 
10380 100 100 
10390 100 100 
10400 100 100 
10410 100 100 
10420 100 100 
10430 100 100 
10440 100 100 
10450 100 100 
10460 100 100 
10470 100 100 
10480 100 100 
10490 100 100 
10500 100 100 
10510 100 100 
10520 100 100 
10530 100 100 
10540 100 100 
10550 100 100 
10560 100 100 
10570 100 100 
10580 100 100 
10590 100 100 
10600 100 100 
10610 100 100 
10620 100 100 
10630 100 100 
10640 100 100 
10650 100 100 
10660 100 100 
10670 100 100 
10680 100 100 
10690 100 100 
10700 100 100 
10710 100 100 
10720 100 100 
10730 100 100 
10740 100 100 
10750 100 100 
10760 100 100 
10770 100 100 
10780 100 100 
10790 100 100 
10800 100 100 
10810 100 100 
10820 100 100 
10830 100 100 
10840 100 100 
10850 100 100 
10860 100 100 
10870 100 100 
10880 100 100 
10890 100 100 
10900 100 100 
10910 100 100 
10920 100 100 
10930 100 100 
10940 100 100 
10950 100 100 
10960 100 100 
10970 100 100 
10980 100 100 
10990 100 100 
11000 100 100 
11010 100 100 
11020 100 100 
11030 100 100 
11040 100 100 
11050 100 100 
11060 100 100 
11070 100 100 
11080 100 100 
11090 100 100 
11100 100 100 
11110 100 100 
11120 100 100 
11130 100 100 
11140 100 100 
11150 100 100 
11160 100 100 
11170 100 100 
11180 100 100 
11190 100 100 
11200 100 100 
11210 100 100 
11220 100 100 
11230 100 100 
11240 100 100 
11250 100 100 
11260 100 100 
11270 100 100 
11280 100 100 
11290 100 100 
11300 100 100 
11310 100 100 
11320 100 100 
11330 100 100 
11340 100 100 
11350 100 100 
11360 100 100 
11370 100 100 
11380 100 100 
11390 100 100 
11400 100 100 
11410 100 100 
11420 100 100 
11430 100 100 
11440 100 100 
11450 100 100 
11460 100 100 
11470 100 100 
11480 100 100 
11490 100 100 
11500 100 100 
11510 100 100 
11520 100 100 
11530 100 100 
11540 100 100 
11550 100 100 
11560 100 100 
11570 100 100 
11580 100 100 
11590 100 100 
11600 100 100 
11610 100 100 
11620 100 100 
11630 100 100 
11640 100 100 
11650 100 100 
11660 100 100 
11670 100 100 
11680 100 100 
11690 100 100 
11700 100 100 
11710 100 100 
11720 100 100 
11730 100 100 
11740 100 100 
11750 100 100 
11760 100 100 
11770 100 100 
11780 100 100 
11790 100 100 
11800 100 100 
11810 100 100 
11820 100 100 
11830 100 100 
11840 100 100 
11850 100 100 
11860 100 100 
11870 100 100 
11880 100 100 
11890 100 100 
11900 100 100 
11910 100 100 
11920 100 100 
11930 100 100 
11940 100 100 
11950 100 100 
11960 100 100 
11970 100 100 
11980 100 100 
11990 100 100 
12000 100 100 
12010 100 100 
12020 100 100 
12030 100 100 
12040 100 100 
12050 100 100 
12060 100 100 
12070 100 100 
12080 100 100 
12090 100 100 
12100 100 100 
12110 100 100 
12120 100 100 
12130 100 100 
12140 100 100 
12150 100 100 
12160 100 100 
12170 100 100 
12180 100 100 
12190 100 100 
12200 100 100 
12210 100 100 
12220 100 100 
12230 100 100 
12240 100 100 
12250 100 100 
12260 100 100 
12270 100 100 
12280 100 100 
12290 100 100 
12300 100 100 
12310 100 100 
12320 100 100 
12330 100 100 
12340 100 100 
12350 100 100 
12360 100 100 
12370 100 100 
12380 100 100 
12390 100 100 
12400 100 100 
12410 100 100 
12420 100 100 
12430 100 100 
12440 100 100 
12450 100 100 
12460 100 100 
12470 100 100 
12480 100 100 
12490 100 100 
12500 100 100 
12510 100 100 
12520 100 100 
12530 100 100 
12540 100 100 
12550 100 100 
12560 100 100 
12570 100 100 
12580 100 100 
12590 100 100 
12600 100 100 
12610 100 100 
12620 100 100 
12630 100 100 
12640 100 100 
12650 100 100 
12660 100 100 
12670 100 100 
12680 100 100 
12690 100 100 
12700 100 100 
12710 100 100 
12720 100 100 
12730 100 100 
12740 100 100 
12750 100 100 
12760 100 100 
12770 100 100 
12780 100 100 
12790 100 100 
12800 100 100 
12810 100 100 
12820 100 100 
12830 100 100 
12840 100 100 
12850 100 100 
12860 100 100 
12870 100 100 
12880 100 100 
12890 100 100 
12900 100 100 
12910 100 100 
12920 100 100 
12930 100 100 
12940 100 100 
12950 100 100 
12960 100 100 
12970 100 100 
12980 100 100 
12990 100 100 
13000 100 100 
13010 100 100 
13020 100 100 
13030 100 100 
13040 100 100 
13050 100 100 
13060 100 100 
13070 100 100 
13080 100 100 
13090 100 100 
13100 100 100 
13110 100 100 
13120 100 100 
13130 100 100 
13140 100 100 
13150 100 100 
13160 100 100 
13170 100 100 
13180 100 100 
13190 100 100 
13200 100 100 
13210 100 100 
13220 100 100 
13230 100 100 
13240 100 100 
13250 100 100 
13260 100 100 
13270 100 100 
13280 100 100 
13290 100 100 
13300 100 100 
13310 100 100 
13320 100 100 
13330 100 100 
13340 100 100 
13350 100 100 
13360 100 100 
13370 100 100 
13380 100 100 
13390 100 100 
13400 100 100 
13410 100 100 
13420 100 100 
13430 100 100 
13440 100 100 
13450 100 100 
13460 100 100 
13470 100 100 
13480 100 100 
13490 100 100 
13500 100 100 
13510 100 100 
13520 100 100 
13530 100 100 
13540 100 100 
13550 100 100 
13560 100 100 
13570 100 100 
13580 100 100 
13590 100 100 
13600 100 100 
13610 100 100 
13620 100 100 
13630 100 100 
13640 100 100 
13650 100 100 
13660 100 100 
13670 100 100 
13680 100 100 
13690 100 100 
13700 100 100 
13710 100 100 
13720 100 100 
13730 100 100 
13740 100 100 
13750 100 100 
13760 100 100 
13770 100 100 
13780 100 100 
13790 100 100 
13800 100 100 
13810 100 100 
13820 100 100 
13830 100 100 
13840 100 100 
13850 100 100 
13860 100 100 
13870 100 100 
13880 100 100 
13890 100 100 
13900 100 100 
13910 100 100 
13920 100 100 
13930 100 100 
13940 100 100 
13950 100 100 
13960 100 100 
13970 100 100 
13980 100 100 
13990 100 100 
14000 100 100 
14010 100 100 
14020 100 100 
14030 100 100 
14040 100 100 
14050 100 100 
14060 100 100 
14070 100 100 
14080 100 100 
14090 100 100 
14100 100 100 
14110 100 100 
14120 100 100 
14130 100 100 
14140 100 100 
14150 100 100 
14160 100 100 
14170 100 100 
14180 100 100 
14190 100 100 
14200 100 100 
14210 100 100 
14220 100 100 
14230 100 100 
14240 100 100 
14250 100 100 
14260 100 100 
14270 100 100 
14280 100 100 
14290 100 100 
14300 100 100 
14310 100 100 
14320 100 100 
14330 100 100 
14340 100 100 
14350 100 100 
14360 100 100 
14370 100 100 
14380 100 100 
14390 100 100 
14400 100 100 
14410 100 100 
14420 100 100 
14430 100 100 
14440 100 100 
14450 100 100 
14460 100 100 
14470 100 100 
14480 100 100 
14490 100 100 
14500 100 100 
14510 100 100 
14520 100 100 
14530 100 100 
14540 100 100 
14550 100 100 
14560 100 100 
14570 100 100 
14580 100 100 
14590 100 100 
14600 100 100 
14610 100 100 
14620 100 100 
14630 100 100 
14640 100 100 
14650 100 100 
14660 100 100 
14670 100 100 
14680 100 100 
14690 100 100 
14700 100 100 
14710 100 100 
14720 100 100 
14730 100 100 
14740 100 100 
14750 100 100 
14760 100 100 
14770 100 100 
14780 100 100 
14790 100 100 
14800 100 100 
14810 100 100 
14820 100 100 
14830 100 100 
14840 100 100 
14850 100 100 
14860 100 100 
14870 100 100 
14880 100 100 
14890 100 100 
14900 100 100 
14910 100 100 
14920 100 100 
14930 100 100 
14940 100 100 
14950 100 100 
14960 100 100 
14970 100 100 
14980 100 100 
14990 100 100 
15000 100 100 
15010 100 100 
15020 100 100 
15030 100 100 
15040 100 100 
15050 100 100 
15060 100 100 
15070 100 100 
15080 100 100 
15090 100 100 
15100 100 100 
15110 100 100 
15120 100 100 
15130 100 100 
15140 100 100 
15150 100 100 
15160 100 100 
15170 100 100 
15180 100 100 
15190 100 100 
15200 100 100 
15210 100 100 
15220 100 100 
15230 100 100 
15240 100 100 
15250 100 100 
15260 100 100 
15270 100 100 
15280 100 100 
15290 100 100 
15300 100 100 
15310 100 100 
15320 100 100 
15330 100 100 
15340 100 100 
15350 100 100 
15360 100 100 
15370 100 100 
15380 100 100 
15390 100 100 
15400 100 100 
15410 100 100 
15420 100 100 
15430 100 100 
15440 100 100 
15450 100 100 
15460 100 100 
15470 100 100 
15480 100 100 
15490 100 100 
15500 100 100 
15510 100 100 
15520 100 100 
15530 100 100 
15540 100 100 
15550 100 100 
15560 100 100 
15570 100 100 
15580 100 100 
15590 100 100 
15600 100 100 
15610 100 100 
15620 100 100 
15630 100 100 
15640 100 100 
15650 100 100 
15660 100 100 
15670 100 100 
15680 100 100 
15690 100 100 
15700 100 100 
15710 100 100 
15720 100 100 
15730 100 100 
15740 100 100 
15750 100 100 
15760 100 100 
15770 100 100 
15780 100 100 
15790 100 100 
15800 100 100 
15810 100 100 
15820 100 100 
15830 100 100 
15840 100 100 
15850 100 100 
15860 100 100 
15870 100 100 
15880 100 100 
15890 100 100 
15900 100 100 
15910 100 100 
15920 100 100 
15930 100 100 
15940 100 100 
15950 100 100 
15960 100 100 
15970 100 100 
15980 100 100 
15990 100 100 
16000 100 100 
16010 100 100 
16020 100 100 
16030 100 100 
16040 100 100 
16050 100 100 
16060 100 100 
16070 100 100 
16080 100 100 
16090 100 100 
16100 100 100 
16110 100 100 
16120 100 100 
16130 100 100 
16140 100 100 
16150 100 100 
16160 100 100 
16170 100 100 
16180 100 100 
16190 100 100 
16200 100 100 
16210 100 100 
16220 100 100 
16230 100 100 
16240 100 100 
16250 100 100 
16260 100 100 
16270 100 100 
16280 100 100 
16290 100 100 
16300 100 100 
16310 100 100 
16320 100 100 
16330 100 100 
16340 100 100 
16350 100 100 
16360 100 100 
16370 100 100 
16380 100 100 
16390 100 100 
16400 100 100 
16410 100 100 
16420 100 100 
16430 100 100 
16440 100 100 
16450 100 100 
16460 100 100 
16470 100 100 
16480 100 100 
16490 100 100 
16500 100 100 
16510 100 100 
16520 100 100 
16530 100 100 
16540 100 100 
16550 100 100 
16560 100 100 
16570 100 100 
16580 100 100 
16590 100 100 
16600 100 100 
16610 100 100 
16620 100 100 
16630 100 100 
16640 100 100 
16650 100 100 
16660 100 100 
16670 100 100 
16680 100 100 
16690 100 100 
16700 100 100 
16710 100 100 
16720 100 100 
16730 100 100 
16740 100 100 
16750 100 100 
16760 100 100 
16770 100 100 
16780 100 100 
16790 100 100 
16800 100 100 
16810 100 100 
16820 100 100 
16830 100 100 
16840 100 100 
16850 100 100 
16860 100 100 
16870 100 100 
16880 100 100 
16890 100 100 
16900 100 100 
16910 100 100 
16920 100 100 
16930 100 100 
16940 100 100 
16950 100 100 
16960 100 100 
16970 100 100 
16980 100 100 
16990 100 100 
17000 100 100 
17010 100 100 
17020 100 100 
17030 100 100 
17040 100 100 
17050 100 100 
17060 100 100 
17070 100 100 
17080 100 100 
17090 100 100 
17100 100 100 
17110 100 100 
17120 100 100 
17130 100 100 
17140 100 100 
17150 100 100 
17160 100 100 
17170 100 100 
17180 100 100 
17190 100 100 
17200 100 100 
17210 100 100 
17220 100 100 
17230 100 100 
17240 100 100 
17250 100 100 
17260 100 100 
17270 100 100 
17280 100 100 
17290 100 100 
17300 100 100 
17310 100 100 
17320 100 100 
17330 100 100 
17340 100 100 
17350 100 100 
17360 100 100 
17370 100 100 
17380 100 100 
17390 100 100 
17400 100 100 
17410 100 100 
17420 100 100 
17430 100 100 
17440 100 100 
17450 100 100 
17460 100 100 
17470 100 100 
17480 100 100 
17490 100 100 
17500 100 100 
17510 100 100 
17520 100 100 
17530 100 100 
17540 100 100 
17550 100 100 
17560 100 100 
17570 100 100 
17580 100 100 
17590 100 100 
17600 100 100 
17610 100 100 
17620 100 100 
17630 100 100 
17640 100 100 
17650 100 100 
17660 100 100 
17670 100 100 
17680 100 100 
17690 100 100 
17700 100 100 
17710 100 100 
17720 100 100 
17730 100 100 
17740 100 100 
17750 100 100 
17760 100 100 
17770 100 100 
17780 100 100 
17790 100 100 
17800 100 100 
17810 100 100 
17820 100 100 
17830 100 100 
17840 100 100 
17850 100 100 
17860 100 100 
17870 100 100 
17880 100 100 
17890 100 100 
17900 100 100 
17910 100 100 
17920 100 100 
17930 100 100 
17940 100 100 
17950 100 100 
17960 100 100 
17970 100 100 
17980 100 100 
17990 100 100 
18000 100 100 
18010 100 100 
18020 100 100 
18030 100 100 
18040 100 100 
18050 100 100 
18060 100 100 
18070 100 100 
18080 100 100 
18090 100 100 
18100 100 100 
18110 100 100 
18120 100 100 
18130 100 100 
18140 100 100 
18150 100 100 
18160 100 100 
18170 100 100 
18180 100 100 
18190 100 100 
18200 100 100 
18210 100 100 
18220 100 100 
18230 100 100 
18240 100 100 
18250 100 100 
18260 100 100 
18270 100 100 
18280 100 100 
18290 100 100 
18300 100 100 
18310 100 100 
18320 100 100 
18330 100 100 
18340 100 100 
18350 100 100 
18360 100 100 
18370 100 100 
18380 100 100 
18390 100 100 
18400 100 100 
18410 100 100 
18420 100 100 
18430 100 100 
18440 100 100 
18450 100 100 
18460 100 100 
18470 100 100 
18480 100 100 
18490 100 100 
18500 100 100 
18510 100 100 
18520 100 100 
18530 100 100 
18540 100 100 
18550 100 100 
18560 100 100 
18570 100 100 
18580 100 100 
18590 100 100 
18600 100 100 
18610 100 100 
18620 100 100 
18630 100 100 
18640 100 100 
18650 100 100 
18660 100 100 
18670 100 100 
18680 100 100 
18690 100 100 
18700 100 100 
18710 100 100 
18720 100 100 
18730 100 100 
18740 100 100 
18750 100 100 
18760 100 100 
18770 100 100 
18780 100 100 
18790 100 100 
18800 100 100 
18810 100 100 
18820 100 100 
18830 100 100 
18840 100 100 
18850 100 100 
18860 100 100 
18870 100 100 
18880 100 100 
18890 100 100 
18900 100 100 
18910 100 100 
18920 100 100 
18930 100 100 
18940 100 100 
18950 100 100 
18960 100 100 
18970 100 100 
18980 100 100 
18990 100 100 
19000 100 100 
19010 100 100 
19020 100 100 
19030 100 100 
19040 100 100 
19050 100 100 
19060 100 100 
19070 100 100 
19080 100 100 
19090 100 100 
19100 100 100 
19110 100 100 
19120 100 100 
19130 100 100 
19140 100 100 
19150 100 100 
19160 100 100 
19170 100 100 
19180 100 100 
19190 100 100 
19200 100 100 
19210 100 100 
19220 100 100 
19230 100 100 
19240 100 100 
19250 100 100 
19260 100 100 
19270 100 100 
19280 100 100 
19290 100 100 
19300 100 100 
19310 100 100 
19320 100 100 
19330 100 100 
19340 100 100 
19350 100 100 
19360 100 100 
19370 100 100 
19380 100 100 
19390 100 100 
19400 100 100 
19410 100 100 
19420 100 100 
19430 100 100 
19440 100 100 
19450 100 100 
19460 100 100 
19470 100 100 
19480 100 100 
19490 100 100 
19500 100 100 
19510 100 100 
19520 100 100 
19530 100 100 
19540 100 100 
19550 100 100 
19560 100 100 
19570 100 100 
19580 100 100 
19590 100 100 
19600 100 100 
19610 100 100 
19620 100 100 
19630 100 100 
19640 100 100 
19650 100 100 
19660 100 100 
19670 100 100 
19680 100 100 
19690 100 100 
19700 100 100 
19710 100 100 
19720 100 100 
19730 100 100 
19740 100 100 
19750 100 100 
19760 100 100 
19770 100 100 
19780 100 100 
19790 100 100 
19800 100 100 
19810 100 100 
19820 100 100 
19830 100 100 
19840 100 100 
19850 100 100 
19860 100 100 
19870 100 100 
19880 100 100 
19890 100 100 
19900 100 100 
19910 100 100 
19920 100 100 
19930 100 100 
19940 100 100 
19950 100 100 
19960 100 100 
19970 100 100 
19980 100 100 
19990 100 100 
20000 100 100 
20010 100 100 
20020 100 100 
20030 100 100 
20040 100 100 
20050 100 100 
20060 100 100 
20070 100 100 
20080 100 100 
20090 100 100 
20100 100 100 
20110 100 100 
20120 100 100 
20130 100 100 
20140 100 100 
20150 100 100 
20160 100 100 
20170 100 100 
20180 100 100 
20190 100 100 
20200 100 100 
20210 100 100 
20220 100 100 
20230 100 100 
20240 100 100 
20250 100 100 
20260 100 100 
20270 100 100 
20280 100 100 
20290 100 100 
20300 100 100 
20310 100 100 
20320 100 100 
20330 100 100 
20340 100 100 
20350 100 100 
20360 100 100 
20370 100 100 
20380 100 100 
20390 100 100 
20400 100 100 
20410 100 100 
20420 100 100 
20430 100 100 
20440 100 100 
20450 100 100 
20460 100 100 
20470 100 100 
20480 100 100 
20490 100 100 
20500 100 100 
20510 100 100 
20520 100 100 
20530 100 100 
20540 100 100 
20550 100 100 
20560 100 100 
20570 100 100 
20580 100 100 
20590 100 100 
20600 100 100 
20610 100 100 
20620 100 100 
20630 100 100 
20640 100 100 
20650 100 100 
20660 100 100 
20670 100 100 
20680 100 100 
20690 100 100 
20700 100 100 
20710 100 100 
20720 100 100 
20730 100 100 
20740 100 100 
20750 100 100 
20760 100 100 
20770 100 100 
20780 100 100 
20790 100 100 
20800 100 100 
20810 100 100 
20820 100 100 
20830 100 100 
20840 100 100 
20850 100 100 
20860 100 100 
20870 100 100 
20880 100 100 
20890 100 100 
20900 100 100 
20910 100 100 
20920 100 100 
20930 100 100 
20940 100 100 
20950 100 100 
20960 100 100 
20970 100 100 
20980 100 100 
20990 100 100 
21000 100 100 
21010 100 100 
21020 100 100 
21030 100 100 
21040 100 100 
21050 100 100 
21060 100 100 
21070 100 100 
21080 100 100 
21090 100 100 
21100 100 100 
21110 100 100 
21120 100 100 
21130 100 100 
21140 100 100 
21150 100 100 
21160 100 100 
21170 100 100 
21180 100 100 
21190 100 100 
21200 100 100 
21210 100 100 
21220 100 100 
21230 100 100 
21240 100 100 
21250 100 100 
21260 100 100 
21270 100 100 
21280 100 100 
21290 100 100 
21300 100 100 
21310 100 100 
21320 100 100 
21330 100 100 
21340 100 100 
21350 100 100 
21360 100 100 
21370 100 100 
21380 100 100 
21390 100 100 
21400 100 100 
21410 100 100 
21420 100 100 
21430 100 100 
21440 100 100 
21450 100 100 
21460 100 100 
21470 100 100 
21480 100 100 
21490 100 100 
21500 100 100 
21510 100 100 
21520 100 100 
21530 100 100 
21540 100 100 
21550 100 100 
21560 100 100 
21570 100 100 
21580 100 100 
21590 100 100 
21600 100 100 
21610 100 100 
21620 100 100 
21630 100 100 
21640 100 100 
21650 100 100 
21660 100 100 
21670 100 100 
21680 100 100 
21690 100 100 
21700 100 100 
21710 100 100 
21720 100 100 
21730 100 100 
21740 100 100 
21750 100 100 
21760 100 100 
21770 100 100 
21780 100 100 
21790 100 100 
21800 100 100 
21810 100 100 
21820 100 100 
21830 100 100 
21840 100 100 
21850 100 100 
21860 100 100 
21870 100 100 
21880 100 100 
21890 100 100 
21900 100 100 
21910 100 100 
21920 100 100 
21930 100 100 
21940 100 100 
21950 100 100 
21960 100 100 
21970 100 100 
21980 100 100 
21990 100 100 
22000 100 100 
22010 100 100 
22020 100 100 
22030 100 100 
22040 100 100 
22050 100 100 
22060 100 100 
22070 100 100 
22080 100 100 
22090 100 100 
22100 100 100 
22110 100 100 
22120 100 100 
22130 100 100 
22140 100 100 
22150 100 100 
22160 100 100 
22170 100 100 
22180 100 100 
22190 100 100 
22200 100 100 
22210 100 100 
22220 100 100 
22230 100 100 
22240 100 100 
22250 100 100 
22260 100 100 
22270 100 100 
22280 100 100 
22290 100 100 
22300 100 100 
22310 100 100 
22320 100 100 
22330 100 100 
22340 100 100 
22350 100 100 
22360 100 100 
22370 100 100 
22380 100 100 
22390 100 100 
22400 100 100 
22410 100 100 
22420 100 100 
22430 100 100 
22440 100 100 
22450 100 100 
22460 100 100 
22470 100 100 
22480 100 100 
22490 100 100 
22500 100 100 
22510 100 100 
22520 100 100 
22530 100 100 
22540 100 100 
22550 100 100 
22560 100 100 
22570 100 100 
22580 100 100 
22590 100 100 
22600 100 100 
22610 100 100 
22620 100 100 
22630 100 100 
22640 100 100 
22650 100 100 
22660 100 100 
22670 100 100 
22680 100 100 
22690 100 100 
22700 100 100 
22710 100 100 
22720 100 100 
22730 100 100 
22740 100 100 
22750 100 100 
22760 100 100 
22770 100 100 
22780 100 100 
22790 100 100 
22800 100 100 
22810 100 100 
22820 100 100 
22830 100 100 
22840 100 100 
22850 100 100 
22860 100 100 
22870 100 100 
22880 100 100 
22890 100 100 
22900 100 100 
22910 100 100 
22920 100 100 
22930 100 100 
22940 100 100 
22950 100 100 
22960 100 100 
22970 100 100 
22980 100 100 
22990 100 100 
23000 100 100 
23010 100 100 
23020 100 100 
23030 100 100 
23040 100 100 
23050 100 100 
23060 100 100 
23070 100 100 
23080 100 100 
23090 100 100 
23100 100 100 
23110 100 100 
23120 100 100 
23130 100 100 
23140 100 100 
23150 100 100 
23160 100 100 
23170 100 100 
23180 100 100 
23190 100 100 
23200 100 100 
23210 100 100 
23220 100 100 
23230 100 100 
23240 100 100 
23250 100 100 
23260 100 100 
23270 100 100 
23280 100 100 
23290 100 100 
23300 100 100 
23310 100 100 
23320 100 100 
23330 100 100 
23340 100 100 
23350 100 100 
23360 100 100 
23370 100 100 
23380 100 100 
23390 100 100 
23400 100 100 
23410 100 100 
23420 100 100 
23430 100 100 
23440 100 100 
23450 100 100 
23460 100 100 
23470 100 100 
23480 100 100 
23490 100 100 
23500 100 100 
23510 100 100 
23520 100 100 
23530 100 100 
23540 100 100 
23550 100 100 
23560 100 100 
23570 100 100 
23580 100 100 
23590 100 100 
23600 100 100 
23610 100 100 
23620 100 100 
23630 100 100 
23640 100 100 
23650 100 100 
23660 100 100 
23670 100 100 
23680 100 100 
23690 100 100 
23700 100 100 
23710 100 100 
23720 100 100 
23730 100 100 
23740 100 100 
23750 100 100 
23760 100 100 
23770 100 100 
23780 100 100 
23790 100 100 
23800 100 100 
23810 100 100 
23820 100 100 
23830 100 100 
23840 100 100 
23850 100 100 
23860 100 100 
23870 100 100 
23880 100 100 
23890 100 100 
23900 100 100 
23910 100 100 
23920 100 100 
23930 100 100 
23940 100 100 
23950 100 100 
23960 100 100 
23970 100 100 
23980 100 100 
23990 100 100 
24000 100 100 
24010 100 100 
24020 100 100 
24030 100 100 
24040 100 100 
24050 100 100 
24060 100 100 
24070 100 100 
24080 100 100 
24090 100 100 
24100 100 100 
24110 100 100 
24120 100 100 
24130 100 100 
24140 100 100 
24150 100 100 
24160 100 100 
24170 100 100 
24180 100 100 
24190 100 100 
24200 100 100 
24210 100 100 
24220 100 100 
24230 100 100 
24240 100 100 
24250 100 100 
24260 100 100 
24270 100 100 
24280 100 100 
24290 100 100 
24300 100 100 
24310 100 100 
24320 100 100 
24330 100 100 
24340 100 100 
24350 100 100 
24360 100 100 
24370 100 100 
24380 100 100 
24390 100 100 
24400 100 100 
24410 100 100 
24420 100 100 
24430 100 100 
24440 100 100 
24450 100 100 
24460 100 100 
24470 100 100 
24480 100 100 
24490 100 100 
24500 100 100 
24510 100 100 
24520 100 100 
24530 100 100 
24540 100 100 
24550 100 100 
24560 100 100 
24570 100 100 
24580 100 100 
24590 100 100 
24600 100 100 
24610 100 100 
24620 100 100 
24630 100 100 
24640 100 100 
24650 100 100 
24660 100 100 
24670 100 100 
24680 100 100 
24690 100 100 
24700 100 100 
24710 100 100 
24720 100 100 
24730 100 100 
24740 100 100 
24750 100 100 
24760 100 100 
24770 100 100 
24780 100 100 
24790 100 100 
24800 100 100 
24810 100 100 
24820 100 100 
24830 100 100 
24840 100 100 
24850 100 100 
24860 100 100 
24870 100 100 
24880 100 100 
24890 100 100 
24900 100 100 
24910 100 100 
24920 100 100 
24930 100 100 
24940 100 100 
24950 100 100 
24960 100 100 
24970 100 100 
24980 100 100 
24990 100 100 
25000 100 100 
25010 100 100 
25020 100 100 
25030 100 100 
25040 100 100 
25050 100 100 
25060 100 100 
25070 100 100 
25080 100 100 
25090 100 100 
25100 100 100 
25110 100 100 
25120 100 100 
25130 100 100 
25140 100 100 
25150 100 100 
25160 100 100 
25170 100 100 
25180 100 100 
25190 100 100 
25200 100 100 
25210 100 100 
25220 100 100 
25230 100 100 
25240 100 100 
25250 100 100 
25260 100 100 
25270 100 100 
25280 100 100 
25290 100 100 
25300 100 100 
25310 100 100 
25320 100 100 
25330 100 100 
25340 100 100 
25350 100 100 
25360 100 100 
25370 100 100 
25380 100 100 
25390 100 100 
25400 100 100 
25410 100 100 
25420 100 100 
25430 100 100 
25440 100 100 
25450 100 100 
25460 100 100 
25470 100 100 
25480 100 100 
25490 100 100 
25500 100 100 
25510 100 100 
25520 100 100 
25530 100 100 
25540 100 100 
25550 100 100 
25560 100 100 
25570 100 100 
25580 100 100 
25590 100 100 
25600 100 100 
25610 100 100 
25620 100 100 
25630 100 100 
25640 100 100 
25650 100 100 
25660 100 100 
25670 100 100 
25680 100 100 
25690 100 100 
25700 100 100 
25710 100 100 
25720 100 100 
25730 100 100 
25740 100 100 
25750 100 100 
25760 100 100 
25770 100 100 
25780 100 100 
25790 100 100 
25800 100 100 
25810 100 100 
25820 100 100 
25830 100 100 
25840 100 100 
25850 100 100 
25860 100 100 
25870 100 100 
25880 100 100 
25890 100 100 
25900 100 100 
25910 100 100 
25920 100 100 
25930 100 100 
25940 100 100 
25950 100 100 
25960 100 100 
25970 100 100 
25980 100 100 
25990 100 100 
26000 100 100 
26010 100 100 
26020 100 100 
26030 100 100 
26040 100 100 
26050 100 100 
26060 100 100 
26070 100 100 
26080 100 100 
26090 100 100 
26100 100 100 
26110 100 100 
26120 100 100 
26130 100 100 
26140 100 100 
26150 100 100 
26160 100 100 
26170 100 100 
26180 100 100 
26190 100 100 
26200 100 100 
26210 100 100 
26220 100 100 
26230 100 100 
26240 100 100 
26250 100 100 
26260 100 100 
26270 100 100 
26280 100 100 
26290 100 100 
26300 100 100 
26310 100 100 
26320 100 100 
26330 100 100 
26340 100 100 
26350 100 100 
26360 100 100 
26370 100 100 
26380 100 100 
26390 100 100 
26400 100 100 
26410 100 100 
26420 100 100 
26430 100 100 
26440 100 100 
26450 100 100 
26460 100 100 
26470 100 100 
26480 100 100 
26490 100 100 
26500 100 100 
26510 100 100 
26520 100 100 
26530 100 100 
26540 100 100 
26550 100 100 
26560 100 100 
26570 100 100 
26580 100 100 
26590 100 100 
26600 100 100 
26610 100 100 
26620 100 100 
26630 100 100 
26640 100 100 
26650 100 100 
26660 100 100 
26670 100 100 
26680 100 100 
26690 100 100 
26700 100 100 
26710 100 100 
26720 100 100 
26730 100 100 
26740 100 100 
26750 100 100 
26760 100 100 
26770 100 100 
26780 100 100 
26790 100 100 
26800 100 100 
26810 100 100 
26820 100 100 
26830 100 100 
26840 100 100 
26850 100 100 
26860 100 100 
26870 100 100 
26880 100 100 
26890 100 100 
26900 100 100 
26910 100 100 
26920 100 100 
26930 100 100 
26940 100 100 
26950 100 100 
26960 100 100 
26970 100 100 
26980 100 100 
26990 100 100 
27000 100 100 
27010 100 100 
27020 100 100 
27030 100 100 
27040 100 100 
27050 100 100 
27060 100 100 
27070 100 100 
27080 100 100 
27090 100 100 
27100 100 100 
27110 100 100 
27120 100 100 
27130 100 100 
27140 100 100 
27150 100 100 
27160 100 100 
27170 100 100 
27180 100 100 
27190 100 100 
27200 100 100 
27210 100 100 
27220 100 100 
27230 100 100 
27240 100 100 
27250 100 100 
27260 100 100 
27270 100 100 
27280 100 100 
27290 100 100 
27300 100 100 
27310 100 100 
27320 100 100 
27330 100 100 
27340 100 100 
27350 100 100 
27360 100 100 
27370 100 100 
27380 100 100 
27390 100 100 
27400 100 100 
27410 100 100 
27420 100 100 
27430 100 100 
27440 100 100 
27450 100 100 
27460 100 100 
27470 100 100 
27480 100 100 
27490 100 100 
27500 100 100 
27510 100 100 
27520 100 100 
27530 100 100 
27540 100 100 
27550 100 100 
27560 100 100 
27570 100 100 
27580 100 100 
27590 100 100 
27600 100 100 
27610 100 100 
27620 100 100 
27630 100 100 
27640 100 100 
27650 100 100 
27660 100 100 
27670 100 100 
27680 100 100 
27690 100 100 
27700 100 100 
27710 100 100 
27720 100 100 
27730 100 100 
27740 100 100 
27750 100 100 
27760 100 100 
27770 100 100 
27780 100 100 
27790 100 100 
27800 100 100 
27810 100 100 
27820 100 100 
27830 100 100 
27840 100 100 
27850 100 100 
27860 100 100 
27870 100 100 
27880 100 100 
27890 100 100 
27900 100 100 
27910 100 100 
27920 100 100 
27930 100 100 
27940 100 100 
27950 100 100 
27960 100 100 
27970 100 100 
27980 100 100 
27990 100 100 
28000 100 100 
28010 100 100 
28020 100 100 
28030 100 100 
28040 100 100 
28050 100 100 
28060 100 100 
28070 100 100 
28080 100 100 
28090 100 100 
28100 100 100 
28110 100 100 
28120 100 100 
28130 100 100 
28140 100 100 
28150 100 100 
28160 100 100 
28170 100 100 
28180 100 100 
28190 100 100 
28200 100 100 
28210 100 100 
28220 100 100 
28230 100 100 
28240 100 100 
28250 100 100 
28260 100 100 
28270 100 100 
28280 100 100 
28290 100 100 
28300 100 100 
28310 100 100 
28320 100 100 
28330 100 100 
28340 100 100 
28350 100 100 
28360 100 100 
28370 100 100 
28380 100 100 
28390 100 100 
28400 100 100 
28410 100 100 
28420 100 100 
28430 100 100 
28440 100 100 
28450 100 100 
28460 100 100 
28470 100 100 
28480 100 100 
28490 100 100 
28500 100 100 
28510 100 100 
28520 100 100 
28530 100 100 
28540 100 100 
28550 100 100 
28560 100 100 
28570 100 100 
28580 100 100 
28590 100 100 
28600 100 100 
28610 100 100 
28620 100 100 
28630 100 100 
28640 100 100 
28650 100 100 
28660 100 100 
28670 100 100 
28680 100 100 
28690 100 100 
28700 100 100 
28710 100 100 
28720 100 100 
28730 100 100 
28740 100 100 
28750 100 100 
28760 100 100 
28770 100 100 
28780 100 100 
28790 100 100 
28800 100 100 
28810 100 100 
28820 100 100 
28830 100 100 
28840 100 100 
28850 100 100 
28860 100 100 
28870 100 100 
28880 100 100 
28890 100 100 
28900 100 100 
28910 100 100 
28920 100 100 
28930 100 100 
28940 100 100 
28950 100 100 
28960 100 100 
28970 100 100 
28980 100 100 
28990 100 100 
29000 100 100 
29010 100 100 
29020 100 100 
29030 100 100 
29040 100 100 
29050 100 100 
29060 100 100 
29070 100 100 
29080 100 100 
29090 100 100 
29100 100 100 
29110 100 100 
29120 100 100 
29130 100 100 
29140 100 100 
29150 100 100 
29160 100 100 
29170 100 100 
29180 100 100 
29190 100 100 
29200 100 100 
29210 100 100 
29220 100 100 
29230 100 100 
29240 100 100 
29250 100 100 
29260 100 100 
29270 100 100 
29280 100 100 
29290 100 100 
29300 100 100 
29310 100 100 
29320 100 100 
29330 100 100 
29340 100 100 
29350 100 100 
29360 100 100 
29370 100 100 
29380 100 100 
29390 100 100 
29400 100 100 
29410 100 100 
29420 100 100 
29430 100 100 
29440 100 100 
29450 100 100 
29460 100 100 
29470 100 100 
29480 100 100 
29490 100 100 
29500 100 100 
29510 100 100 
29520 100 100 
29530 100 100 
29540 100 100 
29550 100 100 
29560 100 100 
29570 100 100 
29580 100 100 
29590 100 100 
29600 100 100 
29610 100 100 
29620 100 100 
29630 100 100 
29640 100 100 
29650 100 100 
29660 100 100 
29670 100 100 
29680 100 100 
29690 100 100 
29700 100 100 
29710 100 100 
29720 100 100 
29730 100 100 
29740 100 100 
29750 100 100 
29760 100 100 
29770 100 100 
29780 100 100 
29790 100 100 
29800 100 100 
29810 100 100 
29820 100 100 
29830 100 100 
29840 100 100 
29850 100 100 
29860 100 100 
29870 100 100 
29880 100 100 
29890 100 100 
29900 100 100 
29910 100 100 
29920 100 100 
29930 100 100 
29940 100 100 
29950 100 100 
29960 100 100 
29970 100 100 
29980 100 100 
29990 100 100 
30000 100 100 
30010 100 100 
30020 100 100 
30030 100 100 
30040 100 100 
30050 100 100 
30060 100 100 
30070 100 100 
30080 100 100 
30090 100 100 
30100 100 100 
30110 100 100 
30120 100 100 
30130 100 100 
30140 100 100 
30150 100 100 
30160 100 100 
30170 100 100 
30180 100 100 
30190 100 100 
30200 100 100 
30210 100 100 
30220 100 100 
30230 100 100 
30240 100 100 
30250 100 100 
30260 100 100 
30270 100 100 
30280 100 100 
30290 100 100 
30300 100 100 
30310 100 100 
30320 100 100 
30330 100 100 
30340 100 100 
30350 100 100 
30360 100 100 
30370 100 100 
30380 100 100 
30390 100 100 
30400 100 100 
30410 100 100 
30420 100 100 
30430 100 100 
30440 100 100 
30450 100 100 
30460 100 100 
30470 100 100 
30480 100 100 
30490 100 100 
30500 100 100 
30510 100 100 
30520 100 100 
30530 100 100 
30540 100 100 
30550 100 100 
30560 100 100 
30570 100 100 
30580 100 100 
30590 100 100 
30600 100 100 
30610 100 100 
30620 100 100 
30630 100 100 
30640 100 100 
30650 100 100 
30660 100 100 
30670 100 100 
30680 100 100 
30690 100 100 
30700 100 100 
30710 100 100 
30720 100 100 
30730 100 100 
30740 100 100 
30750 100 100 
30760 100 100 
30770 100 100 
30780 100 100 
30790 100 100 
30800 100 100 
30810 100 100 
30820 100 100 
30830 100 100 
30840 100 100 
30850 100 100 
30860 100 100 
30870 100 100 
30880 100 100 
30890 100 100 
30900 100 100 
30910 100 100 
30920 100 100 
30930 100 100 
30940 100 100 
30950 100 100 
30960 100 100 
30970 100 100 
30980 100 100 
30990 100 100 
31000 100 100 
31010 100 100 
31020 100 100 
31030 100 100 
31040 100 100 
31050 100 100 
31060 100 100 
31070 100 100 
31080 100 100 
31090 100 100 
31100 100 100 
31110 100 100 
31120 100 100 
31130 100 100 
31140 100 100 
31150 100 100 
31160 100 100 
31170 100 100 
31180 100 100 
31190 100 100 
31200 100 100 
31210 100 100 
31220 100 100 
31230 100 100 
31240 100 100 
31250 100 100 
31260 100 100 
31270 100 100 
31280 100 100 
31290 100 100 
31300 100 100 
31310 100 100 
31320 100 100 
31330 100 100 
31340 100 100 
31350 100 100 
31360 100 100 
31370 100 100 
31380 100 100 
31390 100 100 
31400 100 100 
31410 100 100 
31420 100 100 
31430 100 100 
31440 100 100 
31450 100 100 
31460 100 100 
31470 100 100 
31480 100 100 
31490 100 100 
31500 100 100 
31510 100 100 
31520 100 100 
31530 100 100 
31540 100 100 
31550 100 100 
31560 100 100 
31570 100 100 
31580 100 100 
31590 100 100 
31600 100 100 
31610 100 100 
31620 100 100 
31630 100 100 
31640 100 100 
31650 100 100 
31660 100 100 
31670 100 100 
31680 100 100 
31690 100 100 
31700 100 100 
31710 100 100 
31720 100 100 
31730 100 100 
31740 100 100 
31750 100 100 
31760 100 100 
31770 100 100 
31780 100 100 
31790 100 100 
31800 100 100 
31810 100 100 
31820 100 100 
31830 100 100 
31840 100 100 
31850 100 100 
31860 100 100 
31870 100 100 
31880 100 100 
31890 100 100 
31900 100 100 
31910 100 100 
31920 100 100 
31930 100 100 
31940 100 100 
31950 100 100 
31960 100 100 
31970 100 100 
31980 100 100 
31990 100 100 
32000 100 100 
32010 100 100 
32020 100 100 
32030 100 100 
32040 100 100 
32050 100 100 
32060 100 100 
32070 100 100 
32080 100 100 
32090 100 100 
32100 100 100 
32110 100 100 
32120 100 100 
32130 100 100 
32140 100 100 
32150 100 100 
32160 100 100 
32170 100 100 
32180 100 100 
32190 100 100 
32200 100 100 
32210 100 100 
32220 100 100 
32230 100 100 
32240 100 100 
32250 100 100 
32260 100 100 
32270 100 100 
32280 100 100 
32290 100 100 
32300 100 100 
32310 100 100 
32320 100 100 
32330 100 100 
32340 100 100 
32350 100 100 
32360 100 100 
32370 100 100 
32380 100 100 
32390 100 100 
32400 100 100 
32410 100 100 
32420 100 100 
32430 100 100 
32440 100 100 
32450 100 100 
32460 100 100 
32470 100 100 
32480 100 100 
32490 100 100 
32500 100 100 
32510 100 100 
32520 100 100 
32530 100 100 
32540 100 100 
32550 100 100 
32560 100 100 
32570 100 100 
32580 100 100 
32590 100 100 
32600 100 100 
32610 100 100 
32620 100 100 
32630 100 100 
32640 100 100 
32650 100 100 
32660 100 100 
32670 100 100 
32680 100 100 
32690 100 100 
32700 100 100 
32710 100 100 
32720 100 100 
32730 100 100 
32740 100 100 
32750 100 100 
32760 100 100 
32770 100 100 
32780 100 100 
32790 100 100 
32800 100 100 
32810 100 100 
32820 100 100 
32830 100 100 
32840 100 100 
32850 100 100 
32860 100 100 
32870 100 100 
32880 100 100 
32890 100 100 
32900 100 100 
32910 100 100 
32920 100 100 
32930 100 100 
32940 100 100 
32950 100 100 
32960 100 100 
32970 100 100 
32980 100 100 
32990 100 100 
33000 100 100 
33010 100 100 
33020 100 100 
33030 100 100 
33040 100 100 
33050 100 100 
33060 100 100 
33070 100 100 
33080 100 100 
33090 100 100 
33100 100 100 
33110 100 100 
33120 100 100 
33130 100 100 
33140 100 100 
33150 100 100 
33160 100 100 
33170 100 100 
33180 100 100 
33190 100 100 
33200 100 100 
33210 100 100 
33220 100 100 
33230 100 100 
33240 100 100 
33250 100 100 
33260 100 100 
33270 100 100 
33280 100 100 
33290 100 100 
33300 100 100 
33310 100 100 
33320 100 100 
33330 100 100 
33340 100 100 
33350 100 100 
33360 100 100 
33370 100 100 
33380 100 100 
33390 100 100 
33400 100 100 
33410 100 100 
33420 100 100 
33430 100 100 
33440 100 100 
33450 100 100 
33460 100 100 
33470 100 100 
33480 100 100 
33490 100 100 
33500 100 100 
33510 100 100 
33520 100 100 
33530 100 100 
33540 100 100 
33550 100 100 
33560 100 100 
33570 100 100 
33580 100 100 
33590 100 100 
33600 100 100 
33610 100 100 
33620 100 100 
33630 100 100 
33640 100 100 
33650 100 100 
33660 100 100 
33670 100 100 
33680 100 100 
33690 100 100 
33700 100 100 
33710 100 100 
33720 100 100 
33730 100 100 
33740 100 100 
33750 100 100 
33760 100 100 
33770 100 100 
33780 100 100 
33790 100 100 
33800 100 100 
33810 100 100 
33820 100 100 
33830 100 100 
33840 100 100 
33850 100 100 
33860 100 100 
33870 100 100 
33880 100 100 
33890 100 100 
33900 100 100 
33910 100 100 
33920 100 100 
33930 100 100 
33940 100 100 
33950 100 100 
33960 100 100 
33970 100 100 
33980 100 100 
33990 100 100 
34000 100 100 
34010 100 100 
34020 100 100 
34030 100 100 
34040 100 100 
34050 100 100 
34060 100 100 
34070 100 100 
34080 100 100 
34090 100 100 
34100 100 100 
34110 100 100 
34120 100 100 
34130 100 100 
34140 100 100 
34150 100 100 
34160 100 100 
34170 100 100 
34180 100 100 
34190 100 100 
34200 100 100 
34210 100 100 
34220 100 100 
34230 100 100 
34240 100 100 
34250 100 100 
34260 100 100 
34270 100 100 
34280 100 100 
34290 100 100 
34300 100 100 
34310 100 100 
34320 100 100 
34330 100 100 
34340 100 100 
34350 100 100 
34360 100 100 
34370 100 100 
34380 100 100 
34390 100 100 
34400 100 100 
34410 100 100 
34420 100 100 
34430 100 100 
34440 100 100 
34450 100 100 
34460 100 100 
34470 100 100 
34480 100 100 
34490 100 100 
34500 100 100 
34510 100 100 
34520 100 100 
34530 100 100 
34540 100 100 
34550 100 100 
34560 100 100 
34570 100 100 
34580 100 100 
34590 100 100 
34600 100 100 
34610 100 100 
34620 100 100 
34630 100 100 
34640 100 100 
34650 100 100 
34660 100 100 
34670 100 100 
34680 100 100 
34690 100 100 
34700 100 100 
34710 100 100 
34720 100 100 
34730 100 100 
34740 100 100 
34750 100 100 
34760 100 100 
34770 100 100 
34780 100 100 
34790 100 100 
34800 100 100 
34810 100 100 
34820 100 100 
34830 100 100 
34840 100 100 
34850 100 100 
34860 100 100 
34870 100 100 
34880 100 100 
34890 100 100 
34900 100 100 
34910 100 100 
34920 100 100 
34930 100 100 
34940 100 100 
34950 100 100 
34960 100 100 
34970 100 100 
34980 100 100 
34990 100 100 
35000 100 100 
35010 100 100 
35020 100 100 
35030 100 100 
35040 100 100 
35050 100 100 
35060 100 100 
35070 100 100 
35080 100 100 
35090 100 100 
35100 100 100 
35110 100 100 
35120 100 100 
35130 100 100 
35140 100 100 
35150 100 100 
35160 100 100 
35170 100 100 
35180 100 100 
35190 100 100 
35200 100 100 
35210 100 100 
35220 100 100 
35230 100 100 
35240 100 100 
35250 100 100 
35260 100 100 
35270 100 100 
35280 100 100 
35290 100 100 
35300 100 100 
35310 100 100 
35320 100 100 
35330 100 100 
35340 100 100 
35350 100 100 
35360 100 100 
35370 100 100 
35380 100 100 
35390 100 100 
35400 100 100 
35410 100 100 
35420 100 100 
35430 100 100 
35440 100 100 
35450 100 100 
35460 100 100 
35470 100 100 
35480 100 100 
35490 100 100 
35500 100 100 
35510 100 100 
35520 100 100 
35530 100 100 
35540 100 100 
35550 100 100 
35560 100 100 
35570 100 100 
35580 100 100 
35590 100 100 
35600 100 100 
35610 100 100 
35620 100 100 
35630 100 100 
35640 100 100 
35650 100 100 
35660 100 100 
35670 100 100 
35680 100 100 
35690 100 100 
35700 100 100 
35710 100 100 
35720 100 100 
35730 100 100 
35740 100 100 
35750 100 100 
35760 100 100 
35770 100 100 
35780 100 100 
35790 100 100 
35800 100 100 
35810 100 100 
35820 100 100 
35830 100 100 
35840 100 100 
35850 100 100 
35860 100 100 
35870 100 100 
35880 100 100 
35890 100 100 
35900 100 100 
35910 100 100 
35920 100 100 
35930 100 100 
35940 100 100 
35950 100 100 
35960 100 100 
35970 100 100 
35980 100 100 
35990 100 100 
36000 100 100 
36010 100 100 
36020 100 100 
36030 100 100 
36040 100 100 
36050 100 100 
36060 100 100 
36070 100 100 
36080 100 100 
36090 100 100 
36100 100 100 
36110 100 100 
36120 100 100 
36130 100 100 
36140 100 100 
36150 100 100 
36160 100 100 
36170 100 100 
36180 100 100 
36190 100 100 
36200 100 100 
36210 100 100 
36220 100 100 
36230 100 100 
36240 100 100 
36250 100 100 
36260 100 100 
36270 100 100 
36280 100 100 
36290 100 100 
36300 100 100 
36310 100 100 
36320 100 100 
36330 100 100 
36340 100 100 
36350 100 100 
36360 100 100 
36370 100 100 
36380 100 100 
36390 100 100 
36400 100 100 
36410 100 100 
36420 100 100 
36430 100 100 
36440 100 100 
36450 100 100 
36460 100 100 
36470 100 100 
36480 100 100 
36490 100 100 
36500 100 100 
36510 100 100 
36520 100 100 
36530 100 100 
36540 100 100 
36550 100 100 
36560 100 100 
36570 100 100 
36580 100 100 
36590 100 100 
36600 100 100 
36610 100 100 
36620 100 100 
36630 100 100 
36640 100 100 
36650 100 100 
36660 100 100 
36670 100 100 
36680 100 100 
36690 100 100 
36700 100 100 
36710 100 100 
36720 100 100 
36730 100 100 
36740 100 100 
36750 100 100 
36760 100 100 
36770 100 100 
36780 100 100 
36790 100 100 
36800 100 100 
36810 100 100 
36820 100 100 
36830 100 100 
36840 100 100 
36850 100 100 
36860 100 100 
36870 100 100 
36880 100 100 
36890 100 100 
36900 100 100 
36910 100 100 
36920 100 100 
36930 100 100 
36940 100 100 
36950 100 100 
36960 100 100 
36970 100 100 
36980 100 100 
36990 100 100 
37000 100 100 
37010 100 100 
37020 100 100 
37030 100 100 
37040 100 100 
37050 100 100 
37060 100 100 
37070 100 100 
37080 100 100 
37090 100 100 
37100 100 100 
37110 100 100 
37120 100 100 
37130 100 100 
37140 100 100 
37150 100 100 
37160 100 100 
37170 100 100 
37180 100 100 
37190 100 100 
37200 100 100 
37210 100 100 
37220 100 100 
37230 100 100 
37240 100 100 
37250 100 100 
37260 100 100 
37270 100 100 
37280 100 100 
37290 100 100 
37300 100 100 
37310 100 100 
37320 100 100 
37330 100 100 
37340 100 100 
37350 100 100 
37360 100 100 
37370 100 100 
37380 100 100 
37390 100 100 
37400 100 100 
37410 100 100 
37420 100 100 
37430 100 100 
37440 100 100 
37450 100 100 
37460 100 100 
37470 100 100 
37480 100 100 
37490 100 100 
37500 100 100 
37510 100 100 
37520 100 100 
37530 100 100 
37540 100 100 
37550 100 100 
37560 100 100 
37570 100 100 
37580 100 100 
37590 100 100 
37600 100 100 
37610 100 100 
37620 100 100 
37630 100 100 
37640 100 100 
37650 100 100 
37660 100 100 
37670 100 100 
37680 100 100 
37690 100 100 
37700 100 100 
37710 100 100 
37720 100 100 
37730 100 100 
37740 100 100 
37750 100 100 
37760 100 100 
37770 100 100 
37780 100 100 
37790 100 100 
37800 100 100 
37810 100 100 
37820 100 100 
37830 100 100 
37840 100 100 
37850 100 100 
37860 100 100 
37870 100 100 
37880 100 100 
37890 100 100 
37900 100 100 
37910 100 100 
37920 100 100 
37930 100 100 
37940 100 100 
37950 100 100 
37960 100 100 
37970 100 100 
37980 100 100 
37990 100 100 
38000 100 100 
38010 100 100 
38020 100 100 
38030 100 100 
38040 100 100 
38050 100 100 
38060 100 100 
38070 100 100 
38080 100 100 
38090 100 100 
38100 100 100 
38110 100 100 
38120 100 100 
38130 100 100 
38140 100 100 
38150 100 100 
38160 100 100 
38170 100 100 
38180 100 100 
38190 100 100 
38200 100 100 
38210 100 100 
38220 100 100 
38230 100 100 
38240 100 100 
38250 100 100 
38260 100 100 
38270 100 100 
38280 100 100 
38290 100 100 
38300 100 100 
38310 100 100 
38320 100 100 
38330 100 100 
38340 100 100 
38350 100 100 
38360 100 100 
38370 100 100 
38380 100 100 
38390 100 100 
38400 100 100 
38410 100 100 
38420 100 100 
38430 100 100 
38440 100 100 
38450 100 100 
38460 100 100 
38470 100 100 
38480 100 100 
38490 100 100 
38500 100 100 
38510 100 100 
38520 100 100 
38530 100 100 
38540 100 100 
38550 100 100 
38560 100 100 
38570 100 100 
38580 100 100 
38590 100 100 
38600 100 100 
38610 100 100 
38620 100 100 
38630 100 100 
38640 100 100 
38650 100 100 
38660 100 100 
38670 100 100 
38680 100 100 
38690 100 100 
38700 100 100 
38710 100 100 
38720 100 100 
38730 100 100 
38740 100 100 
38750 100 100 
38760 100 100 
38770 100 100 
38780 100 100 
38790 100 100 
38800 100 100 
38810 100 100 
38820 100 100 
38830 100 100 
38840 100 100 
38850 100 100 
38860 100 100 
38870 100 100 
38880 100 100 
38890 100 100 
38900 100 100 
38910 100 100 
38920 100 100 
38930 100 100 
38940 100 100 
38950 100 100 
38960 100 100 
38970 100 100 
38980 100 100 
38990 100 100 
39000 100 100 
39010 100 100 
39020 100 100 
39030 100 100 
39040 100 100 
39050 100 100 
39060 100 100 
39070 100 100 
39080 100 100 
39090 100 100 
39100 100 100 
39110 100 100 
39120 100 100 
39130 100 100 
39140 100 100 
39150 100 100 
39160 100 100 
39170 100 100 
39180 100 100 
39190 100 100 
39200 100 100 
39210 100 100 
39220 100 100 
39230 100 100 
39240 100 100 
39250 100 100 
39260 100 100 
39270 100 100 
39280 100 100 
39290 100 100 
39300 100 100 
39310 100 100 
39320 100 100 
39330 100 100 
39340 100 100 
39350 100 100 
39360 100 100 
39370 100 100 
39380 100 100 
39390 100 100 
39400 100 100 
39410 100 100 
39420 100 100 
39430 100 100 
39440 100 100 
39450 100 100 
39460 100 100 
39470 100 100 
39480 100 100 
39490 100 100 
39500 100 100 
39510 100 100 
39520 100 100 
39530 100 100 
39540 100 100 
39550 100 100 
39560 100 100 
39570 100 100 
39580 100 100 
39590 100 100 
39600 100 100 
39610 100 100 
39620 100 100 
39630 100 100 
39640 100 100 
39650 100 100 
39660 100 100 
39670 100 100 
39680 100 100 
39690 100 100 
39700 100 100 
39710 100 100 
39720 100 100 
39730 100 100 
39740 100 100 
39750 100 100 
39760 100 100 
39770 100 100 
39780 100 100 
39790 100 100 
39800 100 100 
39810 100 100 
39820 100 100 
39830 100 100 
39840 100 100 
39850 100 100 
39860 100 100 
39870 100 100 
39880 100 100 
39890 100 100 
39900 100 100 
39910 100 100 
39920 100 100 
39930 100 100 
39940 100 100 
39950 100 100 
39960 100 100 
39970 100 100 
39980 100 100 
39990 100 100 
40000 100 100 
40010 100 100 
40020 100 100 
40030 100 100 
40040 100 100 
40050 100 100 
40060 100 100 
40070 100 100 
40080 100 100 
40090 100 100 
40100 100 100 
40110 100 100 
40120 100 100 
40130 100 100 
40140 100 100 
40150 100 100 
40160 100 100 
40170 100 100 
40180 100 100 
40190 100 100 
40200 100 100 
40210 100 100 
40220 100 100 
40230 100 100 
40240 100 100 
40250 100 100 
40260 100 100 
40270 100 100 
40280 100 100 
40290 100 100 
40300 100 100 
40310 100 100 
40320 100 100 
40330 100 100 
40340 100 100 
40350 100 100 
40360 100 100 
40370 100 100 
40380 100 100 
40390 100 100 
40400 100 100 
40410 100 100 
40420 100 100 
40430 100 100 
40440 100 100 
40450 100 100 
40460 100 100 
40470 100 100 
40480 100 100 
40490 100 100 
40500 100 100 
40510 100 100 
40520 100 100 
40530 100 100 
40540 100 100 
40550 100 100 
40560 100 100 
40570 100 100 
40580 100 100 
40590 100 100 
40600 100 100 
40610 100 100 
40620 100 100 
40630 100 100 
40640 100 100 
40650 100 100 
40660 100 100 
40670 100 100 
40680 100 100 
40690 100 100 
40700 100 100 
40710 100 100 
40720 100 100 
40730 100 100 
40740 100 100 
40750 100 100 
40760 100 100 
40770 100 100 
40780 100 100 
40790 100 100 
40800 100 100 
40810 100 100 
40820 100 100 
40830 100 100 
40840 100 100 
40850 100 100 
40860 100 100 
40870 100 100 
40880 100 100 
40890 100 100 
40900 100 100 
40910 100 100 
40920 100 100 
40930 100 100 
40940 100 100 
40950 100 100 
40960 100 100 
40970 100 100 
40980 100 100 
40990 100 100 
41000 100 100 
41010 100 100 
41020 100 100 
41030 100 100 
41040 100 100 
41050 100 100 
41060 100 100 
41070 100 100 
41080 100 100 
41090 100 100 
41100 100 100 
41110 100 100 
41120 100 100 
41130 100 100 
41140 100 100 
41150 100 100 
41160 100 100 
41170 100 100 
41180 100 100 
41190 100 100 
41200 100 100 
41210 100 100 
41220 100 100 
41230 100 100 
41240 100 100 
41250 100 100 
41260 100 100 
41270 100 100 
41280 100 100 
41290 100 100 
41300 100 100 
41310 100 100 
41320 100 100 
41330 100 100 
41340 100 100 
41350 100 100 
41360 100 100 
41370 100 100 
41380 100 100 
41390 100 100 
41400 100 100 
41410 100 100 
41420 100 100 
41430 100 100 
41440 100 100 
41450 100 100 
41460 100 100 
41470 100 100 
41480 100 100 
41490 100 100 
41500 100 100 
41510 100 100 
41520 100 100 
41530 100 100 
41540 100 100 
41550 100 100 
41560 100 100 
41570 100 100 
41580 100 100 
41590 100 100 
41600 100 100 
41610 100 100 
41620 100 100 
41630 100 100 
41640 100 100 
41650 100 100 
41660 100 100 
41670 100 100 
41680 100 100 
41690 100 100 
41700 100 100 
41710 100 100 
41720 100 100 
41730 100 100 
41740 100 100 
41750 100 100 
41760 100 100 
41770 100 100 
41780 100 100 
41790 100 100 
41800 100 100 
41810 100 100 
41820 100 100 
41830 100 100 
41840 100 100 
41850 100 100 
41860 100 100 
41870 100 100 
41880 100 100 
41890 100 100 
41900 100 100 
41910 100 100 
41920 100 100 
41930 100 100 
41940 100 100 
41950 100 100 
41960 100 100 
41970 100 100 
41980 100 100 
41990 100 100 
42000 100 100 
42010 100 100 
42020 100 100 
42030 100 100 
42040 100 100 
42050 100 100 
42060 100 100 
42070 100 100 
42080 100 100 
42090 100 100 
42100 100 100 
42110 100 100 
42120 100 100 
42130 100 100 
42140 100 100 
42150 100 100 
42160 100 100 
42170 100 100 
42180 100 100 
42190 100 100 
42200 100 100 
42210 100 100 
42220 100 100 
42230 100 100 
42240 100 100 
42250 100 100 
42260 100 100 
42270 100 100 
42280 100 100 
42290 100 100 
42300 100 100 
42310 100 100 
42320 100 100 
42330 100 100 
42340 100 100 
42350 100 100 
42360 100 100 
42370 100 100 
42380 100 100 
42390 100 100 
42400 100 100 
42410 100 100 
42420 100 100 
42430 100 100 
42440 100 100 
42450 100 100 
42460 100 100 
42470 100 100 
42480 100 100 
42490 100 100 
42500 100 100 
42510 100 100 
42520 100 100 
42530 100 100 
42540 100 100 
42550 100 100 
42560 100 100 
42570 100 100 
42580 100 100 
42590 100 100 
42600 100 100 
42610 100 100 
42620 100 100 
42630 100 100 
42640 100 100 
42650 100 100 
42660 100 100 
42670 100 100 
42680 100 100 
42690 100 100 
42700 100 100 
42710 100 100 
42720 100 100 
42730 100 100 
42740 100 100 
42750 100 100 
42760 100 100 
42770 100 100 
42780 100 100 
42790 100 100 
42800 100 100 
42810 100 100 
42820 100 100 
42830 100 100 
42840 100 100 
42850 100 100 
42860 100 100 
42870 100 100 
42880 100 100 
42890 100 100 
42900 100 100 
42910 100 100 
42920 100 100 
42930 100 100 
42940 100 100 
42950 100 100 
42960 100 100 
42970 100 100 
42980 100 100 
42990 100 100 
43000 100 100 
43010 100 100 
43020 100 100 
43030 100 100 
43040 100 100 
43050 100 100 
43060 100 100 
43070 100 100 
43080 100 100 
43090 100 100 
43100 100 100 
43110 100 100 
43120 100 100 
43130 100 100 
43140 100 100 
43150 100 100 
43160 100 100 
43170 100 100 
43180 100 100 
43190 100 100 
43200 100 100 
43210 100 100 
43220 100 100 
43230 100 100 
43240 100 100 
43250 100 100 
43260 100 100 
43270 100 100 
43280 100 100 
43290 100 100 
43300 100 100 
43310 100 100 
43320 100 100 
43330 100 100 
43340 100 100 
43350 100 100 
43360 100 100 
43370 100 100 
43380 100 100 
43390 100 100 
43400 100 100 
43410 100 100 
43420 100 100 
43430 100 100 
43440 100 100 
43450 100 100 
43460 100 100 
43470 100 100 
43480 100 100 
43490 100 100 
43500 100 100 
43510 100 100 
43520 100 100 
43530 100 100 
43540 100 100 
43550 100 100 
43560 100 100 
43570 100 100 
43580 100 100 
43590 100 100 
43600 100 100 
43610 100 100 
43620 100 100 
43630 100 100 
43640 100 100 
43650 100 100 
43660 100 100 
43670 100 100 
43680 100 100 
43690 100 100 
43700 100 100 
43710 100 100 
43720 100 100 
43730 100 100 
43740 100 100 
43750 100 100 
43760 100 100 
43770 100 100 
43780 100 100 
43790 100 100 
43800 100 100 
43810 100 100 
43820 100 100 
43830 100 100 
43840 100 100 
43850 100 100 
43860 100 100 
43870 100 100 
43880 100 100 
43890 100 100 
43900 100 100 
43910 100 100 
43920 100 100 
43930 100 100 
43940 100 100 
43950 100 100 
43960 100 100 
43970 100 100 
43980 100 100 
43990 100 100 
44000 100 100 
44010 100 100 
44020 100 100 
44030 100 100 
44040 100 100 
44050 100 100 
44060 100 100 
44070 100 100 
44080 100 100 
44090 100 100 
44100 100 100 
44110 100 100 
44120 100 100 
44130 100 100 
44140 100 100 
44150 100 100 
44160 100 100 
44170 100 100 
44180 100 100 
44190 100 100 
44200 100 100 
44210 100 100 
44220 100 100 
44230 100 100 
44240 100 100 
44250 100 100 
44260 100 100 
44270 100 100 
44280 100 100 
44290 100 100 
44300 100 100 
44310 100 100 
44320 100 100 
44330 100 100 
44340 100 100 
44350 100 100 
44360 100 100 
44370 100 100 
44380 100 100 
44390 100 100 
44400 100 100 
44410 100 100 
44420 100 100 
44430 100 100 
44440 100 100 
44450 100 100 
44460 100 100 
44470 100 100 
44480 100 100 
44490 100 100 
44500 100 100 
44510 100 100 
44520 100 100 
44530 100 100 
44540 100 100 
44550 100 100 
44560 100 100 
44570 100 100 
44580 100 100 
44590 100 100 
44600 100 100 
44610 100 100 
44620 100 100 
44630 100 100 
44640 100 100 
44650 100 100 
44660 100 100 
44670 100 100 
44680 100 100 
44690 100 100 
44700 100 100 
44710 100 100 
44720 100 100 
44730 100 100 
44740 100 100 
44750 100 100 
44760 100 100 
44770 100 100 
44780 100 100 
44790 100 100 
44800 100 100 
44810 100 100 
44820 100 100 
44830 100 100 
44840 100 100 
44850 100 100 
44860 100 100 
44870 100 100 
44880 100 100 
44890 100 100 
44900 100 100 
44910 100 100 
44920 100 100 
44930 100 100 
44940 100 100 
44950 100 100 
44960 100 100 
44970 100 100 
44980 100 100 
44990 100 100 
45000 100 100 
45010 100 100 
45020 100 100 
45030 100 100 
45040 100 100 
45050 100 100 
45060 100 100 
45070 100 100 
45080 100 100 
45090 100 100 
45100 100 100 
45110 100 100 
45120 100 100 
45130 100 100 
45140 100 100 
45150 100 100 
45160 100 100 
45170 100 100 
45180 100 100 
45190 100 100 
45200 100 100 
45210 100 100 
45220 100 100 
45230 100 100 
45240 100 100 
45250 100 100 
45260 100 100 
45270 100 100 
45280 100 100 
45290 100 100 
45300 100 100 
45310 100 100 
45320 100 100 
45330 100 100 
45340 100 100 
45350 100 100 
45360 100 100 
45370 100 100 
45380 100 100 
45390 100 100 
45400 100 100 
45410 100 100 
45420 100 100 
45430 100 100 
45440 100 100 
45450 100 100 
45460 100 100 
45470 100 100 
45480 100 100 
45490 100 100 
45500 100 100 
45510 100 100 
45520 100 100 
45530 100 100 
45540 100 100 
45550 100 100 
45560 100 100 
45570 100 100 
45580 100 100 
45590 100 100 
45600 100 100 
45610 100 100 
45620 100 100 
45630 100 100 
45640 100 100 
45650 100 100 
45660 100 100 
45670 100 100 
45680 100 100 
45690 100 100 
45700 100 100 
45710 100 100 
45720 100 100 
45730 100 100 
45740 100 100 
45750 100 100 
45760 100 100 
45770 100 100 
45780 100 100 
45790 100 100 
45800 100 100 
45810 100 100 
45820 100 100 
45830 100 100 
45840 100 100 
45850 100 100 
45860 100 100 
45870 100 100 
45880 100 100 
45890 100 100 
45900 100 100 
45910 100 100 
45920 100 100 
45930 100 100 
45940 100 100 
45950 100 100 
45960 100 100 
45970 100 100 
45980 100 100 
45990 100 100 
46000 100 100 
46010 100 100 
46020 100 100 
46030 100 100 
46040 100 100 
46050 100 100 
46060 100 100 
46070 100 100 
46080 100 100 
46090 100 100 
46100 100 100 
46110 100 100 
46120 100 100 
46130 100 100 
46140 100 100 
46150 100 100 
46160 100 100 
46170 100 100 
46180 100 100 
46190 100 100 
46200 100 100 
46210 100 100 
46220 100 100 
46230 100 100 
46240 100 100 
46250 100 100 
46260 100 100 
46270 100 100 
46280 100 100 
46290 100 100 
46300 100 100 
46310 100 100 
46320 100 100 
46330 100 100 
46340 100 100 
46350 100 100 
46360 100 100 
46370 100 100 
46380 100 100 
46390 100 100 
46400 100 100 
46410 100 100 
46420 100 100 
46430 100 100 
46440 100 100 
46450 100 100 
46460 100 100 
46470 100 100 
46480 100 100 
46490 100 100 
46500 100 100 
46510 100 100 
46520 100 100 
46530 100 100 
46540 100 100 
46550 100 100 
46560 100 100 
46570 100 100 
46580 100 100 
46590 100 100 
46600 100 100 
46610 100 100 
46620 100 100 
46630 100 100 
46640 100 100 
46650 100 100 
46660 100 100 
46670 100 100 
46680 100 100 
46690 100 100 
46700 100 100 
46710 100 100 
46720 100 100 
46730 100 100 
46740 100 100 
46750 100 100 
46760 100 100 
46770 100 100 
46780 100 100 
46790 100 100 
46800 100 100 
46810 100 100 
46820 100 100 
46830 100 100 
46840 100 100 
46850 100 100 
46860 100 100 
46870 100 100 
46880 100 100 
46890 100 100 
46900 100 100 
46910 100 100 
46920 100 100 
46930 100 100 
46940 100 100 
46950 100 100 
46960 100 100 
46970 100 100 
46980 100 100 
46990 100 100 
47000 100 100 
47010 100 100 
47020 100 100 
47030 100 100 
47040 100 100 
47050 100 100 
47060 100 100 
47070 100 100 
47080 100 100 
47090 100 100 
47100 100 100 
47110 100 100 
47120 100 100 
47130 100 100 
47140 100 100 
47150 100 100 
47160 100 100 
47170 100 100 
47180 100 100 
47190 100 100 
47200 100 100 
47210 100 100 
47220 100 100 
47230 100 100 
47240 100 100 
47250 100 100 
47260 100 100 
47270 100 100 
47280 100 100 
47290 100 100 
47300 100 100 
47310 100 100 
47320 100 100 
47330 100 100 
47340 100 100 
47350 100 100 
47360 100 100 
47370 100 100 
47380 100 100 
47390 100 100 
47400 100 100 
47410 100 100 
47420 100 100 
47430 100 100 
47440 100 100 
47450 100 100 
47460 100 100 
47470 100 100 
47480 100 100 
47490 100 100 
47500 100 100 
47510 100 100 
47520 100 100 
47530 100 100 
47540 100 100 
47550 100 100 
47560 100 100 
47570 100 100 
47580 100 100 
47590 100 100 
47600 100 100 
47610 100 100 
47620 100 100 
47630 100 100 
47640 100 100 
47650 100 100 
47660 100 100 
47670 100 100 
47680 100 100 
47690 100 100 
47700 100 100 
47710 100 100 
47720 100 100 
47730 100 100 
47740 100 100 
47750 100 100 
47760 100 100 
47770 100 100 
47780 100 100 
47790 100 100 
47800 100 100 
47810 100 100 
47820 100 100 
47830 100 100 
47840 100 100 
47850 100 100 
47860 100 100 
47870 100 100 
47880 100 100 
47890 100 100 
47900 100 100 
47910 100 100 
47920 100 100 
47930 100 100 
47940 100 100 
47950 100 100 
47960 100 100 
47970 100 100 
47980 100 100 
47990 100 100 
48000 100 100 
48010 100 100 
48020 100 100 
48030 100 100 
48040 100 100 
48050 100 100 
48060 100 100 
48070 100 100 
48080 100 100 
48090 100 100 
48100 100 100 
48110 100 100 
48120 100 100 
48130 100 100 
48140 100 100 
48150 100 100 
48160 100 100 
48170 100 100 
48180 100 100 
48190 100 100 
48200 100 100 
48210 100 100 
48220 100 100 
48230 100 100 
48240 100 100 
48250 100 100 
48260 100 100 
48270 100 100 
48280 100 100 
48290 100 100 
48300 100 100 
48310 100 100 
48320 100 100 
48330 100 100 
48340 100 100 
48350 100 100 
48360 100 100 
48370 100 100 
48380 100 100 
48390 100 100 
48400 100 100 
48410 100 100 
48420 100 100 
48430 100 100 
48440 100 100 
48450 100 100 
48460 100 100 
48470 100 100 
48480 100 100 
48490 100 100 
48500 100 100 
48510 100 100 
48520 100 100 
48530 100 100 
48540 100 100 
48550 100 100 
48560 100 100 
48570 100 100 
48580 100 100 
48590 100 100 
48600 100 100 
48610 100 100 
48620 100 100 
48630 100 100 
48640 100 100 
48650 100 100 
48660 100 100 
48670 100 100 
48680 100 100 
48690 100 100 
48700 100 100 
48710 100 100 
48720 100 100 
48730 100 100 
48740 100 100 
48750 100 100 
48760 100 100 
48770 100 100 
48780 100 100 
48790 100 100 
48800 100 100 
48810 100 100 
48820 100 100 
48830 100 100 
48840 100 100 
48850 100 100 
48860 100 100 
48870 100 100 
48880 100 100 
48890 100 100 
48900 100 100 
48910 100 100 
48920 100 100 
48930 100 100 
48940 100 100 
48950 100 100 
48960 100 100 
48970 100 100 
48980 100 100 
48990 100 100 
49000 100 100 
49010 100 100 
49020 100 100 
49030 100 100 
49040 100 100 
49050 100 100 
49060 100 100 
49070 100 100 
49080 100 100 
49090 100 100 
49100 100 100 
49110 100 100 
49120 100 100 
49130 100 100 
49140 100 100 
49150 100 100 
49160 100 100 
49170 100 100 
49180 100 100 
49190 100 100 
49200 100 100 
49210 100 100 
49220 100 100 
49230 100 100 
49240 100 100 
49250 100 100 
49260 100 100 
49270 100 100 
49280 100 100 
49290 100 100 
49300 100 100 
49310 100 100 
49320 100 100 
49330 100 100 
49340 100 100 
49350 100 100 
49360 100 100 
49370 100 100 
49380 100 100 
49390 100 100 
49400 100 100 
49410 100 100 
49420 100 100 
49430 100 100 
49440 100 100 
49450 100 100 
49460 100 100 
49470 100 100 
49480 100 100 
49490 100 100 
49500 100 100 
49510 100 100 
49520 100 100 
49530 100 100 
49540 100 100 
49550 100 100 
49560 100 100 
49570 100 100 
49580 100 100 
49590 100 100 
49600 100 100 
49610 100 100 
49620 100 100 
49630 100 100 
49640 100 100 
49650 100 100 
49660 100 100 
49670 100 100 
49680 100 100 
49690 100 100 
49700 100 100 
49710 100 100 
49720 100 100 
49730 100 100 
49740 100 100 
49750 100 100 
49760 100 100 
49770 100 100 
49780 100 100 
49790 100 100 
49800 100 100 
49810 100 100 
49820 100 100 
49830 100 100 
49840 100 100 
49850 100 100 
49860 100 100 
49870 100 100 
49880 100 100 
49890 100 100 
49900 100 100 
49910 100 100 
49920 100 100 
49930 100 100 
49940 100 100 
49950 100 100 
49960 100 100 
49970 100 100 
49980 100 100 
49990 100 100 
50000 100 100 
