# Avida tasks data
# Fri Jan 27 10:42:26 2017
# First column gives the current update, next columns give the number
# of organisms that have the particular task as a component of their merit
#  1: Update
#  2: Not
#  3: Nand
#  4: And
#  5: OrNot
#  6: Or
#  7: AndNot
#  8: Nor
#  9: Xor
# 10: Equals

0 0 0 0 0 0 0 0 0 0 
10 0 0 0 0 0 0 0 0 0 
20 0 0 0 0 0 0 0 0 0 
30 0 0 0 0 0 0 0 0 0 
40 0 0 0 0 0 0 0 0 0 
50 0 0 0 0 0 0 0 0 0 
60 0 0 0 0 0 0 0 0 0 
70 0 0 0 0 0 0 0 0 0 
80 0 0 0 0 0 0 0 0 0 
90 0 0 0 0 0 0 0 0 0 
100 0 0 0 0 0 0 0 0 0 
110 0 0 0 0 0 0 0 0 0 
120 0 0 0 0 0 0 0 0 0 
130 0 0 0 0 0 0 0 0 0 
140 0 0 0 0 0 0 0 0 0 
150 0 0 0 0 0 0 0 0 0 
160 0 0 0 0 0 0 0 0 0 
170 0 0 0 0 0 0 0 0 0 
180 0 0 0 0 0 0 0 0 0 
190 0 0 0 0 0 0 0 0 0 
200 0 0 0 0 0 0 0 0 0 
210 0 0 0 0 0 0 0 0 0 
220 0 0 0 0 0 0 0 0 0 
230 0 0 0 0 0 0 0 0 0 
240 0 0 0 0 0 0 0 0 0 
250 0 0 0 0 0 0 0 0 0 
260 0 0 0 0 0 0 0 0 0 
270 0 0 0 0 0 0 0 0 0 
280 0 0 0 0 0 0 0 0 0 
290 0 0 0 0 0 0 0 0 0 
300 0 0 0 0 0 0 0 0 0 
310 0 0 0 0 0 0 0 0 0 
320 0 0 0 0 0 0 0 0 0 
330 0 0 0 0 0 0 0 0 0 
340 0 0 0 0 0 0 0 0 0 
350 0 0 0 0 0 0 0 0 0 
360 0 0 0 0 0 0 0 0 0 
370 0 0 0 0 0 0 0 0 0 
380 0 0 0 0 0 0 0 0 0 
390 0 0 0 0 0 0 0 0 0 
400 0 0 0 0 0 0 0 0 0 
410 0 0 0 0 0 0 0 0 0 
420 0 0 0 0 0 0 0 0 0 
430 0 0 0 0 0 0 0 0 0 
440 0 0 0 0 0 0 0 0 0 
450 0 0 0 0 0 0 0 0 0 
460 0 0 0 0 0 0 0 0 0 
470 0 0 0 0 0 0 0 0 0 
480 0 0 0 0 0 0 0 0 0 
490 0 0 0 0 0 0 0 0 0 
500 0 0 0 0 0 0 0 0 0 
510 0 0 0 0 0 0 0 0 0 
520 0 0 0 0 0 0 0 0 0 
530 0 0 0 0 0 0 0 0 0 
540 0 0 0 0 0 0 0 0 0 
550 0 0 0 0 0 0 0 0 0 
560 0 2 0 0 0 0 0 0 0 
570 0 1 0 0 0 0 0 0 0 
580 0 2 0 0 0 0 0 0 0 
590 0 2 0 0 0 0 0 0 0 
600 0 2 0 0 0 0 0 0 0 
610 0 0 0 0 0 0 0 0 0 
620 0 0 0 0 0 0 0 0 0 
630 0 0 0 0 0 0 0 0 0 
640 0 0 0 0 0 0 0 0 0 
650 0 0 0 0 0 0 0 0 0 
660 0 0 0 0 0 0 0 0 0 
670 0 0 0 0 0 0 0 0 0 
680 0 0 0 0 0 0 0 0 0 
690 0 0 0 0 0 0 0 0 0 
700 0 0 0 0 0 0 0 0 0 
710 0 0 0 0 0 0 0 0 0 
720 0 0 0 0 0 0 0 0 0 
730 0 0 0 0 0 0 0 0 0 
740 0 0 0 0 0 0 0 0 0 
750 0 0 0 0 0 0 0 0 0 
760 0 0 0 0 0 0 0 0 0 
770 0 1 0 0 0 0 0 0 0 
780 0 0 0 0 0 0 0 0 0 
790 0 0 0 0 0 0 0 0 0 
800 0 0 0 0 0 0 0 0 0 
810 0 0 0 0 0 0 0 0 0 
820 0 0 0 0 0 0 0 0 0 
830 0 0 0 0 0 0 0 0 0 
840 0 0 0 0 0 0 0 0 0 
850 0 0 0 0 0 0 0 0 0 
860 0 0 0 0 0 0 0 0 0 
870 0 0 0 0 0 0 0 0 0 
880 0 0 0 0 0 0 0 0 0 
890 0 0 0 0 0 0 0 0 0 
900 0 0 0 0 0 0 0 0 0 
910 0 0 0 0 0 0 0 0 0 
920 0 0 0 0 0 0 0 0 0 
930 0 0 0 0 0 0 0 0 0 
940 0 0 0 0 0 0 0 0 0 
950 0 0 0 0 0 0 0 0 0 
960 0 0 0 0 0 0 0 0 0 
970 0 0 0 0 0 0 0 0 0 
980 0 0 0 0 0 0 0 0 0 
990 0 0 0 0 0 0 0 0 0 
1000 0 0 0 0 0 0 0 0 0 
1010 0 0 0 0 0 0 0 0 0 
1020 0 0 0 0 0 0 0 0 0 
1030 0 0 0 0 0 0 0 0 0 
1040 0 0 0 0 0 0 0 0 0 
1050 0 0 0 0 0 0 0 0 0 
1060 0 0 0 0 0 0 0 0 0 
1070 0 0 0 0 0 0 0 0 0 
1080 0 0 0 0 0 0 0 0 0 
1090 0 0 0 0 0 0 0 0 0 
1100 0 0 0 0 0 0 0 0 0 
1110 0 0 0 0 0 0 0 0 0 
1120 2 0 0 0 0 0 0 0 0 
1130 4 0 0 0 0 0 0 0 0 
1140 2 0 0 0 0 0 0 0 0 
1150 1 0 0 0 0 0 0 0 0 
1160 1 0 0 0 0 0 0 0 0 
1170 1 0 0 0 0 0 0 0 0 
1180 1 0 0 0 0 0 0 0 0 
1190 0 0 0 0 0 0 0 0 0 
1200 0 0 0 0 0 0 0 0 0 
1210 0 0 0 0 0 0 0 0 0 
1220 0 0 0 0 0 0 0 0 0 
1230 0 0 0 0 0 0 0 0 0 
1240 0 0 0 0 0 0 0 0 0 
1250 0 0 0 0 0 0 0 0 0 
1260 0 0 0 0 0 0 0 0 0 
1270 0 0 0 0 0 0 0 0 0 
1280 0 0 0 0 0 0 0 0 0 
1290 0 0 0 0 0 0 0 0 0 
1300 2 0 0 0 0 0 0 0 0 
1310 1 0 0 0 0 0 0 0 0 
1320 0 0 0 0 0 0 0 0 0 
1330 0 0 0 0 0 0 0 0 0 
1340 2 0 0 0 0 0 0 0 0 
1350 2 0 0 0 0 0 0 0 0 
1360 2 0 0 0 0 0 0 0 0 
1370 3 0 0 0 0 0 0 0 0 
1380 4 0 0 0 0 0 0 0 0 
1390 4 0 0 0 0 0 0 0 0 
1400 2 0 0 0 0 0 0 0 0 
1410 2 0 0 0 0 0 0 0 0 
1420 4 0 0 0 0 0 0 0 0 
1430 2 0 0 0 0 0 0 0 0 
1440 4 0 0 0 0 0 0 0 0 
1450 4 0 0 0 0 0 0 0 0 
1460 8 0 0 0 0 0 0 0 0 
1470 4 2 0 0 0 0 0 0 0 
1480 3 3 0 0 0 0 0 0 0 
1490 4 2 0 0 0 0 0 0 0 
1500 2 2 0 0 0 0 0 0 0 
1510 3 1 0 0 0 0 0 0 0 
1520 4 0 0 0 0 0 0 0 0 
1530 6 0 0 0 0 0 0 0 0 
1540 10 0 0 0 0 0 0 0 0 
1550 13 0 0 0 0 0 0 0 0 
1560 13 0 0 0 0 0 0 0 0 
1570 9 1 0 0 0 0 0 0 0 
1580 12 0 0 1 0 0 0 0 0 
1590 15 0 0 0 0 0 0 0 0 
1600 13 0 0 0 0 0 0 0 0 
1610 13 0 0 0 0 0 0 0 0 
1620 14 0 0 0 0 0 0 0 0 
1630 12 0 0 0 0 0 0 0 0 
1640 9 0 0 0 0 0 0 0 0 
1650 6 0 0 0 0 0 0 0 0 
1660 7 2 0 0 0 0 0 0 0 
1670 3 1 0 0 0 0 0 0 0 
1680 2 3 0 0 0 0 0 0 0 
1690 0 0 0 0 0 0 0 0 0 
1700 1 0 0 0 0 0 0 0 0 
1710 3 0 0 0 0 0 0 0 0 
1720 3 0 0 0 0 0 0 0 0 
1730 2 0 0 0 0 0 0 0 0 
1740 2 0 0 0 0 0 0 0 0 
1750 3 0 0 0 0 0 0 0 0 
1760 2 0 0 0 0 0 0 0 0 
1770 3 0 0 0 0 0 0 0 0 
1780 3 0 0 0 0 0 0 0 0 
1790 2 0 0 0 0 0 0 0 0 
1800 0 0 0 0 0 0 0 0 0 
1810 2 2 0 0 0 0 0 0 0 
1820 2 1 0 0 0 0 0 0 0 
1830 5 1 0 0 0 0 0 0 0 
1840 2 1 0 0 0 0 0 0 0 
1850 2 2 0 0 0 0 0 0 0 
1860 3 2 0 0 0 0 0 0 0 
1870 2 2 0 0 0 0 0 0 0 
1880 1 2 0 0 0 0 0 0 0 
1890 3 2 0 0 0 0 0 0 0 
1900 3 3 0 0 0 0 0 0 0 
1910 3 2 0 0 0 0 0 0 0 
1920 1 5 0 0 0 0 0 0 0 
1930 1 6 0 0 0 0 0 0 0 
1940 2 3 0 0 0 0 0 0 0 
1950 0 5 0 0 0 0 0 0 0 
1960 0 6 0 0 0 0 0 0 0 
1970 0 5 0 0 0 0 0 0 0 
1980 0 9 0 0 0 0 0 0 0 
1990 0 4 0 0 0 0 0 0 0 
2000 0 6 0 0 0 0 0 0 0 
2010 0 5 0 0 0 0 0 0 0 
2020 0 7 0 0 0 0 0 0 0 
2030 0 11 0 0 0 0 0 0 0 
2040 0 10 0 0 0 0 0 0 0 
2050 0 15 0 0 0 0 0 0 0 
2060 0 13 0 0 0 0 0 0 0 
2070 0 13 0 0 0 0 0 0 0 
2080 0 14 0 0 0 0 0 0 0 
2090 0 14 0 0 0 0 0 0 0 
2100 0 10 0 0 0 0 0 0 0 
2110 1 13 0 0 0 0 0 0 0 
2120 0 17 0 0 0 0 0 0 0 
2130 2 21 0 0 0 0 0 0 0 
2140 0 17 0 0 0 0 0 0 0 
2150 0 17 0 0 0 0 0 0 0 
2160 0 15 0 2 0 0 0 0 0 
2170 2 16 0 2 0 0 0 0 0 
2180 2 16 0 2 0 0 0 0 0 
2190 3 10 0 1 0 0 0 0 0 
2200 5 12 0 0 0 0 0 0 0 
2210 4 17 0 0 0 0 0 0 0 
2220 4 21 0 0 0 0 0 0 0 
2230 5 15 0 0 0 0 0 0 0 
2240 5 14 0 0 0 0 0 0 0 
2250 4 15 0 0 0 0 0 0 0 
2260 4 15 0 0 0 0 0 0 0 
2270 3 13 0 0 0 0 0 0 0 
2280 1 13 0 0 0 0 0 0 0 
2290 0 16 0 0 0 0 0 0 0 
2300 1 13 0 0 0 0 0 0 0 
2310 1 16 0 0 0 0 0 0 0 
2320 0 16 0 0 0 0 0 0 0 
2330 0 19 0 0 0 0 0 0 0 
2340 2 19 0 0 0 0 0 0 0 
2350 2 18 0 0 0 0 0 0 0 
2360 2 14 0 0 0 0 0 0 0 
2370 1 13 0 0 0 0 0 0 0 
2380 4 13 0 0 0 0 0 0 0 
2390 3 8 0 0 0 0 0 0 0 
2400 2 8 0 0 0 0 0 0 0 
2410 4 5 0 0 0 0 0 0 0 
2420 6 8 0 0 0 0 0 0 0 
2430 5 10 0 0 0 0 0 0 0 
2440 6 7 0 0 0 0 0 0 0 
2450 7 6 0 0 0 0 0 0 0 
2460 6 3 0 0 0 0 0 0 0 
2470 8 2 0 0 0 0 0 0 0 
2480 12 1 0 0 0 0 0 0 0 
2490 12 1 0 0 0 0 0 0 0 
2500 15 2 0 0 0 0 0 0 0 
2510 15 4 0 0 0 0 0 0 0 
2520 20 3 0 0 0 0 0 0 0 
2530 17 2 0 0 0 0 0 0 0 
2540 18 0 0 0 0 0 0 0 0 
2550 14 0 0 0 0 0 0 0 0 
2560 14 0 0 0 0 0 0 0 0 
2570 16 2 0 0 0 0 0 0 0 
2580 14 2 0 0 0 0 0 0 0 
2590 20 2 0 0 0 0 0 0 0 
2600 23 1 0 0 0 0 0 0 0 
2610 27 2 0 0 0 0 0 0 0 
2620 28 1 0 0 0 0 0 0 0 
2630 29 2 0 0 0 0 0 0 0 
2640 23 1 0 0 0 0 0 0 0 
2650 22 1 0 0 0 0 0 0 0 
2660 33 1 0 0 0 0 0 0 0 
2670 38 2 0 0 0 0 0 0 0 
2680 29 1 0 0 0 0 0 0 0 
2690 35 1 0 0 0 0 0 0 0 
2700 30 0 0 0 0 0 0 0 0 
2710 29 0 0 0 0 0 0 0 0 
2720 32 0 0 0 0 0 0 0 0 
2730 30 0 0 0 0 0 0 0 0 
2740 36 0 0 0 0 0 0 0 0 
2750 40 1 0 0 0 0 0 0 0 
2760 35 2 0 0 0 0 0 0 0 
2770 37 2 0 0 0 0 0 0 0 
2780 42 2 0 0 0 0 0 0 0 
2790 41 1 0 0 0 0 0 0 0 
2800 51 2 0 0 0 0 0 0 0 
2810 47 2 0 0 0 0 0 0 0 
2820 51 2 0 0 0 0 0 0 0 
2830 55 3 0 0 0 0 0 0 0 
2840 37 4 0 0 0 0 0 0 0 
2850 36 3 0 0 0 0 0 0 0 
2860 39 1 0 0 0 0 0 0 0 
2870 33 0 0 0 0 0 0 0 0 
2880 42 0 0 0 0 0 0 0 0 
2890 45 2 0 0 0 0 0 0 0 
2900 48 1 0 0 0 0 0 0 0 
2910 46 2 0 0 0 0 0 0 0 
2920 39 3 0 0 0 0 0 0 0 
2930 55 5 0 0 0 0 0 0 0 
2940 54 5 0 0 0 0 0 0 0 
2950 60 2 0 0 0 0 0 0 0 
2960 41 3 0 0 0 0 0 0 0 
2970 68 4 0 0 0 0 0 0 0 
2980 56 5 0 0 0 0 0 0 0 
2990 64 6 0 0 0 0 0 0 0 
3000 55 5 0 0 0 0 0 0 0 
3010 49 4 0 0 0 0 0 0 0 
3020 48 8 0 0 0 0 0 0 0 
3030 51 7 0 3 0 0 0 0 0 
3040 48 11 0 3 0 0 0 0 0 
3050 46 9 0 2 0 0 0 0 0 
3060 42 9 0 2 0 0 0 0 0 
3070 51 6 0 1 0 0 0 0 0 
3080 49 10 0 0 0 0 0 0 0 
3090 35 10 0 0 0 0 0 0 0 
3100 37 4 0 0 0 0 0 0 0 
3110 40 5 0 0 0 0 0 0 0 
3120 42 7 0 0 0 0 0 0 0 
3130 49 7 0 0 0 0 0 0 0 
3140 58 5 0 0 0 0 0 0 0 
3150 59 5 0 0 0 0 0 0 0 
3160 50 5 0 0 0 0 0 0 0 
3170 53 4 0 0 0 0 0 0 0 
3180 38 4 0 0 0 0 0 0 0 
3190 41 4 0 0 0 0 0 0 0 
3200 47 3 0 0 0 0 0 0 0 
3210 37 3 0 0 0 0 0 0 0 
3220 27 0 0 0 0 0 0 0 0 
3230 33 0 0 0 0 0 0 0 0 
3240 22 0 0 0 0 0 0 0 0 
3250 23 0 0 0 0 0 0 0 0 
3260 18 0 0 0 0 0 0 0 0 
3270 24 0 0 0 0 0 0 0 0 
3280 18 0 0 0 0 0 0 0 0 
3290 13 0 0 0 0 0 0 0 0 
3300 9 2 0 0 0 0 0 0 0 
3310 13 2 0 0 0 0 0 0 0 
3320 22 0 0 0 0 0 0 0 0 
3330 11 0 0 0 0 0 0 0 0 
3340 16 0 0 0 0 0 0 0 0 
3350 17 0 0 0 0 0 0 0 0 
3360 19 0 0 0 0 0 0 0 0 
3370 21 0 0 0 0 0 0 0 0 
3380 16 0 0 0 0 0 0 0 0 
3390 17 0 0 0 0 0 0 0 0 
3400 10 0 0 0 0 0 0 0 0 
3410 19 0 0 0 0 0 0 0 0 
3420 9 0 0 0 0 0 0 0 0 
3430 15 0 0 0 0 0 0 0 0 
3440 13 0 0 0 0 0 0 0 0 
3450 10 0 0 0 0 0 0 0 0 
3460 14 0 0 0 0 0 0 0 0 
3470 13 0 0 0 0 0 0 0 0 
3480 12 0 0 0 0 0 0 0 0 
3490 7 0 0 0 0 0 0 0 0 
3500 9 0 0 0 0 0 0 0 0 
3510 7 0 0 0 0 0 0 0 0 
3520 9 0 0 0 0 0 0 0 0 
3530 11 0 0 0 0 0 0 0 0 
3540 17 0 0 0 0 0 0 0 0 
3550 14 0 0 0 0 0 0 0 0 
3560 12 0 0 0 0 0 0 0 0 
3570 11 0 0 0 0 0 0 0 0 
3580 25 0 0 0 0 0 0 0 0 
3590 10 0 0 0 0 0 0 0 0 
3600 14 0 0 0 0 0 0 0 0 
3610 20 0 0 0 0 0 0 0 0 
3620 18 0 0 0 0 0 0 0 0 
3630 30 0 0 0 0 0 0 0 0 
3640 23 0 0 0 0 0 0 0 0 
3650 30 0 0 0 0 0 0 0 0 
3660 21 0 0 0 0 0 0 0 0 
3670 26 0 0 0 0 0 0 0 0 
3680 31 0 0 0 0 0 0 0 0 
3690 27 0 0 0 0 0 0 0 0 
3700 18 0 0 0 0 0 0 0 0 
3710 24 0 0 0 0 0 0 0 0 
3720 13 0 0 0 0 0 0 0 0 
3730 26 0 0 0 0 0 0 0 0 
3740 11 0 0 0 0 0 0 0 0 
3750 2 0 0 0 0 0 0 0 0 
3760 16 0 0 0 0 0 0 0 0 
3770 7 0 0 0 0 0 0 0 0 
3780 18 0 0 0 0 0 0 0 0 
3790 17 0 0 0 0 0 0 0 0 
3800 18 0 0 0 0 0 0 0 0 
3810 14 0 0 0 0 0 0 0 0 
3820 20 0 0 0 0 0 0 0 0 
3830 19 0 0 0 0 0 0 0 0 
3840 16 0 0 0 0 0 0 0 0 
3850 7 0 0 0 0 0 0 0 0 
3860 15 0 0 0 0 0 0 0 0 
3870 16 0 0 0 0 0 0 0 0 
3880 11 0 0 0 0 0 0 0 0 
3890 9 0 0 0 0 0 0 0 0 
3900 21 0 0 0 0 0 0 0 0 
3910 24 0 0 0 0 0 0 0 0 
3920 14 0 0 0 0 0 0 0 0 
3930 10 1 0 0 0 0 0 0 0 
3940 6 0 0 0 0 0 0 0 0 
3950 11 0 0 0 0 0 0 0 0 
3960 8 0 0 0 0 0 0 0 0 
3970 11 0 0 0 0 0 0 0 0 
3980 10 0 0 0 0 0 0 0 0 
3990 19 0 0 0 0 0 0 0 0 
4000 17 0 0 0 0 0 0 0 0 
4010 16 0 0 0 0 0 0 0 0 
4020 22 0 0 0 0 0 0 0 0 
4030 18 0 0 0 0 0 0 0 0 
4040 17 0 0 0 0 0 0 0 0 
4050 19 0 0 0 0 0 0 0 0 
4060 20 0 0 0 0 0 0 0 0 
4070 19 0 0 0 0 0 0 0 0 
4080 23 0 0 0 0 0 0 0 0 
4090 24 0 0 0 0 0 0 0 0 
4100 22 0 0 0 0 0 0 0 0 
4110 14 0 0 0 0 0 0 0 0 
4120 12 0 0 0 0 0 0 0 0 
4130 12 0 0 0 0 0 0 0 0 
4140 12 0 0 0 0 0 0 0 0 
4150 13 0 0 0 0 0 0 0 0 
4160 9 0 0 0 0 0 0 0 0 
4170 17 0 0 0 0 0 0 0 0 
4180 14 0 0 0 0 0 0 0 0 
4190 19 0 0 0 0 0 0 0 0 
4200 25 0 0 0 0 0 0 0 0 
4210 29 0 0 0 0 0 0 0 0 
4220 32 0 0 0 0 0 0 0 0 
4230 27 1 0 0 0 0 0 0 0 
4240 25 0 0 0 0 0 0 0 0 
4250 29 0 0 0 0 0 0 0 0 
4260 29 0 0 0 0 0 0 0 0 
4270 31 0 0 0 0 0 0 0 0 
4280 29 4 0 0 0 0 0 0 0 
4290 19 2 0 0 0 0 0 0 0 
4300 23 2 0 0 0 0 0 0 0 
4310 30 1 0 0 0 0 0 0 0 
4320 36 0 0 0 0 0 0 0 0 
4330 39 2 0 0 0 0 0 0 0 
4340 36 0 0 0 0 0 0 0 0 
4350 39 0 0 7 0 0 0 0 0 
4360 35 0 0 6 0 0 0 0 0 
4370 42 0 0 3 0 0 0 0 0 
4380 30 0 0 1 0 0 0 0 0 
4390 33 0 0 0 0 0 0 0 0 
4400 28 0 0 0 0 0 0 0 0 
4410 38 0 0 0 0 0 0 0 0 
4420 37 0 0 0 0 0 0 0 0 
4430 31 0 0 0 0 0 0 0 0 
4440 33 0 0 0 0 0 0 0 0 
4450 27 0 0 0 0 0 0 0 0 
4460 31 0 0 6 0 0 0 0 0 
4470 41 0 0 7 0 0 0 0 0 
4480 43 0 0 6 0 0 0 0 0 
4490 41 0 0 6 0 0 0 0 0 
4500 38 0 0 6 0 0 0 0 0 
4510 39 0 0 4 0 0 0 0 0 
4520 33 2 0 4 0 0 0 0 0 
4530 22 2 0 4 0 0 0 0 0 
4540 19 2 0 3 0 0 0 0 0 
4550 26 2 0 1 0 0 0 0 0 
4560 30 3 0 1 0 0 0 0 0 
4570 34 3 0 0 0 0 0 0 0 
4580 28 2 0 0 0 0 0 0 0 
4590 33 0 0 0 0 0 0 0 0 
4600 36 0 0 0 0 0 0 0 0 
4610 34 0 0 0 0 0 0 0 0 
4620 27 0 0 0 0 0 0 0 0 
4630 31 0 0 0 0 0 0 0 0 
4640 32 3 0 2 0 0 0 0 0 
4650 40 4 0 2 0 0 0 0 0 
4660 45 3 0 1 0 0 0 0 0 
4670 50 0 0 4 0 0 0 0 0 
4680 52 0 0 3 0 0 0 0 0 
4690 48 0 0 2 0 0 0 0 0 
4700 49 0 0 2 0 0 0 0 0 
4710 45 0 0 5 0 0 0 0 0 
4720 36 0 0 3 0 0 0 0 0 
4730 40 0 0 3 0 0 0 0 0 
4740 45 0 0 1 0 0 0 0 0 
4750 55 0 0 7 0 0 0 0 0 
4760 59 0 0 4 0 0 0 0 0 
4770 73 0 0 3 0 0 0 0 0 
4780 81 0 0 1 0 0 0 0 0 
4790 90 0 0 3 0 0 0 0 0 
4800 80 0 0 3 0 0 0 0 0 
4810 81 0 0 2 0 0 0 0 0 
4820 87 2 0 1 0 0 0 0 0 
4830 90 0 0 3 0 0 0 0 0 
4840 88 0 0 4 0 0 0 0 0 
4850 101 0 0 4 0 0 0 0 0 
4860 90 0 0 2 0 0 0 0 0 
4870 79 0 0 0 0 0 0 0 0 
4880 85 2 0 0 0 0 0 0 0 
4890 78 2 0 0 0 0 0 0 0 
4900 76 1 0 0 0 0 0 0 0 
4910 85 1 0 0 0 0 0 0 0 
4920 67 0 0 0 0 0 0 0 0 
4930 60 0 0 1 0 0 0 0 0 
4940 72 2 0 0 0 0 0 0 0 
4950 66 3 0 0 0 0 0 0 0 
4960 65 4 0 0 0 0 0 0 0 
4970 68 4 0 0 0 0 0 0 0 
4980 48 6 0 0 0 0 0 0 0 
4990 57 4 0 0 0 0 0 0 0 
5000 48 3 0 0 0 0 0 0 0 
5010 46 3 0 0 0 0 0 0 0 
5020 43 4 0 0 0 0 0 0 0 
5030 41 1 0 0 0 0 0 0 0 
5040 41 1 0 0 0 0 0 0 0 
5050 39 4 0 0 0 0 0 0 0 
5060 32 3 0 0 0 0 0 0 0 
5070 20 4 0 0 0 0 0 0 0 
5080 24 6 0 0 0 0 0 0 0 
5090 19 5 0 0 0 0 0 0 0 
5100 16 3 0 0 0 0 0 0 0 
5110 13 1 0 0 0 0 0 0 0 
5120 9 1 0 0 0 0 0 0 0 
5130 16 1 0 0 0 0 0 0 0 
5140 13 1 0 0 0 0 0 0 0 
5150 13 0 0 0 0 0 0 0 0 
5160 13 1 0 0 0 0 0 0 0 
5170 16 0 0 0 0 0 0 0 0 
5180 14 0 0 0 0 0 0 0 0 
5190 12 0 0 0 0 0 0 0 0 
5200 8 0 0 0 0 0 0 0 0 
5210 13 0 0 0 0 0 0 0 0 
5220 11 0 0 0 0 0 0 0 0 
5230 14 0 0 0 0 0 0 0 0 
5240 12 0 0 0 0 0 0 0 0 
5250 10 0 0 0 0 0 0 0 0 
5260 8 0 0 0 0 0 0 0 0 
5270 11 2 0 0 0 0 0 0 0 
5280 11 3 0 0 0 0 0 0 0 
5290 13 3 0 0 0 0 0 0 0 
5300 12 1 0 0 0 0 0 0 0 
5310 10 1 0 0 0 0 0 0 0 
5320 10 1 0 0 0 0 0 0 0 
5330 9 1 0 0 0 0 0 0 0 
5340 10 0 0 0 0 0 0 0 0 
5350 6 0 0 0 0 0 0 0 0 
5360 8 0 0 0 0 0 0 0 0 
5370 2 0 0 0 0 0 0 0 0 
5380 4 0 0 0 0 0 0 0 0 
5390 4 0 0 0 0 0 0 0 0 
5400 9 0 0 0 0 0 0 0 0 
5410 19 0 0 0 0 0 0 0 0 
5420 22 0 0 0 0 0 0 0 0 
5430 21 0 0 0 0 0 0 0 0 
5440 18 0 0 0 0 0 0 0 0 
5450 22 0 0 0 0 0 0 0 0 
5460 16 0 0 0 0 0 0 0 0 
5470 13 0 0 0 0 0 0 0 0 
5480 11 0 0 0 0 0 0 0 0 
5490 4 0 0 0 0 0 0 0 0 
5500 9 0 0 0 0 0 0 0 0 
5510 8 0 0 0 0 0 0 0 0 
5520 7 0 0 0 0 0 0 0 0 
5530 10 0 0 0 0 0 0 0 0 
5540 8 0 0 0 0 0 0 0 0 
5550 16 0 0 0 0 0 0 0 0 
5560 13 0 0 0 0 0 0 0 0 
5570 18 0 0 0 0 0 0 0 0 
5580 17 0 0 0 0 0 0 0 0 
5590 17 0 0 0 0 0 0 0 0 
5600 12 0 0 0 0 0 0 0 0 
5610 9 0 0 0 0 0 0 0 0 
5620 10 0 0 0 0 0 0 0 0 
5630 7 0 0 0 0 0 0 0 0 
5640 2 0 0 0 0 0 0 0 0 
5650 0 0 0 0 0 0 0 0 0 
5660 0 0 0 0 0 0 0 0 0 
5670 0 0 0 0 0 0 0 0 0 
5680 1 0 0 0 0 0 0 0 0 
5690 1 0 0 0 0 0 0 0 0 
5700 0 0 0 0 0 0 0 0 0 
5710 0 0 0 0 0 0 0 0 0 
5720 2 0 0 0 0 0 0 0 0 
5730 3 0 0 0 0 0 0 0 0 
5740 3 0 0 0 0 0 0 0 0 
5750 6 2 0 0 0 0 0 0 0 
5760 7 1 0 0 0 0 0 0 0 
5770 1 2 0 0 0 0 0 0 0 
5780 0 2 0 0 0 0 0 0 0 
5790 0 0 0 0 0 0 0 0 0 
5800 0 0 0 0 0 0 0 0 0 
5810 0 0 0 0 0 0 0 0 0 
5820 2 0 0 0 0 0 0 0 0 
5830 7 0 0 0 0 0 0 0 0 
5840 6 0 0 0 0 0 0 0 0 
5850 5 0 0 0 0 0 0 0 0 
5860 5 5 0 0 0 0 0 0 0 
5870 6 3 0 0 0 0 0 0 0 
5880 3 2 0 0 0 0 0 0 0 
5890 4 0 0 0 0 0 0 0 0 
5900 7 1 0 0 0 0 0 0 0 
5910 6 1 0 0 0 0 0 0 0 
5920 7 1 0 0 0 0 0 0 0 
5930 7 1 0 0 0 0 0 0 0 
5940 5 1 0 0 0 0 0 0 0 
5950 4 1 0 0 0 0 0 0 0 
5960 5 0 0 0 0 0 0 0 0 
5970 4 0 0 0 0 0 0 0 0 
5980 9 0 0 0 0 0 0 0 0 
5990 11 0 0 0 0 0 0 0 0 
6000 6 0 0 0 0 0 0 0 0 
6010 5 0 0 0 0 0 0 0 0 
6020 3 0 0 0 0 0 0 0 0 
6030 4 0 0 0 0 0 0 0 0 
6040 3 0 0 0 0 0 0 0 0 
6050 0 0 0 0 0 0 0 0 0 
6060 0 0 0 0 0 0 0 0 0 
6070 0 0 0 0 0 0 0 0 0 
6080 0 2 0 0 0 0 0 0 0 
6090 2 3 0 0 0 0 0 0 0 
6100 3 2 0 0 0 0 0 0 0 
6110 2 0 0 0 0 0 0 0 0 
6120 1 0 0 0 0 0 0 0 0 
6130 1 0 0 0 0 0 0 0 0 
6140 1 0 0 0 0 0 0 0 0 
6150 4 0 0 0 0 0 0 0 0 
6160 0 0 0 2 0 0 0 0 0 
6170 2 0 0 2 0 0 0 0 0 
6180 0 0 0 2 0 0 0 0 0 
6190 0 0 0 3 0 0 0 0 0 
6200 0 0 0 6 0 0 0 0 0 
6210 0 0 0 5 0 0 0 0 0 
6220 0 0 0 3 0 0 0 0 0 
6230 1 2 0 1 0 0 0 0 0 
6240 0 5 0 2 0 0 0 0 0 
6250 0 3 0 2 0 0 0 0 0 
6260 0 4 0 2 0 0 0 0 0 
6270 0 3 0 1 0 0 0 0 0 
6280 0 3 0 2 0 0 0 0 0 
6290 0 1 0 2 0 0 0 0 0 
6300 0 1 0 1 0 0 0 0 0 
6310 0 0 0 2 0 0 0 0 0 
6320 0 0 0 1 0 0 0 0 0 
6330 2 0 0 0 0 0 0 0 0 
6340 1 0 0 0 0 0 0 0 0 
6350 0 0 0 0 0 0 0 0 0 
6360 0 0 0 0 0 0 0 0 0 
6370 0 0 0 0 0 0 0 0 0 
6380 2 0 0 0 0 0 0 0 0 
6390 0 0 0 0 0 0 0 0 0 
6400 5 0 0 0 0 0 0 0 0 
6410 4 0 0 0 0 0 0 0 0 
6420 4 0 0 0 0 0 0 0 0 
6430 1 0 0 0 0 0 0 0 0 
6440 1 0 0 0 0 0 0 0 0 
6450 2 0 0 0 0 4 0 0 0 
6460 2 0 0 0 0 3 0 0 0 
6470 2 0 0 0 0 2 0 0 0 
6480 1 0 0 0 0 2 0 0 0 
6490 2 0 0 2 0 0 0 0 0 
6500 2 2 0 1 0 0 0 0 0 
6510 1 0 0 0 0 0 0 0 0 
6520 0 0 0 0 0 0 0 0 0 
6530 2 0 0 0 0 0 0 0 0 
6540 3 0 0 0 0 0 0 0 0 
6550 6 0 0 0 0 0 0 0 0 
6560 4 0 0 0 0 0 0 0 0 
6570 1 0 0 0 0 0 0 0 0 
6580 2 0 0 0 0 0 0 0 0 
6590 3 0 0 0 0 0 0 0 0 
6600 3 2 0 0 0 0 0 0 0 
6610 2 4 0 0 0 0 0 0 0 
6620 0 3 0 0 0 0 0 0 0 
6630 4 0 0 0 0 0 0 0 0 
6640 4 0 0 0 0 0 0 0 0 
6650 2 0 0 0 0 0 0 0 0 
6660 0 0 0 0 0 0 0 0 0 
6670 5 0 0 0 0 0 0 0 0 
6680 3 0 0 0 0 0 0 0 0 
6690 3 0 0 0 0 0 0 0 0 
6700 3 0 0 0 0 0 0 0 0 
6710 3 0 0 0 0 0 0 0 0 
6720 2 0 0 0 0 0 0 0 0 
6730 2 0 0 0 0 0 0 0 0 
6740 2 0 0 0 0 0 0 0 0 
6750 3 0 0 0 0 0 0 0 0 
6760 4 0 0 0 0 0 0 0 0 
6770 0 0 0 0 0 0 0 0 0 
6780 0 0 0 0 0 0 0 0 0 
6790 5 0 0 0 0 0 0 0 0 
6800 5 0 0 0 0 0 0 0 0 
6810 3 0 0 0 0 0 0 0 0 
6820 0 0 0 0 0 0 0 0 0 
6830 0 0 0 0 0 0 0 0 0 
6840 0 0 0 0 0 0 0 0 0 
6850 0 0 0 0 0 0 0 0 0 
6860 0 0 0 0 0 0 0 0 0 
6870 0 0 0 0 0 0 0 0 0 
6880 3 2 0 0 0 0 0 0 0 
6890 5 5 0 0 0 0 0 0 0 
6900 4 3 0 0 0 0 0 0 0 
6910 1 3 0 0 0 0 0 0 0 
6920 0 2 0 0 0 0 0 0 0 
6930 2 0 0 0 0 0 0 0 0 
6940 2 0 0 0 0 0 0 0 0 
6950 3 0 0 0 0 0 0 0 0 
6960 8 0 0 0 0 0 0 0 0 
6970 6 0 0 0 0 0 0 0 0 
6980 8 0 0 0 0 0 0 0 0 
6990 8 0 0 0 0 0 0 0 0 
7000 6 0 0 0 0 0 0 0 0 
7010 12 0 0 0 0 0 0 0 0 
7020 11 0 0 0 0 0 0 0 0 
7030 8 0 0 0 0 0 0 0 0 
7040 15 0 0 0 0 0 0 0 0 
7050 17 0 0 0 0 0 0 0 0 
7060 15 0 0 0 0 0 0 0 0 
7070 14 0 0 1 0 0 0 0 0 
7080 16 0 0 0 0 0 0 0 0 
7090 15 0 0 0 0 0 0 0 0 
7100 11 0 0 0 0 0 0 0 0 
7110 10 0 0 0 0 0 0 0 0 
7120 17 0 0 0 0 0 0 0 0 
7130 20 0 0 0 0 0 0 0 0 
7140 14 0 0 0 0 0 0 0 0 
7150 7 0 0 0 0 0 0 0 0 
7160 6 0 0 0 0 0 0 0 0 
7170 7 0 0 0 0 0 0 0 0 
7180 8 0 0 0 0 0 0 0 0 
7190 5 0 0 0 0 0 0 0 0 
7200 5 0 0 0 0 0 0 0 0 
7210 4 0 0 0 0 0 0 0 0 
7220 2 0 0 0 0 0 0 0 0 
7230 0 0 0 0 0 0 0 0 0 
7240 0 0 0 0 0 0 0 0 0 
7250 2 0 0 0 0 0 0 0 0 
7260 0 1 0 0 0 0 0 0 0 
7270 0 2 0 0 0 0 0 0 0 
7280 1 4 0 0 0 0 0 0 0 
7290 1 8 0 0 0 0 0 0 0 
7300 0 4 0 0 0 0 0 0 0 
7310 0 5 0 0 0 0 0 0 0 
7320 2 4 0 0 0 0 0 0 0 
7330 0 5 0 0 0 0 0 0 0 
7340 2 4 0 0 0 0 0 0 0 
7350 0 3 0 0 0 0 0 0 0 
7360 0 7 0 0 0 0 0 0 0 
7370 0 6 0 0 0 0 0 0 0 
7380 2 3 0 0 0 0 0 0 0 
7390 2 3 0 0 0 0 0 0 0 
7400 5 1 0 0 0 0 0 0 0 
7410 7 0 0 0 0 0 0 0 0 
7420 12 0 0 0 0 0 0 0 0 
7430 12 0 0 0 0 0 0 0 0 
7440 6 0 0 0 0 0 0 0 0 
7450 7 0 0 0 0 0 0 0 0 
7460 8 0 0 0 0 0 0 0 0 
7470 3 0 0 0 0 0 0 0 0 
7480 2 0 0 0 0 0 0 0 0 
7490 1 0 0 0 0 0 0 0 0 
7500 2 0 0 0 0 0 0 0 0 
7510 3 0 0 0 0 0 0 0 0 
7520 2 0 0 0 0 0 0 0 0 
7530 1 0 0 0 0 0 0 0 0 
7540 0 0 0 0 0 0 0 0 0 
7550 0 0 0 0 0 0 0 0 0 
7560 0 0 0 0 0 0 0 0 0 
7570 0 0 0 0 0 0 0 0 0 
7580 0 0 0 0 0 0 0 0 0 
7590 0 0 0 0 0 0 0 0 0 
7600 0 0 0 0 0 0 0 0 0 
7610 0 0 0 0 0 0 0 0 0 
7620 0 0 0 0 0 0 0 0 0 
7630 0 0 0 0 0 0 0 0 0 
7640 0 0 0 0 0 0 0 0 0 
7650 0 0 0 0 0 0 0 0 0 
7660 1 0 0 0 0 0 0 0 0 
7670 6 0 0 0 0 0 0 0 0 
7680 7 0 0 0 0 0 0 0 0 
7690 5 0 0 0 0 0 0 0 0 
7700 7 0 0 0 0 0 0 0 0 
7710 5 0 0 0 0 0 0 0 0 
7720 1 0 0 0 0 0 0 0 0 
7730 0 0 0 0 0 0 0 0 0 
7740 2 0 0 0 0 0 0 0 0 
7750 0 0 0 0 0 0 0 0 0 
7760 0 0 0 0 0 0 0 0 0 
7770 0 0 0 0 0 0 0 0 0 
7780 0 0 0 0 0 0 0 0 0 
7790 0 0 0 0 0 0 0 0 0 
7800 0 0 0 0 0 0 0 0 0 
7810 0 0 0 0 0 0 0 0 0 
7820 0 0 0 0 0 0 0 0 0 
7830 0 0 0 0 0 0 0 0 0 
7840 4 0 0 0 0 0 0 0 0 
7850 2 0 0 0 0 0 0 0 0 
7860 3 0 0 0 0 0 0 0 0 
7870 2 0 0 0 0 0 0 0 0 
7880 3 0 0 0 0 0 0 0 0 
7890 3 0 0 0 0 0 0 0 0 
7900 4 0 0 0 0 0 0 0 0 
7910 1 0 0 0 0 0 0 0 0 
7920 1 1 0 0 0 0 0 0 0 
7930 2 0 0 0 0 0 0 0 0 
7940 2 0 0 0 0 0 0 0 0 
7950 5 0 0 0 0 0 0 0 0 
7960 5 0 0 0 0 0 0 0 0 
7970 5 2 0 0 0 0 0 0 0 
7980 3 2 0 0 0 0 0 0 0 
7990 4 2 0 0 0 0 0 0 0 
8000 5 2 0 0 0 0 0 0 0 
8010 5 1 0 0 0 0 0 0 0 
8020 2 2 0 0 0 0 0 0 0 
8030 2 1 0 0 0 0 0 0 0 
8040 0 0 0 0 0 0 0 0 0 
8050 0 0 0 0 0 0 0 0 0 
8060 0 0 0 0 0 0 0 0 0 
8070 0 0 0 0 0 0 0 0 0 
8080 0 0 0 0 0 0 0 0 0 
8090 0 0 0 0 0 0 0 0 0 
8100 0 0 0 0 0 0 0 0 0 
8110 0 0 0 0 0 0 0 0 0 
8120 0 0 0 0 0 0 0 0 0 
8130 0 0 0 0 0 0 0 0 0 
8140 0 0 0 0 0 0 0 0 0 
8150 0 0 0 0 0 0 0 0 0 
8160 0 0 0 0 0 0 0 0 0 
8170 0 0 0 0 0 0 0 0 0 
8180 0 0 0 0 0 0 0 0 0 
8190 0 0 0 0 0 0 0 0 0 
8200 0 0 0 0 0 0 0 0 0 
8210 0 0 0 0 0 0 0 0 0 
8220 0 0 0 0 0 0 0 0 0 
8230 1 0 0 0 0 0 0 0 0 
8240 1 0 0 0 0 0 0 0 0 
8250 1 0 0 0 0 0 0 0 0 
8260 2 0 0 0 0 0 0 0 0 
8270 2 0 0 0 0 0 0 0 0 
8280 2 0 0 0 0 0 0 0 0 
8290 4 0 0 0 0 0 0 0 0 
8300 4 0 0 0 0 0 0 0 0 
8310 2 0 0 0 0 0 0 0 0 
8320 1 0 0 0 0 0 0 0 0 
8330 1 0 0 0 0 0 0 0 0 
8340 3 0 0 0 0 0 0 0 0 
8350 3 0 0 0 0 0 0 0 0 
8360 2 0 0 0 0 0 0 0 0 
8370 0 0 0 0 0 0 0 0 0 
8380 2 0 0 0 0 0 0 0 0 
8390 1 0 0 0 0 0 0 0 0 
8400 1 2 0 2 0 0 0 0 0 
8410 0 0 0 1 0 0 0 0 0 
8420 0 4 0 1 0 0 0 0 0 
8430 1 4 0 1 0 0 0 0 0 
8440 2 0 0 1 0 0 0 0 0 
8450 5 6 0 0 0 0 0 0 0 
8460 3 3 0 0 0 0 0 0 0 
8470 4 2 0 0 0 0 0 0 0 
8480 5 0 0 0 0 0 0 0 0 
8490 9 2 0 0 0 0 0 0 0 
8500 8 2 0 0 0 0 0 0 0 
8510 5 2 0 0 0 0 0 0 0 
8520 7 1 0 0 0 0 0 0 0 
8530 3 0 0 0 0 0 0 0 0 
8540 2 0 0 0 0 0 0 0 0 
8550 2 0 0 0 0 0 0 0 0 
8560 5 0 0 0 0 0 0 0 0 
8570 4 0 0 0 0 0 0 0 0 
8580 4 0 0 0 0 0 0 0 0 
8590 3 0 0 0 0 0 0 0 0 
8600 3 0 0 0 0 0 0 0 0 
8610 4 0 0 0 0 0 0 0 0 
8620 4 0 0 0 0 0 0 0 0 
8630 3 0 0 0 0 0 0 0 0 
8640 5 0 0 0 0 0 0 0 0 
8650 7 0 0 0 0 0 0 0 0 
8660 7 0 0 0 0 0 0 0 0 
8670 7 0 0 0 0 0 0 0 0 
8680 4 1 0 0 0 0 0 0 0 
8690 5 0 0 0 0 0 0 0 0 
8700 6 0 0 0 0 0 0 0 0 
8710 6 0 0 0 0 0 0 0 0 
8720 7 0 0 0 0 0 0 0 0 
8730 4 0 0 0 0 0 0 0 0 
8740 5 0 0 0 0 0 0 0 0 
8750 4 0 0 0 0 0 0 0 0 
8760 5 0 0 0 0 0 0 0 0 
8770 2 0 0 0 0 0 0 0 0 
8780 0 0 0 0 0 0 0 0 0 
8790 0 0 0 0 0 0 0 0 0 
8800 2 0 0 0 0 0 0 0 0 
8810 2 0 0 0 0 0 0 0 0 
8820 2 0 0 0 0 0 0 0 0 
8830 2 0 0 0 0 0 0 0 0 
8840 2 0 0 0 0 0 0 0 0 
8850 2 0 0 0 0 0 0 0 0 
8860 1 0 0 0 0 0 0 0 0 
8870 4 0 0 0 0 0 0 0 0 
8880 4 0 0 0 0 0 0 0 0 
8890 2 0 0 0 0 0 0 0 0 
8900 4 0 0 0 0 0 0 0 0 
8910 4 0 0 0 0 0 0 0 0 
8920 2 2 0 0 0 0 0 0 0 
8930 3 3 0 0 0 0 0 0 0 
8940 3 3 0 0 0 0 0 0 0 
8950 3 2 0 0 0 0 0 0 0 
8960 4 3 0 0 0 0 0 0 0 
8970 3 3 0 0 0 0 0 0 0 
8980 3 2 0 0 0 0 0 0 0 
8990 3 1 0 0 0 0 0 0 0 
9000 4 0 0 0 0 0 0 0 0 
9010 4 0 0 0 0 0 0 0 0 
9020 2 0 0 0 0 0 0 0 0 
9030 2 2 0 0 0 0 0 0 0 
9040 2 2 0 0 0 0 0 0 0 
9050 0 2 0 0 0 0 0 0 0 
9060 2 2 0 0 0 0 0 0 0 
9070 5 2 0 0 0 0 0 0 0 
9080 6 4 0 0 0 0 0 0 0 
9090 7 3 0 0 0 0 0 0 0 
9100 3 3 0 0 0 0 0 0 0 
9110 3 2 0 0 0 0 0 0 0 
9120 5 0 0 0 0 0 0 0 0 
9130 2 0 0 0 0 0 0 0 0 
9140 4 0 0 1 0 0 0 0 0 
9150 4 0 0 0 0 0 0 0 0 
9160 3 0 0 2 0 0 0 0 0 
9170 4 0 0 1 0 0 0 0 0 
9180 3 0 0 1 0 0 0 0 0 
9190 0 0 0 1 0 0 0 0 0 
9200 0 0 0 0 0 0 0 0 0 
9210 5 0 0 0 0 0 0 0 0 
9220 4 0 0 0 0 0 0 0 0 
9230 5 0 0 0 0 0 0 0 0 
9240 5 0 0 0 0 0 0 0 0 
9250 8 0 0 0 0 0 0 0 0 
9260 7 0 0 0 0 0 0 0 0 
9270 6 0 0 0 0 0 0 0 0 
9280 8 0 0 0 0 0 0 0 0 
9290 6 0 0 0 0 0 0 0 0 
9300 3 0 0 0 0 0 0 0 0 
9310 1 0 0 0 0 0 0 0 0 
9320 2 0 0 0 0 0 0 0 0 
9330 4 2 0 0 0 0 0 0 0 
9340 2 2 0 0 0 0 0 0 0 
9350 0 1 0 0 0 0 0 0 0 
9360 2 0 0 0 0 0 0 0 0 
9370 0 2 0 0 0 0 0 0 0 
9380 2 2 0 0 0 0 0 0 0 
9390 4 3 0 0 0 0 0 0 0 
9400 2 2 0 0 0 0 0 0 0 
9410 6 0 0 0 0 0 0 0 0 
9420 2 0 0 0 0 0 0 0 0 
9430 5 4 0 0 0 0 0 0 0 
9440 9 4 0 0 0 0 0 0 0 
9450 7 1 0 0 0 0 0 0 0 
9460 10 0 0 0 0 0 0 0 0 
9470 4 0 0 0 0 0 0 0 0 
9480 4 1 0 0 0 0 0 0 0 
9490 7 0 0 0 0 0 0 0 0 
9500 2 0 0 0 0 0 0 0 0 
9510 8 0 0 0 0 0 0 0 0 
9520 8 0 0 0 0 0 0 0 0 
9530 10 0 0 0 0 0 0 0 0 
9540 4 0 0 0 0 0 0 0 0 
9550 11 0 0 0 0 0 0 0 0 
9560 10 0 0 0 0 0 0 0 0 
9570 5 0 0 0 0 0 0 0 0 
9580 7 0 0 0 0 0 0 0 0 
9590 4 0 0 0 0 0 0 0 0 
9600 10 0 0 0 0 0 0 0 0 
9610 9 0 0 0 0 0 0 0 0 
9620 9 0 0 0 0 0 0 0 0 
9630 7 0 0 0 0 0 0 0 0 
9640 5 0 0 0 0 0 0 0 0 
9650 11 0 0 0 0 0 0 0 0 
9660 11 0 0 0 0 0 0 0 0 
9670 11 0 0 0 0 0 0 0 0 
9680 12 0 0 0 0 0 0 0 0 
9690 9 1 0 0 0 0 0 0 0 
9700 9 0 0 2 0 0 0 0 0 
9710 16 0 0 0 0 0 0 0 0 
9720 10 0 0 2 0 0 0 0 0 
9730 10 0 0 1 0 0 0 0 0 
9740 8 0 0 0 0 0 0 0 0 
9750 5 0 0 0 0 0 0 0 0 
9760 2 0 0 0 0 0 0 0 0 
9770 1 0 0 0 0 0 0 0 0 
9780 1 0 0 0 0 0 0 0 0 
9790 2 0 0 0 0 0 0 0 0 
9800 5 0 0 0 0 0 0 0 0 
9810 2 0 0 0 0 0 0 0 0 
9820 2 0 0 0 0 0 0 0 0 
9830 4 0 0 1 0 0 0 0 0 
9840 1 0 0 1 0 0 0 0 0 
9850 2 0 0 0 0 0 0 0 0 
9860 3 0 0 0 0 0 0 0 0 
9870 2 0 0 0 0 0 1 0 0 
9880 1 0 0 0 0 0 0 0 0 
9890 1 0 0 0 0 0 0 0 0 
9900 0 0 0 0 0 0 0 0 0 
9910 1 0 0 0 0 0 0 0 0 
9920 2 0 0 0 0 0 0 0 0 
9930 4 0 0 0 0 0 0 0 0 
9940 5 0 0 0 0 0 0 0 0 
9950 4 0 0 0 0 0 0 0 0 
9960 3 0 0 0 0 0 0 0 0 
9970 1 0 0 0 0 0 0 0 0 
9980 0 0 0 0 0 0 0 0 0 
9990 2 0 0 0 0 0 0 0 0 
10000 4 0 0 0 0 0 0 0 0 
10010 5 0 0 0 0 0 0 0 0 
10020 1 2 0 0 0 0 0 0 0 
10030 5 1 0 0 0 0 0 0 0 
10040 5 0 0 0 0 0 0 0 0 
10050 6 0 0 0 0 0 0 0 0 
10060 9 2 0 0 0 0 0 0 0 
10070 14 2 0 0 0 0 0 0 0 
10080 18 0 0 0 0 0 0 0 0 
10090 22 0 0 0 0 0 0 0 0 
10100 24 1 0 0 0 0 0 0 0 
10110 26 0 0 0 0 0 0 0 0 
10120 26 0 0 0 0 0 0 0 0 
10130 27 0 0 0 0 0 0 0 0 
10140 28 0 0 0 0 0 0 0 0 
10150 27 0 0 0 0 0 0 0 0 
10160 25 1 0 0 0 0 0 0 0 
10170 23 1 0 0 0 0 0 0 0 
10180 19 0 0 0 0 0 0 0 0 
10190 14 0 0 0 0 0 0 0 0 
10200 21 0 0 0 0 0 0 0 0 
10210 27 0 0 0 0 0 0 0 0 
10220 38 0 0 0 0 0 0 0 0 
10230 42 0 0 0 0 0 0 0 0 
10240 59 0 0 0 0 0 0 0 0 
10250 62 0 0 0 0 0 0 0 0 
10260 74 0 0 0 0 0 0 0 0 
10270 84 0 0 0 0 0 0 0 0 
10280 86 0 0 0 0 0 0 0 0 
10290 87 3 0 0 0 0 0 0 0 
10300 93 4 0 0 0 0 0 0 0 
10310 80 2 0 0 0 0 0 0 0 
10320 74 2 0 0 0 0 0 0 0 
10330 79 1 0 0 0 0 0 0 0 
10340 76 2 0 0 0 0 0 0 0 
10350 80 0 0 0 0 0 0 0 0 
10360 89 0 0 0 0 0 0 0 0 
10370 95 0 0 0 0 0 0 0 0 
10380 111 0 0 0 0 0 0 0 0 
10390 123 0 0 0 0 0 0 0 0 
10400 123 0 0 0 0 0 0 0 0 
10410 139 0 0 0 0 0 0 0 0 
10420 141 0 0 0 0 0 0 0 0 
10430 160 2 0 0 1 0 0 0 0 
10440 166 2 0 0 0 0 0 0 0 
10450 181 1 0 0 0 0 0 0 0 
10460 191 0 0 0 0 0 0 0 0 
10470 196 0 0 0 0 0 0 0 0 
10480 221 1 0 0 0 0 0 0 0 
10490 218 1 0 0 0 0 0 0 0 
10500 216 3 0 0 0 0 0 0 0 
10510 229 1 0 0 0 0 0 0 0 
10520 230 1 0 0 0 0 0 0 0 
10530 258 1 0 0 0 0 0 0 0 
10540 276 2 0 0 0 0 0 0 0 
10550 305 1 0 0 0 0 0 0 0 
10560 308 1 0 0 0 0 0 0 0 
10570 311 0 0 0 0 0 0 0 0 
10580 311 0 0 0 0 0 0 0 0 
10590 309 0 0 0 0 0 0 0 0 
10600 299 0 0 0 0 0 0 0 0 
10610 295 0 0 0 0 0 0 0 0 
10620 277 2 0 0 0 0 0 0 0 
10630 241 1 0 0 0 0 0 0 0 
10640 254 2 0 0 0 0 0 0 0 
10650 260 2 0 0 0 0 0 0 0 
10660 288 2 0 0 0 0 0 0 0 
10670 294 3 0 0 0 0 0 0 0 
10680 314 11 0 0 0 0 0 0 0 
10690 327 5 0 0 0 0 0 0 0 
10700 327 7 0 0 0 0 0 0 0 
10710 352 6 0 0 0 0 0 0 0 
10720 347 6 0 0 0 0 0 0 0 
10730 341 12 0 0 0 2 0 0 0 
10740 333 7 0 0 0 0 0 0 0 
10750 334 6 0 0 0 0 0 0 0 
10760 330 3 0 0 0 0 0 0 0 
10770 309 4 0 0 0 0 0 0 0 
10780 313 6 0 0 0 0 0 0 0 
10790 304 8 0 0 0 0 0 0 0 
10800 290 5 0 0 0 0 0 0 0 
10810 291 9 0 0 0 0 0 0 0 
10820 312 12 0 0 0 0 0 0 0 
10830 332 11 0 0 0 0 0 0 0 
10840 338 11 0 0 0 0 0 0 0 
10850 358 8 0 0 0 0 0 0 0 
10860 355 9 0 0 0 0 0 0 0 
10870 331 11 0 0 0 0 0 0 0 
10880 330 6 0 0 0 0 0 0 0 
10890 335 1 0 0 0 0 0 0 0 
10900 344 2 0 0 0 0 0 0 0 
10910 364 1 0 0 0 0 0 0 0 
10920 375 1 0 0 0 0 0 0 0 
10930 385 0 0 0 0 0 0 0 0 
10940 393 0 0 0 0 0 0 0 0 
10950 399 0 0 0 0 0 0 0 0 
10960 406 3 0 0 0 0 0 0 0 
10970 410 0 0 0 0 0 0 0 0 
10980 422 0 0 0 0 0 0 0 0 
10990 426 0 0 0 0 0 0 0 0 
11000 418 1 0 0 0 0 0 0 0 
11010 421 3 0 0 0 0 0 0 0 
11020 408 4 0 0 0 0 0 0 0 
11030 418 5 0 0 0 0 0 0 0 
11040 426 6 0 0 0 0 0 0 0 
11050 425 2 0 0 0 0 0 0 0 
11060 406 2 0 0 0 0 0 0 0 
11070 423 4 0 0 0 0 0 0 0 
11080 417 3 0 0 0 0 0 0 0 
11090 439 6 0 0 0 0 0 0 0 
11100 440 2 0 0 0 0 0 0 0 
11110 472 7 0 0 0 0 0 0 0 
11120 486 5 0 0 0 0 0 0 0 
11130 503 4 0 0 0 0 0 0 0 
11140 495 2 0 0 0 0 0 0 0 
11150 511 7 0 0 0 0 0 0 0 
11160 506 2 0 0 0 0 0 0 0 
11170 499 4 0 0 0 0 0 0 0 
11180 504 3 0 0 0 0 0 0 0 
11190 520 6 0 0 0 0 0 0 0 
11200 506 3 0 0 0 0 0 0 0 
11210 518 1 0 0 0 0 0 0 0 
11220 545 1 0 0 0 0 0 0 0 
11230 563 2 0 0 0 0 0 0 0 
11240 574 0 0 0 0 0 0 0 0 
11250 619 0 0 0 0 0 0 0 0 
11260 622 0 0 0 0 0 0 0 0 
11270 627 1 0 0 0 0 0 0 0 
11280 635 1 0 0 0 0 0 0 0 
11290 632 1 0 0 0 0 0 0 0 
11300 638 0 0 0 0 0 0 0 0 
11310 651 0 0 0 0 0 0 0 0 
11320 645 0 0 0 0 0 0 0 0 
11330 656 0 0 0 0 0 0 0 0 
11340 645 0 0 0 0 0 0 0 0 
11350 672 0 0 0 0 0 0 0 0 
11360 644 0 0 0 0 0 0 0 0 
11370 655 0 0 0 0 0 0 0 0 
11380 659 1 0 0 0 0 0 0 0 
11390 664 0 0 0 0 0 0 0 0 
11400 641 0 0 0 0 0 0 0 0 
11410 663 0 0 0 0 0 0 0 0 
11420 629 0 0 0 0 0 0 0 0 
11430 673 0 0 0 0 0 0 0 0 
11440 640 3 0 0 0 0 0 0 0 
11450 655 2 0 0 0 0 0 0 0 
11460 638 2 0 0 0 0 0 0 0 
11470 633 1 0 0 0 0 0 0 0 
11480 633 1 0 0 0 0 0 0 0 
11490 638 2 0 0 0 0 0 0 0 
11500 610 3 0 0 0 0 0 0 0 
11510 608 6 0 0 0 0 0 0 0 
11520 603 5 0 0 0 0 0 0 0 
11530 602 3 0 0 0 0 0 0 0 
11540 583 4 0 0 0 0 0 0 0 
11550 596 3 0 0 0 0 0 0 0 
11560 598 2 0 0 0 0 0 0 0 
11570 614 1 0 0 0 0 0 0 0 
11580 603 1 0 0 0 0 0 0 0 
11590 620 2 0 0 0 0 0 0 0 
11600 598 0 0 0 0 0 0 0 0 
11610 571 0 0 2 0 0 0 0 0 
11620 557 0 0 2 0 0 0 0 0 
11630 595 0 0 1 0 0 0 0 0 
11640 586 0 0 3 0 0 0 0 0 
11650 650 2 0 2 0 0 0 0 0 
11660 645 1 0 0 0 0 0 0 0 
11670 664 1 0 0 0 0 0 0 0 
11680 650 1 0 0 0 0 0 0 0 
11690 628 1 0 0 0 0 0 0 0 
11700 621 0 0 0 0 0 0 0 0 
11710 633 1 0 0 0 0 0 0 0 
11720 610 1 0 0 0 0 0 0 0 
11730 645 0 0 0 0 0 0 0 0 
11740 647 1 0 0 0 0 0 0 0 
11750 651 1 0 0 0 0 0 0 0 
11760 625 0 0 0 0 0 0 0 0 
11770 653 0 0 0 0 0 0 0 0 
11780 642 0 0 0 0 0 0 0 0 
11790 681 0 0 0 0 0 0 0 0 
11800 641 0 0 0 0 0 0 0 0 
11810 662 3 0 0 0 0 0 0 0 
11820 642 2 0 0 0 0 0 0 0 
11830 668 2 0 0 0 0 0 0 0 
11840 662 3 0 0 0 0 0 0 0 
11850 649 2 0 0 0 0 0 0 0 
11860 624 0 0 0 0 0 0 0 0 
11870 609 1 0 0 0 0 0 0 0 
11880 621 3 0 0 0 0 0 0 0 
11890 654 1 0 0 0 0 0 0 0 
11900 641 2 0 0 0 0 0 0 0 
11910 649 3 0 0 0 0 0 0 0 
11920 630 2 0 0 0 0 0 0 0 
11930 632 3 0 0 0 0 0 0 0 
11940 621 2 0 0 0 0 0 0 0 
11950 642 5 0 0 0 0 0 0 0 
11960 623 2 0 0 0 0 0 0 0 
11970 657 2 0 0 0 0 0 0 0 
11980 657 2 0 0 0 0 0 0 0 
11990 669 1 0 0 0 0 0 0 0 
12000 641 4 0 0 0 0 0 0 0 
12010 659 1 0 0 0 0 0 0 0 
12020 669 0 0 0 0 0 0 0 0 
12030 715 0 0 0 0 0 0 0 0 
12040 672 0 0 0 0 0 0 0 0 
12050 692 0 0 0 0 0 0 0 0 
12060 701 0 0 0 0 0 0 0 0 
12070 686 2 0 0 0 0 0 0 0 
12080 664 1 0 0 0 0 0 0 0 
12090 663 4 0 0 0 0 0 0 0 
12100 663 4 0 0 0 0 0 0 0 
12110 667 7 0 0 0 0 0 0 0 
12120 682 4 0 0 0 0 0 0 0 
12130 657 3 0 0 0 0 0 0 0 
12140 651 3 0 0 0 0 0 0 0 
12150 713 2 0 0 0 0 0 0 0 
12160 706 3 0 0 0 0 0 0 0 
12170 736 1 0 0 0 0 0 0 0 
12180 720 4 0 0 0 0 0 0 0 
12190 758 4 0 0 0 0 0 0 0 
12200 771 5 0 0 0 0 0 0 0 
12210 745 7 0 0 0 0 0 0 0 
12220 742 7 0 0 0 0 0 0 0 
12230 756 3 0 0 0 0 0 0 0 
12240 738 10 0 0 0 0 0 0 0 
12250 770 6 0 0 0 0 0 0 0 
12260 739 10 0 0 0 0 0 0 0 
12270 750 9 0 0 0 0 0 0 0 
12280 721 6 0 0 0 0 0 0 0 
12290 741 6 0 0 0 0 0 0 0 
12300 714 2 0 0 0 0 0 0 0 
12310 721 3 0 0 0 0 0 0 0 
12320 734 8 0 0 0 0 0 0 0 
12330 734 7 0 0 0 0 0 0 0 
12340 725 8 0 0 0 0 0 0 0 
12350 744 8 0 0 0 0 0 0 0 
12360 746 8 0 0 0 0 0 0 0 
12370 768 6 0 0 0 0 0 0 0 
12380 736 7 0 0 0 0 0 0 0 
12390 736 7 0 0 0 0 0 0 0 
12400 708 6 0 0 0 0 0 0 0 
12410 716 4 0 0 0 0 0 0 0 
12420 686 5 0 0 0 0 0 0 0 
12430 719 3 0 0 0 0 0 0 0 
12440 709 2 0 0 0 0 0 0 0 
12450 717 2 0 0 0 0 0 0 0 
12460 716 2 0 0 0 0 0 0 0 
12470 751 2 0 0 0 0 0 0 0 
12480 752 1 0 0 0 0 0 0 0 
12490 769 0 0 0 0 0 0 0 0 
12500 747 0 0 0 0 0 0 0 0 
12510 723 1 0 0 0 0 0 0 0 
12520 719 0 0 0 0 0 0 0 0 
12530 717 0 0 0 0 0 0 0 0 
12540 706 0 0 0 0 0 0 0 0 
12550 749 1 0 0 0 0 0 0 0 
12560 721 1 0 0 0 0 0 0 0 
12570 722 7 0 0 0 0 0 0 0 
12580 702 9 0 0 0 0 0 0 0 
12590 719 11 0 0 0 0 0 0 0 
12600 730 6 0 0 0 0 0 0 0 
12610 767 8 0 0 0 0 0 0 0 
12620 772 5 0 1 0 0 0 0 0 
12630 810 7 0 0 0 0 0 0 0 
12640 799 7 0 0 0 0 0 0 0 
12650 818 5 0 0 0 0 0 0 0 
12660 821 5 0 0 0 0 0 0 0 
12670 809 3 0 0 0 0 0 0 0 
12680 801 9 0 0 0 0 0 0 0 
12690 812 6 0 0 0 0 0 0 0 
12700 818 4 0 0 0 0 0 0 0 
12710 834 8 0 0 0 0 0 0 0 
12720 844 4 0 0 0 0 0 0 0 
12730 844 3 0 0 0 0 0 0 0 
12740 795 2 0 0 0 0 0 0 0 
12750 807 2 0 0 0 0 0 0 0 
12760 794 2 0 0 0 0 0 0 0 
12770 774 0 0 0 0 0 0 0 0 
12780 786 0 0 0 0 0 0 0 0 
12790 823 0 0 0 0 0 0 0 0 
12800 823 0 0 0 0 0 0 0 0 
12810 843 0 0 0 0 0 0 0 0 
12820 811 4 0 0 0 0 0 0 0 
12830 846 3 0 0 0 0 0 0 0 
12840 798 4 0 0 0 0 0 0 0 
12850 829 2 0 0 0 0 0 0 0 
12860 838 2 0 0 0 0 0 0 0 
12870 831 3 0 0 0 0 0 0 0 
12880 832 5 0 0 0 0 0 0 0 
12890 846 4 0 0 0 0 0 0 0 
12900 820 4 0 0 0 0 0 0 0 
12910 838 4 0 0 0 0 0 0 0 
12920 819 4 0 0 0 0 0 0 0 
12930 815 4 0 0 0 0 0 0 0 
12940 859 4 0 0 0 0 0 0 0 
12950 899 3 0 0 0 0 0 0 0 
12960 879 4 0 0 0 0 0 0 0 
12970 872 2 0 0 0 0 0 0 0 
12980 859 5 0 0 0 0 0 0 0 
12990 869 5 0 0 0 0 0 0 0 
13000 861 7 0 0 0 0 0 0 0 
13010 872 2 0 0 0 0 0 0 0 
13020 884 3 0 0 0 0 0 0 0 
13030 882 4 0 0 0 0 0 0 0 
13040 898 1 0 2 0 0 0 0 0 
13050 903 0 0 0 0 0 0 0 0 
13060 890 0 0 0 0 0 0 0 0 
13070 946 1 0 0 0 0 0 0 0 
13080 957 3 0 0 0 0 0 0 0 
13090 952 1 0 0 0 0 0 0 0 
13100 969 1 0 0 0 0 0 0 0 
13110 978 1 0 0 0 0 0 0 0 
13120 939 7 0 0 0 0 0 0 0 
13130 912 4 0 0 0 0 0 0 0 
13140 887 7 0 0 0 0 0 0 0 
13150 910 5 0 0 0 0 0 0 0 
13160 915 5 0 0 0 0 0 0 0 
13170 933 8 0 0 0 0 0 0 0 
13180 934 3 0 0 0 0 0 0 0 
13190 940 5 0 0 0 0 0 0 0 
13200 926 6 0 0 0 0 0 0 0 
13210 967 2 0 0 0 0 0 0 0 
13220 997 2 0 0 0 0 0 0 0 
13230 1057 2 0 0 0 0 0 0 0 
13240 1038 5 0 0 0 0 0 0 0 
13250 1055 5 0 0 0 0 0 0 0 
13260 1069 2 0 0 0 0 0 0 0 
13270 1058 12 0 0 0 0 0 0 0 
13280 1067 10 0 0 0 0 0 0 0 
13290 1085 17 0 0 0 0 0 0 0 
13300 1083 16 0 0 0 0 0 0 0 
13310 1057 13 0 0 0 0 0 0 0 
13320 1091 22 0 0 0 0 0 0 0 
13330 1058 18 0 0 0 0 0 0 0 
13340 1010 19 0 0 0 0 0 0 0 
13350 996 18 0 0 0 0 0 0 0 
13360 976 11 0 0 0 0 0 0 0 
13370 992 15 0 0 0 0 0 0 0 
13380 970 11 0 0 0 0 0 0 0 
13390 979 10 0 0 0 0 0 0 0 
13400 947 12 0 0 0 0 0 0 0 
13410 966 11 0 0 0 0 0 0 0 
13420 1003 5 0 0 0 0 0 0 0 
13430 1004 5 0 0 0 0 0 0 0 
13440 999 7 0 0 0 0 0 0 0 
13450 985 11 0 0 0 0 0 0 0 
13460 982 11 0 0 0 0 0 0 0 
13470 977 11 0 0 0 0 0 0 0 
13480 968 7 0 0 0 0 0 0 0 
13490 984 8 0 0 0 0 0 0 0 
13500 965 6 0 0 0 0 0 0 0 
13510 981 4 0 0 0 0 0 0 0 
13520 993 6 0 0 0 0 0 0 0 
13530 1008 8 0 0 0 0 0 0 0 
13540 996 5 0 0 0 0 0 0 0 
13550 1020 3 0 0 0 0 0 0 0 
13560 1018 4 0 0 0 0 0 0 0 
13570 1037 6 0 0 0 0 0 0 0 
13580 964 7 0 0 0 0 0 0 0 
13590 928 5 0 0 0 0 0 0 0 
13600 954 4 0 0 0 0 0 0 0 
13610 953 4 0 5 0 0 0 0 0 
13620 934 3 0 5 0 0 0 0 0 
13630 924 4 0 1 0 0 0 0 0 
13640 931 1 0 1 0 0 0 0 0 
13650 904 1 0 0 0 0 0 0 0 
13660 890 1 0 0 0 0 0 0 0 
13670 891 0 0 0 0 0 0 0 0 
13680 890 1 0 0 0 0 0 0 0 
13690 896 0 0 0 0 0 0 0 0 
13700 878 0 0 0 0 0 0 0 0 
13710 882 0 0 0 0 0 0 0 0 
13720 872 2 0 0 0 0 0 0 0 
13730 884 6 0 0 0 0 0 0 0 
13740 922 3 0 0 0 0 0 0 0 
13750 918 2 0 0 0 0 0 0 0 
13760 910 0 0 0 0 0 0 0 0 
13770 957 0 0 0 0 0 0 0 0 
13780 954 0 0 0 0 0 0 0 0 
13790 979 1 0 0 0 0 0 0 0 
13800 968 2 0 0 0 0 0 0 0 
13810 971 1 0 0 0 0 0 0 0 
13820 982 0 0 0 0 0 0 0 0 
13830 961 0 0 0 0 0 0 0 0 
13840 954 0 0 0 0 0 0 0 0 
13850 984 0 0 0 0 0 0 0 0 
13860 991 0 0 0 0 0 0 0 0 
13870 1033 0 0 0 0 0 0 0 0 
13880 1004 0 0 0 0 0 0 0 0 
13890 1028 0 0 0 0 0 0 0 0 
13900 1040 2 0 0 0 0 0 0 0 
13910 1099 0 0 0 0 0 0 0 0 
13920 1101 0 0 0 0 0 0 0 0 
13930 1105 2 0 0 0 0 0 0 0 
13940 1058 2 0 0 0 0 0 0 0 
13950 1077 3 0 0 0 0 0 0 0 
13960 1096 2 0 0 0 0 0 0 0 
13970 1112 3 0 0 0 0 0 0 0 
13980 1110 5 0 0 0 0 0 0 0 
13990 1121 7 0 0 0 0 0 0 0 
14000 1132 9 0 0 0 0 0 0 0 
14010 1121 6 0 0 0 0 0 0 0 
14020 1095 1 0 0 0 0 0 0 0 
14030 1070 0 0 0 0 0 0 0 0 
14040 1062 0 0 0 0 0 0 0 0 
14050 1071 2 0 0 0 0 0 0 0 
14060 1055 2 0 0 0 0 0 0 0 
14070 1063 3 0 0 0 0 0 0 0 
14080 1076 2 0 0 0 0 0 0 0 
14090 1109 1 0 0 0 0 0 0 0 
14100 1135 1 0 0 0 0 0 0 0 
14110 1105 0 0 0 0 0 0 0 0 
14120 1119 0 0 0 0 0 0 0 0 
14130 1132 0 0 0 0 0 0 0 0 
14140 1111 0 0 0 0 0 0 0 0 
14150 1096 0 0 0 0 0 0 0 0 
14160 1105 0 0 0 0 0 0 0 0 
14170 1113 0 0 0 0 0 0 0 0 
14180 1093 0 0 0 0 0 0 0 0 
14190 1093 0 0 0 0 0 0 0 0 
14200 1072 0 0 0 0 0 0 0 0 
14210 1071 0 0 0 0 0 0 0 0 
14220 1083 0 0 0 0 0 0 0 0 
14230 1111 0 0 0 0 0 0 0 0 
14240 1135 0 0 0 0 0 0 0 0 
14250 1086 0 0 0 0 0 0 0 0 
14260 1080 2 0 0 0 0 0 0 0 
14270 1114 1 0 0 0 0 0 0 0 
14280 1126 1 0 0 0 0 0 0 0 
14290 1143 0 0 0 0 0 0 0 0 
14300 1122 0 0 0 0 0 0 0 0 
14310 1131 2 0 0 0 0 0 0 0 
14320 1147 1 0 0 0 0 0 0 0 
14330 1174 1 0 0 0 0 0 0 0 
14340 1165 0 0 0 0 0 0 0 0 
14350 1194 0 0 0 0 0 0 0 0 
14360 1193 0 0 0 0 0 0 0 0 
14370 1204 2 0 0 0 0 0 0 0 
14380 1225 1 0 0 0 0 0 0 0 
14390 1269 3 0 0 0 0 0 0 0 
14400 1204 2 0 0 0 0 0 0 0 
14410 1197 2 0 0 0 0 0 0 0 
14420 1194 4 0 0 0 0 0 0 0 
14430 1210 2 0 0 0 0 0 0 0 
14440 1206 1 0 0 0 0 0 0 0 
14450 1179 0 0 0 0 0 0 0 0 
14460 1173 0 0 0 0 0 0 0 0 
14470 1201 0 0 0 0 0 0 0 0 
14480 1162 0 0 0 0 0 0 0 0 
14490 1187 2 0 0 0 0 0 0 0 
14500 1192 4 0 0 0 0 0 0 0 
14510 1211 3 0 0 0 0 0 0 0 
14520 1248 1 0 0 0 0 0 0 0 
14530 1262 2 0 0 0 0 0 0 0 
14540 1224 0 0 0 0 0 0 0 0 
14550 1200 0 0 0 0 0 0 0 0 
14560 1197 0 0 0 0 0 0 0 0 
14570 1182 0 0 0 0 0 0 0 0 
14580 1156 0 0 0 0 0 0 0 0 
14590 1159 0 0 0 0 0 0 0 0 
14600 1150 0 0 0 0 0 0 0 0 
14610 1166 0 0 0 0 0 0 0 0 
14620 1169 0 0 0 0 0 0 0 0 
14630 1171 0 0 0 0 0 0 0 0 
14640 1153 0 0 0 0 0 0 0 0 
14650 1182 0 0 0 0 0 0 0 0 
14660 1199 0 0 0 0 0 0 0 0 
14670 1237 0 0 0 0 0 0 0 0 
14680 1257 0 0 0 0 0 0 0 0 
14690 1247 2 0 0 0 0 0 0 0 
14700 1211 2 0 0 0 0 0 0 0 
14710 1276 3 0 0 0 0 0 0 0 
14720 1283 4 0 0 0 0 0 0 0 
14730 1319 3 0 0 0 0 0 0 0 
14740 1357 3 0 0 0 0 0 0 0 
14750 1371 5 0 0 0 0 0 0 0 
14760 1391 0 0 0 0 0 0 0 0 
14770 1399 0 0 0 0 0 0 0 0 
14780 1344 0 0 0 0 0 0 0 0 
14790 1382 0 0 0 0 0 0 0 0 
14800 1378 0 0 0 0 0 0 0 0 
14810 1405 0 0 0 0 0 0 0 0 
14820 1397 0 0 0 0 0 0 0 0 
14830 1371 0 0 0 0 0 0 0 0 
14840 1356 0 0 0 0 0 0 0 0 
14850 1391 0 0 0 0 0 0 0 0 
14860 1397 0 0 0 0 0 0 0 0 
14870 1447 0 0 0 0 0 0 0 0 
14880 1451 0 0 0 0 0 0 0 0 
14890 1453 0 0 0 0 0 0 0 0 
14900 1440 0 0 0 0 0 0 0 0 
14910 1431 1 0 0 0 0 0 0 0 
14920 1434 1 0 0 0 0 0 0 0 
14930 1443 0 0 0 0 0 0 0 0 
14940 1432 0 0 0 0 0 0 0 0 
14950 1427 1 0 0 0 0 0 0 0 
14960 1474 2 0 0 0 0 0 0 0 
14970 1506 1 0 0 0 0 0 0 0 
14980 1463 0 0 0 0 0 0 0 0 
14990 1500 0 0 0 0 0 0 0 0 
15000 1452 0 0 0 0 0 0 0 0 
15010 1462 0 0 0 0 0 0 0 0 
15020 1441 2 0 0 0 0 0 0 0 
15030 1436 0 0 0 0 0 0 0 0 
15040 1457 0 0 0 0 0 0 0 0 
15050 1457 0 0 0 0 0 0 0 0 
15060 1464 2 0 0 0 0 0 0 0 
15070 1486 1 0 0 0 0 0 0 0 
15080 1433 0 0 0 0 0 0 0 0 
15090 1451 0 0 0 0 0 0 0 0 
15100 1360 0 0 0 0 0 0 0 0 
15110 1338 0 0 0 0 0 0 0 0 
15120 1369 0 0 0 0 0 0 0 0 
15130 1409 0 0 0 0 0 0 0 0 
15140 1381 0 0 1 0 0 0 0 0 
15150 1384 0 0 0 0 0 0 0 0 
15160 1418 0 0 0 0 0 0 0 0 
15170 1431 0 0 0 0 0 0 0 0 
15180 1365 1 0 0 0 0 0 0 0 
15190 1394 0 0 0 0 0 0 0 0 
15200 1373 0 0 0 0 0 0 0 0 
15210 1360 0 0 0 0 0 0 0 0 
15220 1287 0 0 0 0 0 0 0 0 
15230 1286 0 0 0 0 0 0 0 0 
15240 1295 0 0 0 0 0 0 0 0 
15250 1342 0 0 0 0 0 0 0 0 
15260 1362 0 0 0 0 0 0 0 0 
15270 1389 0 0 0 0 0 0 0 0 
15280 1425 0 0 0 0 0 0 0 0 
15290 1437 0 0 0 0 0 0 0 0 
15300 1407 0 0 0 0 0 0 0 0 
15310 1406 2 0 0 0 0 0 0 0 
15320 1446 2 0 0 0 0 0 0 0 
15330 1504 0 0 0 0 0 0 0 0 
15340 1489 0 0 0 0 0 0 0 0 
15350 1479 0 0 0 0 0 0 0 0 
15360 1483 0 0 0 0 0 0 0 0 
15370 1498 0 0 0 0 0 0 0 0 
15380 1454 0 0 0 0 0 0 0 0 
15390 1479 0 0 0 0 0 0 0 0 
15400 1488 0 0 0 0 0 0 0 0 
15410 1430 0 0 0 0 0 0 0 0 
15420 1434 0 0 0 0 0 0 0 0 
15430 1429 0 0 0 0 0 0 0 0 
15440 1434 2 0 0 0 0 0 0 0 
15450 1473 0 0 0 0 0 0 0 0 
15460 1432 0 0 0 0 0 0 0 0 
15470 1477 0 0 0 0 0 0 0 0 
15480 1494 1 0 0 0 0 0 0 0 
15490 1446 1 0 0 0 0 0 0 0 
15500 1420 1 0 0 0 0 0 0 0 
15510 1424 2 0 0 0 0 0 0 0 
15520 1412 1 0 0 0 0 0 0 0 
15530 1433 0 0 0 0 0 0 0 0 
15540 1416 0 0 0 0 0 0 0 0 
15550 1412 0 0 0 0 0 0 0 0 
15560 1400 0 0 0 0 0 0 0 0 
15570 1437 0 0 0 0 0 0 0 0 
15580 1468 0 0 0 0 0 0 0 0 
15590 1497 0 0 0 0 0 0 0 0 
15600 1465 0 0 0 0 0 0 0 0 
15610 1499 0 0 0 0 0 0 0 0 
15620 1478 3 0 0 0 0 0 0 0 
15630 1509 6 0 0 0 0 0 0 0 
15640 1477 4 0 1 0 0 0 0 0 
15650 1491 3 0 0 0 0 0 0 0 
15660 1501 3 0 0 0 0 0 0 0 
15670 1518 2 0 0 0 0 0 0 0 
15680 1463 0 0 0 0 0 0 0 0 
15690 1434 0 0 0 0 0 0 0 0 
15700 1381 0 0 0 0 0 0 0 0 
15710 1366 0 0 0 0 0 0 0 0 
15720 1350 2 0 0 0 0 0 0 0 
15730 1352 3 0 0 0 0 0 0 0 
15740 1359 4 0 0 0 0 0 0 0 
15750 1374 4 0 0 0 0 0 0 0 
15760 1346 2 0 0 0 0 0 0 0 
15770 1365 1 0 0 0 0 0 0 0 
15780 1384 0 0 0 0 0 0 0 0 
15790 1389 0 0 0 0 0 0 0 0 
15800 1384 0 0 0 0 0 0 0 0 
15810 1387 1 0 0 0 0 0 0 0 
15820 1377 0 0 0 0 0 0 0 0 
15830 1381 0 0 0 0 0 0 0 0 
15840 1356 2 0 0 0 0 0 0 0 
15850 1348 1 0 0 0 0 0 0 0 
15860 1357 2 0 0 0 0 0 0 0 
15870 1344 1 0 0 0 0 0 0 0 
15880 1338 1 0 0 0 0 0 0 0 
15890 1343 1 0 0 0 0 0 0 0 
15900 1303 2 0 0 0 0 0 0 0 
15910 1346 2 0 0 0 0 0 0 0 
15920 1340 2 0 0 0 0 0 0 0 
15930 1381 1 0 0 0 0 0 0 0 
15940 1350 0 0 0 0 0 0 0 0 
15950 1356 0 0 0 0 0 0 0 0 
15960 1335 1 0 0 0 0 0 0 0 
15970 1384 0 2 0 0 0 0 0 0 
15980 1360 1 1 0 0 0 0 0 0 
15990 1378 0 0 0 0 0 0 0 0 
16000 1317 0 0 0 0 0 0 0 0 
16010 1329 1 0 0 0 0 0 0 0 
16020 1336 3 0 0 0 0 0 0 0 
16030 1380 2 0 0 0 0 0 0 0 
16040 1399 4 0 0 0 0 0 0 0 
16050 1422 8 0 0 0 0 0 0 0 
16060 1401 5 0 0 0 0 0 0 0 
16070 1422 7 0 0 0 0 0 0 0 
16080 1409 4 0 0 0 0 0 0 0 
16090 1434 1 0 0 0 0 0 0 0 
16100 1451 3 0 0 0 0 0 0 0 
16110 1453 3 0 0 0 0 0 0 0 
16120 1477 0 0 0 0 0 0 0 0 
16130 1506 0 0 0 0 0 0 0 0 
16140 1516 2 0 0 0 0 0 0 0 
16150 1562 1 0 0 0 0 0 0 0 
16160 1548 0 0 0 0 0 0 0 0 
16170 1538 2 0 0 0 0 0 0 0 
16180 1506 10 0 0 0 0 0 0 0 
16190 1510 11 0 0 0 0 0 0 0 
16200 1455 12 0 0 0 0 0 0 0 
16210 1481 9 0 0 0 0 0 0 0 
16220 1448 3 0 0 0 0 0 0 0 
16230 1412 6 0 0 0 0 0 0 0 
16240 1377 10 0 0 0 0 0 0 0 
16250 1408 10 0 0 0 0 0 0 0 
16260 1369 6 0 0 0 0 0 0 0 
16270 1387 4 0 0 0 0 0 0 0 
16280 1380 3 0 0 0 0 0 0 0 
16290 1334 2 0 0 0 0 0 0 0 
16300 1340 0 0 0 0 0 0 0 0 
16310 1351 0 0 0 0 0 0 0 0 
16320 1341 0 0 0 0 0 0 0 0 
16330 1377 0 0 0 0 0 0 0 0 
16340 1343 0 0 0 0 0 0 0 0 
16350 1386 0 0 0 0 0 0 0 0 
16360 1352 0 0 0 0 0 0 0 0 
16370 1392 0 0 0 0 0 0 0 0 
16380 1410 0 0 0 0 0 0 0 0 
16390 1394 0 0 0 0 0 0 0 0 
16400 1412 0 0 0 0 0 0 0 0 
16410 1402 0 0 0 0 0 0 0 0 
16420 1415 3 0 0 0 0 0 0 0 
16430 1433 2 0 0 0 0 0 0 0 
16440 1448 4 0 0 0 0 0 0 0 
16450 1454 3 0 0 0 0 0 0 0 
16460 1431 1 0 0 0 0 0 0 0 
16470 1451 1 0 0 0 0 0 0 0 
16480 1418 2 0 0 0 0 0 0 0 
16490 1438 1 0 0 0 0 0 0 0 
16500 1427 0 0 0 0 0 0 0 0 
16510 1456 0 0 0 0 0 0 0 0 
16520 1477 2 0 0 0 0 0 0 0 
16530 1515 2 0 0 0 0 0 0 0 
16540 1542 1 0 0 0 0 0 0 0 
16550 1560 0 0 0 0 0 0 0 0 
16560 1569 0 0 0 0 0 0 0 0 
16570 1561 2 0 0 0 0 0 0 0 
16580 1509 0 0 0 0 0 0 0 0 
16590 1554 0 0 0 0 0 0 0 0 
16600 1490 0 0 0 0 0 0 0 0 
16610 1537 0 0 0 0 0 0 0 0 
16620 1517 0 0 0 0 0 0 0 0 
16630 1534 0 0 0 0 0 0 0 0 
16640 1496 0 0 0 0 0 0 0 0 
16650 1493 0 0 0 0 0 0 0 0 
16660 1482 2 0 0 0 0 0 0 0 
16670 1503 2 0 0 0 0 0 0 0 
16680 1487 0 0 0 0 0 0 0 0 
16690 1475 0 0 0 0 0 0 0 0 
16700 1432 0 0 0 0 0 0 0 0 
16710 1468 0 0 0 0 0 0 0 0 
16720 1461 0 0 0 0 0 0 0 0 
16730 1505 0 0 0 0 0 0 0 0 
16740 1487 0 0 0 0 0 0 0 0 
16750 1476 0 0 0 0 0 0 0 0 
16760 1472 2 0 1 0 0 0 0 0 
16770 1500 4 0 0 0 0 0 0 0 
16780 1487 6 0 0 0 0 0 0 0 
16790 1482 6 0 0 0 0 0 0 0 
16800 1449 8 0 0 0 0 0 0 0 
16810 1487 4 0 0 0 0 0 0 0 
16820 1455 2 0 0 0 0 0 0 0 
16830 1484 3 0 0 0 0 0 0 0 
16840 1475 5 0 0 0 0 0 0 0 
16850 1530 5 0 0 0 0 0 0 0 
16860 1519 7 0 0 0 0 0 0 0 
16870 1544 7 0 0 0 0 0 0 0 
16880 1520 7 0 3 0 0 0 0 0 
16890 1470 8 0 2 0 0 0 0 0 
16900 1489 5 0 2 0 0 0 0 0 
16910 1487 4 0 0 0 0 0 0 0 
16920 1489 2 0 0 0 0 0 0 0 
16930 1479 1 0 0 0 0 0 0 0 
16940 1499 0 0 0 0 0 0 0 0 
16950 1552 0 0 2 0 0 0 0 0 
16960 1529 0 0 0 0 0 0 0 0 
16970 1514 0 0 0 0 0 0 0 0 
16980 1526 1 0 0 0 0 0 0 0 
16990 1512 3 0 0 0 0 0 0 0 
17000 1456 2 0 0 0 0 0 0 0 
17010 1476 3 0 0 0 0 0 0 0 
17020 1443 2 0 0 0 0 0 0 0 
17030 1411 3 0 0 0 0 0 0 0 
17040 1425 1 0 0 0 0 0 0 0 
17050 1398 0 0 0 0 0 0 0 0 
17060 1393 0 0 0 0 0 0 0 0 
17070 1386 0 0 0 0 0 0 0 0 
17080 1382 0 0 0 0 0 0 0 0 
17090 1388 0 0 0 0 0 0 0 0 
17100 1389 1 0 0 0 0 0 0 0 
17110 1437 0 0 0 0 0 0 0 0 
17120 1434 0 0 0 0 0 0 0 0 
17130 1428 0 0 0 0 0 0 0 0 
17140 1444 4 0 0 0 0 0 0 0 
17150 1471 2 0 0 0 0 0 0 0 
17160 1433 0 0 0 0 0 0 0 0 
17170 1453 1 0 0 0 0 0 0 0 
17180 1421 3 0 0 0 0 0 0 0 
17190 1437 2 0 0 0 0 0 0 0 
17200 1414 4 0 0 0 0 0 0 0 
17210 1477 4 0 0 0 0 0 0 0 
17220 1466 4 0 0 0 0 0 0 0 
17230 1463 3 0 0 0 0 0 0 0 
17240 1406 2 0 0 0 0 0 0 0 
17250 1454 2 0 0 0 0 0 0 0 
17260 1478 1 0 0 0 0 0 0 0 
17270 1522 1 0 0 0 0 0 0 0 
17280 1475 0 0 0 0 0 0 0 0 
17290 1458 0 0 0 0 0 0 0 0 
17300 1466 3 0 0 0 0 0 0 0 
17310 1481 1 0 0 0 0 0 0 0 
17320 1468 0 0 0 0 0 0 0 0 
17330 1492 0 0 0 0 0 0 0 0 
17340 1516 0 0 0 0 0 0 0 0 
17350 1514 0 0 1 0 0 0 0 0 
17360 1481 5 0 0 0 0 0 0 0 
17370 1479 5 0 0 0 0 0 0 0 
17380 1458 7 0 0 0 0 0 0 0 
17390 1493 7 0 0 0 0 0 0 0 
17400 1498 10 0 0 0 0 0 0 0 
17410 1521 14 0 0 0 0 0 0 0 
17420 1505 12 0 0 0 0 0 0 0 
17430 1452 9 0 0 0 0 0 0 0 
17440 1460 12 0 0 0 0 0 0 0 
17450 1452 12 0 0 0 0 0 0 0 
17460 1441 13 0 5 0 0 0 0 0 
17470 1454 11 0 3 0 0 0 0 0 
17480 1438 8 0 3 0 0 0 0 0 
17490 1480 11 0 1 0 0 0 0 0 
17500 1437 6 0 1 0 0 0 0 0 
17510 1425 2 0 1 0 0 0 0 0 
17520 1388 2 0 0 0 0 0 0 0 
17530 1432 1 0 0 0 0 0 0 0 
17540 1405 3 0 0 0 0 0 0 0 
17550 1427 1 0 0 0 0 0 0 0 
17560 1439 0 0 0 0 0 0 0 0 
17570 1459 0 0 0 0 0 0 0 0 
17580 1439 0 0 0 0 0 0 0 0 
17590 1408 2 0 0 0 0 0 0 0 
17600 1385 1 0 0 0 0 0 0 0 
17610 1403 1 0 0 0 0 0 0 0 
17620 1370 0 0 0 0 0 0 0 0 
17630 1385 0 0 0 0 0 0 0 0 
17640 1358 2 0 0 0 0 0 0 0 
17650 1372 1 0 0 0 0 0 0 0 
17660 1394 1 0 0 0 0 0 0 0 
17670 1393 0 0 0 0 0 0 0 0 
17680 1359 0 0 0 0 0 0 0 0 
17690 1333 0 0 0 0 0 0 0 0 
17700 1328 0 0 0 0 0 0 0 0 
17710 1378 0 0 0 0 0 0 0 0 
17720 1369 0 0 0 0 0 0 0 0 
17730 1353 2 0 0 0 0 0 0 0 
17740 1355 4 0 0 0 0 0 0 0 
17750 1363 6 0 0 0 0 0 0 0 
17760 1307 5 0 0 0 0 0 0 0 
17770 1304 4 0 0 0 0 0 0 0 
17780 1310 3 0 0 0 0 0 0 0 
17790 1300 1 0 0 0 0 0 0 0 
17800 1308 1 0 0 0 0 0 0 0 
17810 1344 2 0 0 0 0 0 0 0 
17820 1352 2 0 0 0 0 0 0 0 
17830 1367 2 0 0 0 0 0 0 0 
17840 1371 3 0 0 0 0 0 0 0 
17850 1377 4 0 0 0 0 0 0 0 
17860 1352 4 0 0 0 0 0 0 0 
17870 1364 4 0 0 0 0 0 0 0 
17880 1332 2 0 0 0 0 0 0 0 
17890 1355 4 0 0 0 0 0 0 0 
17900 1342 6 0 0 0 0 0 0 0 
17910 1388 8 0 0 0 0 0 0 0 
17920 1384 4 0 0 0 0 0 0 0 
17930 1401 5 0 0 0 0 0 0 0 
17940 1408 6 0 0 0 0 0 0 0 
17950 1410 4 0 0 0 0 0 0 0 
17960 1414 2 0 0 0 0 0 0 0 
17970 1397 2 0 0 0 0 0 0 0 
17980 1350 1 0 0 0 0 0 0 0 
17990 1354 0 0 0 0 0 0 0 0 
18000 1365 0 0 0 0 0 0 0 0 
18010 1345 0 0 0 0 0 0 0 0 
18020 1370 0 0 0 0 0 0 0 0 
18030 1391 0 0 0 0 0 0 0 0 
18040 1387 0 0 0 0 0 0 0 0 
18050 1372 0 0 0 0 0 0 0 0 
18060 1392 0 0 0 0 0 0 0 0 
18070 1420 0 0 0 0 0 0 0 0 
18080 1419 0 0 0 0 0 0 0 0 
18090 1443 0 0 0 0 0 0 0 0 
18100 1412 0 0 0 0 0 0 0 0 
18110 1450 0 0 0 0 0 0 0 0 
18120 1427 0 0 0 0 0 0 0 0 
18130 1460 0 0 0 0 0 0 0 0 
18140 1440 0 0 0 0 0 0 0 0 
18150 1426 0 0 0 0 0 0 0 0 
18160 1463 0 0 0 0 0 0 0 0 
18170 1427 0 0 0 0 0 0 0 0 
18180 1429 0 0 0 0 0 0 0 0 
18190 1471 0 0 0 0 0 0 0 0 
18200 1463 0 0 0 0 0 0 0 0 
18210 1445 0 0 0 0 0 0 0 0 
18220 1444 0 0 0 0 0 0 0 0 
18230 1430 0 0 0 0 0 0 0 0 
18240 1441 0 0 0 0 0 0 0 0 
18250 1399 0 0 0 0 0 0 0 0 
18260 1333 0 0 0 0 0 0 0 0 
18270 1373 0 0 0 0 0 0 0 0 
18280 1331 0 0 0 0 0 0 0 0 
18290 1367 2 0 0 0 0 0 0 0 
18300 1385 3 0 0 0 0 0 0 0 
18310 1386 1 0 0 0 0 0 0 0 
18320 1360 1 0 0 0 0 0 0 0 
18330 1348 2 0 0 0 0 0 0 0 
18340 1345 1 0 0 0 0 0 0 0 
18350 1380 1 0 0 0 0 0 0 0 
18360 1377 0 0 0 0 0 0 0 0 
18370 1351 0 0 0 0 0 0 0 0 
18380 1386 0 0 0 0 0 0 0 0 
18390 1419 0 0 2 0 0 0 0 0 
18400 1410 0 0 1 0 0 0 0 0 
18410 1382 0 0 0 0 0 0 0 0 
18420 1354 0 0 0 0 0 0 0 0 
18430 1368 0 0 3 0 0 0 0 0 
18440 1371 0 0 2 0 0 0 0 0 
18450 1362 0 0 0 0 0 0 0 0 
18460 1346 0 0 0 0 0 0 0 0 
18470 1338 0 0 1 0 0 0 0 0 
18480 1368 2 0 0 0 0 0 0 0 
18490 1385 1 0 0 0 0 0 0 0 
18500 1381 3 0 0 0 0 0 0 0 
18510 1392 1 0 0 0 0 0 0 0 
18520 1414 6 0 2 0 0 0 0 0 
18530 1436 3 0 4 0 0 0 0 0 
18540 1444 2 0 2 0 0 0 0 0 
18550 1463 3 0 1 0 0 0 0 0 
18560 1411 0 0 4 0 0 0 0 0 
18570 1455 0 0 3 0 0 0 0 0 
18580 1470 0 0 1 0 0 0 0 0 
18590 1490 0 0 1 0 0 0 0 0 
18600 1487 0 0 1 0 0 0 0 0 
18610 1447 0 0 0 0 0 0 0 0 
18620 1489 0 0 0 0 2 0 0 0 
18630 1504 0 0 0 0 0 0 0 0 
18640 1462 0 0 0 0 0 0 0 0 
18650 1452 0 0 0 0 0 0 0 0 
18660 1507 0 0 0 0 0 0 0 0 
18670 1529 0 0 0 0 3 0 0 0 
18680 1479 0 0 0 0 6 0 0 0 
18690 1497 0 0 0 0 3 0 0 0 
18700 1457 2 0 0 0 2 0 0 0 
18710 1458 3 0 0 0 2 0 0 0 
18720 1497 1 0 0 0 2 0 0 0 
18730 1489 2 0 0 0 1 0 0 0 
18740 1518 2 0 0 0 1 0 0 0 
18750 1499 1 0 0 0 1 0 0 0 
18760 1449 2 0 0 0 0 0 0 0 
18770 1498 3 0 0 0 0 0 0 0 
18780 1466 1 0 0 0 0 0 0 0 
18790 1472 0 0 0 0 0 0 0 0 
18800 1426 0 0 0 0 0 0 0 0 
18810 1469 1 0 0 0 0 0 0 0 
18820 1461 0 0 0 0 0 0 0 0 
18830 1498 3 0 0 0 0 0 0 0 
18840 1488 2 0 0 0 0 0 0 0 
18850 1522 5 0 0 0 0 0 0 0 
18860 1475 6 0 0 0 0 0 0 0 
18870 1481 4 0 0 0 0 0 0 0 
18880 1491 3 0 0 0 0 0 0 0 
18890 1408 3 0 0 0 0 0 0 0 
18900 1408 3 0 0 0 0 0 0 0 
18910 1443 5 0 0 0 0 0 0 0 
18920 1459 1 0 1 0 0 0 0 0 
18930 1474 2 0 1 0 0 0 0 0 
18940 1423 2 0 0 0 0 0 0 0 
18950 1409 1 0 0 0 0 0 0 0 
18960 1390 0 0 0 0 0 0 0 0 
18970 1379 2 0 0 0 0 0 0 0 
18980 1361 0 0 0 0 0 0 0 0 
18990 1400 0 0 0 0 0 0 0 0 
19000 1356 0 0 0 0 0 0 0 0 
19010 1377 0 0 0 0 0 0 0 0 
19020 1360 0 0 0 0 0 0 0 0 
19030 1400 2 0 2 0 0 0 0 0 
19040 1385 2 0 2 0 0 0 0 0 
19050 1418 0 0 1 0 0 0 0 0 
19060 1417 0 0 0 0 0 0 0 0 
19070 1445 2 0 0 0 0 0 0 0 
19080 1435 0 0 0 0 0 0 0 0 
19090 1386 0 0 0 0 0 0 0 0 
19100 1382 0 0 0 0 0 0 0 0 
19110 1431 0 0 0 0 0 0 0 0 
19120 1415 2 0 0 0 2 0 0 0 
19130 1410 1 0 0 0 0 0 0 0 
19140 1387 1 0 0 0 0 0 0 0 
19150 1387 1 0 0 0 0 0 0 0 
19160 1407 0 0 0 0 0 0 0 0 
19170 1438 0 0 0 0 0 0 0 0 
19180 1399 0 0 0 0 0 0 0 0 
19190 1426 0 0 0 0 0 0 0 0 
19200 1442 0 0 0 0 0 0 0 0 
19210 1487 0 0 0 0 0 0 0 0 
19220 1499 0 0 0 0 0 0 0 0 
19230 1487 0 0 0 0 0 0 0 0 
19240 1508 0 0 0 0 0 0 0 0 
19250 1471 0 0 0 0 0 0 0 0 
19260 1456 0 0 0 0 0 0 0 0 
19270 1502 0 0 0 0 0 0 0 0 
19280 1454 0 0 0 0 0 0 0 0 
19290 1472 0 0 0 0 0 0 0 0 
19300 1447 0 0 0 0 0 0 0 0 
19310 1509 0 0 0 0 0 0 0 0 
19320 1491 0 0 0 0 0 0 0 0 
19330 1526 0 0 0 0 0 0 0 0 
19340 1538 0 0 0 0 0 0 0 0 
19350 1544 0 0 0 0 0 0 0 0 
19360 1525 0 0 0 0 0 0 0 0 
19370 1543 0 0 0 0 0 0 0 0 
19380 1500 0 0 0 0 0 0 0 0 
19390 1524 0 0 0 0 0 0 0 0 
19400 1504 2 0 0 0 0 0 0 0 
19410 1493 1 0 0 0 0 0 0 0 
19420 1513 1 0 0 0 0 0 0 0 
19430 1534 0 0 0 0 0 0 0 0 
19440 1503 0 0 0 0 0 0 0 0 
19450 1573 0 0 0 0 0 0 0 0 
19460 1538 2 0 0 0 0 0 0 0 
19470 1572 0 0 0 0 0 0 0 0 
19480 1561 0 0 0 0 0 0 0 0 
19490 1539 3 0 0 0 0 0 0 0 
19500 1494 4 0 0 0 0 0 0 0 
19510 1560 5 0 0 0 0 0 0 0 
19520 1505 4 0 0 0 0 0 0 0 
19530 1515 2 0 0 0 0 0 0 0 
19540 1474 2 0 0 0 0 0 0 0 
19550 1478 2 0 0 0 0 0 0 0 
19560 1466 1 0 0 0 0 0 0 0 
19570 1488 1 0 0 0 0 0 0 0 
19580 1505 1 0 0 0 0 0 0 0 
19590 1530 1 0 0 0 0 0 0 0 
19600 1473 0 0 0 0 0 0 0 0 
19610 1467 2 0 0 0 0 0 0 0 
19620 1457 3 0 0 0 0 0 0 0 
19630 1497 4 0 0 0 0 0 0 0 
19640 1439 4 0 0 0 0 0 0 0 
19650 1430 6 0 0 0 0 0 0 0 
19660 1398 8 0 0 0 0 0 0 0 
19670 1447 6 0 0 0 0 0 0 0 
19680 1439 5 0 0 0 0 0 0 0 
19690 1417 3 0 0 0 0 0 0 0 
19700 1431 4 0 0 0 0 0 0 0 
19710 1464 7 0 0 0 0 0 0 0 
19720 1504 6 0 0 0 0 0 0 0 
19730 1499 10 0 0 0 0 0 0 0 
19740 1504 9 0 0 0 0 0 0 0 
19750 1523 10 0 0 0 0 0 0 0 
19760 1556 9 0 0 0 0 0 0 0 
19770 1558 7 0 0 0 0 0 0 0 
19780 1562 10 0 0 0 0 0 0 0 
19790 1523 2 0 0 0 0 0 0 0 
19800 1498 2 0 0 0 0 0 0 0 
19810 1506 2 0 0 0 0 0 0 0 
19820 1464 5 0 0 0 0 0 0 0 
19830 1503 4 0 0 0 0 0 0 0 
19840 1513 5 0 0 0 0 0 0 0 
19850 1557 4 0 0 0 0 0 0 0 
19860 1541 3 0 0 0 0 0 0 0 
19870 1510 3 0 0 0 0 0 0 0 
19880 1464 3 0 0 0 0 0 0 0 
19890 1514 5 0 0 0 0 0 0 0 
19900 1464 4 0 0 0 0 0 0 0 
19910 1460 5 0 0 0 0 0 0 0 
19920 1433 7 0 0 0 0 0 0 0 
19930 1420 8 0 0 0 0 0 0 0 
19940 1394 5 0 0 0 0 0 0 0 
19950 1469 2 0 0 0 0 0 0 0 
19960 1461 3 0 0 0 0 0 0 0 
19970 1459 2 0 0 0 0 0 0 0 
19980 1459 3 0 0 0 0 0 0 0 
19990 1483 2 0 0 0 0 0 0 0 
20000 1478 0 0 0 0 0 0 0 0 
20010 1483 0 0 0 0 0 0 0 0 
20020 1489 0 0 0 0 0 0 0 0 
20030 1505 0 0 0 0 0 0 0 0 
20040 1497 0 0 0 0 0 0 0 0 
20050 1534 0 0 0 0 0 0 0 0 
20060 1448 0 0 0 0 0 0 0 0 
20070 1489 0 0 0 0 0 0 0 0 
20080 1475 1 0 0 0 0 0 0 0 
20090 1523 1 0 0 0 0 0 0 0 
20100 1511 0 0 0 0 0 0 0 0 
20110 1471 0 0 0 0 0 0 0 0 
20120 1449 0 0 0 0 0 0 0 0 
20130 1422 0 0 0 0 0 0 0 0 
20140 1402 0 0 0 0 0 0 0 0 
20150 1459 0 0 0 0 0 0 0 0 
20160 1407 0 0 0 0 0 0 0 0 
20170 1419 0 0 0 0 0 0 0 0 
20180 1394 0 0 0 0 0 0 0 0 
20190 1441 0 0 0 0 0 0 0 0 
20200 1415 0 0 0 0 0 0 0 0 
20210 1398 0 0 0 0 0 0 0 0 
20220 1359 0 0 0 0 0 0 0 0 
20230 1396 0 0 0 0 0 0 0 0 
20240 1358 0 0 0 0 0 0 0 0 
20250 1378 0 0 0 0 0 0 0 0 
20260 1368 0 0 0 0 0 0 0 0 
20270 1344 0 0 0 0 0 0 0 0 
20280 1332 0 0 0 0 0 0 0 0 
20290 1335 0 0 0 0 0 0 0 0 
20300 1330 0 0 0 0 0 0 0 0 
20310 1403 0 0 0 0 0 0 0 0 
20320 1444 2 0 0 0 0 0 0 0 
20330 1467 1 0 0 0 0 0 0 0 
20340 1475 1 0 0 0 0 0 0 0 
20350 1528 1 0 0 0 0 0 0 0 
20360 1502 2 0 0 0 0 0 0 0 
20370 1549 2 0 0 0 0 0 0 0 
20380 1529 1 0 0 0 0 0 0 0 
20390 1501 1 0 0 0 0 0 0 0 
20400 1517 1 0 0 0 0 0 0 0 
20410 1491 1 0 0 0 0 0 0 0 
20420 1518 0 0 0 0 0 0 0 0 
20430 1509 0 0 0 0 0 0 0 0 
20440 1509 0 0 0 0 0 0 0 0 
20450 1457 0 0 0 0 0 0 0 0 
20460 1460 0 0 0 0 0 0 0 0 
20470 1465 0 0 0 0 0 0 0 0 
20480 1471 0 0 0 0 0 0 0 0 
20490 1463 0 0 0 0 0 0 0 0 
20500 1423 0 0 0 0 0 0 0 0 
20510 1433 0 0 0 0 0 0 0 0 
20520 1401 0 0 0 0 0 0 0 0 
20530 1453 2 0 0 0 0 0 0 0 
20540 1437 2 0 0 0 0 0 0 0 
20550 1473 0 0 0 0 0 0 0 0 
20560 1420 0 0 0 0 0 0 0 0 
20570 1444 0 0 0 0 0 0 0 0 
20580 1413 0 0 0 0 0 0 0 0 
20590 1412 0 0 0 0 0 0 0 0 
20600 1364 0 0 0 0 0 0 0 0 
20610 1383 0 0 0 0 0 0 0 0 
20620 1356 0 0 0 0 0 0 0 0 
20630 1332 0 0 0 0 0 0 0 0 
20640 1322 0 0 0 0 0 0 0 0 
20650 1388 0 0 0 0 0 0 0 0 
20660 1415 0 0 0 0 0 0 0 0 
20670 1411 0 0 0 0 0 0 0 0 
20680 1395 0 0 0 0 0 0 0 0 
20690 1424 0 0 0 0 0 0 0 0 
20700 1439 0 0 0 0 0 0 0 0 
20710 1468 0 0 0 0 0 0 0 0 
20720 1465 0 0 0 0 0 0 0 0 
20730 1477 0 0 0 0 0 0 0 0 
20740 1500 0 0 0 0 0 0 0 0 
20750 1514 0 0 0 0 0 0 0 0 
20760 1497 0 0 0 0 0 0 0 0 
20770 1482 0 0 0 0 0 0 0 0 
20780 1470 0 0 0 0 0 0 0 0 
20790 1485 2 0 0 0 0 0 0 0 
20800 1406 5 0 0 0 0 0 0 0 
20810 1424 2 0 0 0 0 0 0 0 
20820 1406 3 0 0 0 0 0 0 0 
20830 1444 2 0 0 0 0 0 0 0 
20840 1422 0 0 0 0 0 0 0 0 
20850 1437 0 0 0 0 0 0 0 0 
20860 1404 0 0 0 0 0 0 0 0 
20870 1402 0 0 0 0 0 0 0 0 
20880 1423 0 0 0 0 0 0 0 0 
20890 1413 0 0 0 0 0 0 0 0 
20900 1456 0 0 0 0 0 0 0 0 
20910 1454 0 0 0 0 0 0 0 0 
20920 1390 0 0 1 0 0 0 0 0 
20930 1390 0 0 0 0 0 0 0 0 
20940 1410 0 0 0 0 0 0 0 0 
20950 1423 3 0 0 0 0 0 0 0 
20960 1370 4 0 0 0 0 0 0 0 
20970 1386 5 0 0 0 0 0 0 0 
20980 1361 11 0 0 0 0 0 0 0 
20990 1389 13 0 0 0 0 0 0 0 
21000 1419 10 0 0 0 0 0 0 0 
21010 1423 9 0 0 0 0 0 0 0 
21020 1452 4 0 0 0 0 0 0 0 
21030 1399 3 0 0 0 0 0 0 0 
21040 1360 1 0 0 0 0 0 0 0 
21050 1345 2 0 0 0 0 0 0 0 
21060 1338 3 0 0 0 0 0 0 0 
21070 1322 4 0 2 0 0 0 0 0 
21080 1310 6 0 5 0 0 0 0 0 
21090 1365 4 0 4 0 0 0 0 0 
21100 1384 5 0 2 0 0 0 0 0 
21110 1422 2 0 1 0 0 0 0 0 
21120 1378 0 0 1 0 0 0 0 0 
21130 1391 0 0 1 0 0 0 0 0 
21140 1365 0 0 0 0 0 0 0 0 
21150 1397 0 0 0 0 0 0 0 0 
21160 1382 0 0 0 0 0 0 0 0 
21170 1388 0 0 0 0 0 0 0 0 
21180 1279 0 0 0 0 0 0 0 0 
21190 1308 2 0 0 0 0 0 0 0 
21200 1339 3 0 0 0 0 0 0 0 
21210 1325 2 0 0 0 0 0 0 0 
21220 1301 2 0 0 0 0 0 0 0 
21230 1347 4 0 0 0 0 0 0 0 
21240 1332 2 0 0 0 0 0 0 0 
21250 1335 8 0 0 0 0 0 0 0 
21260 1374 7 0 0 0 0 0 0 0 
21270 1415 2 0 0 0 0 0 0 0 
21280 1403 5 0 0 0 0 0 0 0 
21290 1390 8 0 0 0 0 0 0 0 
21300 1375 8 0 0 0 0 0 0 0 
21310 1387 5 0 0 0 0 0 0 0 
21320 1333 3 0 0 0 0 0 0 0 
21330 1350 3 0 0 0 0 0 0 0 
21340 1315 2 0 0 0 0 0 0 0 
21350 1331 4 0 0 0 0 0 0 0 
21360 1289 1 0 0 0 0 0 0 0 
21370 1285 0 0 0 0 0 0 0 0 
21380 1276 0 0 0 0 0 0 0 0 
21390 1274 0 0 0 0 0 0 0 0 
21400 1239 0 0 0 0 0 0 0 0 
21410 1236 0 0 0 0 0 0 0 0 
21420 1220 0 0 0 0 0 0 0 0 
21430 1248 0 0 0 0 0 0 0 0 
21440 1226 0 0 0 0 0 0 0 0 
21450 1241 0 0 0 0 0 0 0 0 
21460 1261 4 0 0 0 0 0 0 0 
21470 1264 1 0 0 0 0 0 0 0 
21480 1255 6 0 0 0 0 0 0 0 
21490 1279 6 0 0 0 0 0 0 0 
21500 1308 9 0 0 0 0 0 0 0 
21510 1349 6 0 0 0 0 0 0 0 
21520 1343 8 0 0 0 0 0 0 0 
21530 1392 4 0 0 0 0 0 0 0 
21540 1360 3 0 0 0 0 0 0 0 
21550 1365 1 0 0 0 0 0 0 0 
21560 1372 0 0 0 0 0 0 0 0 
21570 1401 0 0 0 0 0 0 0 0 
21580 1407 1 0 0 0 0 0 0 0 
21590 1409 1 0 0 0 0 0 0 0 
21600 1385 0 0 0 0 0 0 0 0 
21610 1351 0 0 0 0 0 0 0 0 
21620 1322 2 0 0 0 0 0 0 0 
21630 1343 3 0 0 0 0 0 0 0 
21640 1379 2 0 0 0 0 0 0 0 
21650 1407 3 0 0 0 0 0 0 0 
21660 1398 4 0 0 0 0 0 0 0 
21670 1438 2 0 0 0 0 0 0 0 
21680 1439 4 0 0 0 0 0 0 0 
21690 1453 5 0 0 0 0 0 0 0 
21700 1427 1 0 0 0 0 0 0 0 
21710 1425 4 0 0 0 0 0 0 0 
21720 1434 5 0 0 0 0 0 0 0 
21730 1479 6 0 0 0 0 0 0 0 
21740 1430 4 0 0 0 0 0 0 0 
21750 1438 5 0 0 0 0 0 0 0 
21760 1440 6 0 0 0 0 0 0 0 
21770 1394 8 0 0 0 0 0 0 0 
21780 1412 6 0 0 0 0 0 0 0 
21790 1448 4 0 0 0 0 0 0 0 
21800 1449 3 0 0 0 0 0 0 0 
21810 1482 2 0 0 0 0 0 0 0 
21820 1467 3 0 0 0 0 0 0 0 
21830 1498 6 0 0 0 0 0 0 0 
21840 1464 2 0 0 0 0 0 0 0 
21850 1470 1 0 0 0 0 0 0 0 
21860 1435 1 0 0 0 0 0 0 0 
21870 1436 4 0 42 0 0 0 0 0 
21880 1365 7 0 36 0 0 0 0 0 
21890 1284 8 0 30 0 0 0 0 0 
21900 1188 6 0 20 0 0 0 0 0 
21910 1093 5 0 14 0 0 0 0 0 
21920 1044 5 0 8 0 0 0 0 0 
21930 985 5 0 6 0 0 0 0 0 
21940 925 7 0 6 0 0 0 0 0 
21950 863 4 0 4 0 0 0 0 0 
21960 804 1 0 2 0 0 0 0 0 
21970 736 2 0 2 0 0 0 0 0 
21980 694 2 0 2 0 0 0 0 0 
21990 671 4 0 0 0 0 0 0 0 
22000 607 10 0 0 0 0 0 0 0 
22010 580 2 0 0 0 0 0 0 0 
22020 521 5 0 0 0 0 0 0 0 
22030 498 3 0 0 0 0 0 0 0 
22040 460 2 0 0 0 0 0 0 0 
22050 452 0 0 0 0 0 0 0 0 
22060 453 3 0 0 0 0 0 0 0 
22070 418 3 0 0 0 0 0 0 0 
22080 435 2 0 0 0 0 0 0 0 
22090 414 2 0 0 0 0 0 0 0 
22100 428 1 0 0 0 0 0 0 0 
22110 417 2 0 0 0 0 0 0 0 
22120 422 3 0 0 0 0 0 0 0 
22130 413 3 0 0 0 0 0 0 0 
22140 409 3 0 0 0 0 0 0 0 
22150 410 1 0 0 0 0 0 0 0 
22160 366 2 0 0 0 0 0 0 0 
22170 325 2 0 0 0 0 0 0 0 
22180 324 0 0 0 0 0 0 0 0 
22190 305 0 0 0 0 0 0 0 0 
22200 305 0 0 0 0 0 0 0 0 
22210 310 0 0 0 0 0 0 0 0 
22220 305 0 0 0 0 0 0 0 0 
22230 266 0 0 0 0 0 0 0 0 
22240 252 2 0 0 0 0 0 0 0 
22250 242 3 0 0 0 0 0 0 0 
22260 254 3 0 0 0 0 0 0 0 
22270 229 4 0 0 0 0 0 0 0 
22280 236 4 0 0 0 0 0 0 0 
22290 258 3 0 0 0 0 0 0 0 
22300 280 2 0 0 0 0 0 0 0 
22310 251 0 0 0 0 0 0 0 0 
22320 274 3 0 0 0 0 0 0 0 
22330 275 6 0 0 0 0 0 0 0 
22340 298 7 0 0 0 0 0 0 0 
22350 309 6 0 0 0 0 0 0 0 
22360 317 3 0 0 0 0 0 0 0 
22370 336 4 0 0 0 0 0 0 0 
22380 387 5 0 0 0 0 0 0 0 
22390 382 2 0 0 0 0 0 0 0 
22400 418 3 0 0 0 0 0 0 0 
22410 414 4 0 0 0 0 0 0 0 
22420 431 5 0 0 0 0 0 0 0 
22430 434 5 0 0 0 0 0 0 0 
22440 438 3 0 0 0 0 0 0 0 
22450 434 2 0 0 0 0 0 0 0 
22460 444 2 0 0 0 0 0 0 0 
22470 451 3 0 0 0 0 0 0 0 
22480 464 3 0 0 0 0 0 0 0 
22490 446 2 0 0 0 0 0 0 0 
22500 481 1 0 0 0 0 0 0 0 
22510 459 4 0 0 0 0 0 0 0 
22520 471 2 0 0 0 0 0 0 0 
22530 485 2 0 0 0 0 0 0 0 
22540 523 1 0 0 0 0 0 0 0 
22550 526 4 0 0 0 0 0 0 0 
22560 543 3 0 0 0 0 0 0 0 
22570 537 2 0 0 0 0 0 0 0 
22580 566 2 0 0 0 0 0 0 0 
22590 600 1 0 0 0 0 0 0 0 
22600 638 0 0 0 0 0 0 0 0 
22610 655 0 0 0 0 0 0 0 0 
22620 699 2 0 0 0 0 0 0 0 
22630 721 0 0 0 0 0 0 0 0 
22640 750 0 0 0 0 0 0 0 0 
22650 767 0 0 0 0 0 0 0 0 
22660 785 2 0 0 0 0 0 0 0 
22670 779 0 0 0 0 0 0 0 0 
22680 798 1 0 0 0 0 0 0 0 
22690 817 3 0 0 0 0 0 0 0 
22700 815 1 0 0 0 0 0 0 0 
22710 815 1 0 0 0 0 0 0 0 
22720 845 3 0 0 0 0 0 0 0 
22730 826 3 0 0 0 0 0 0 0 
22740 866 2 0 0 0 0 0 0 0 
22750 898 2 0 0 0 0 0 0 0 
22760 881 1 0 0 0 0 0 0 0 
22770 854 1 0 0 0 0 0 0 0 
22780 858 1 0 0 0 0 0 0 0 
22790 889 3 0 0 0 0 0 0 0 
22800 937 1 0 0 0 0 0 0 0 
22810 983 1 0 0 0 0 0 0 0 
22820 1000 1 0 0 0 0 0 0 0 
22830 1013 1 0 0 0 0 0 0 0 
22840 1016 1 0 0 0 0 0 0 0 
22850 1061 0 0 0 0 0 0 0 0 
22860 1001 0 0 0 0 0 0 0 0 
22870 1007 0 0 0 0 0 0 0 0 
22880 1029 0 0 0 0 0 0 0 0 
22890 1063 0 0 0 0 0 0 0 0 
22900 1053 2 0 0 0 0 0 0 0 
22910 1020 4 0 0 0 0 0 0 0 
22920 1025 0 0 0 0 0 0 0 0 
22930 1032 0 0 0 0 0 0 0 0 
22940 1024 0 0 0 0 0 0 0 0 
22950 1052 2 0 0 0 0 0 0 0 
22960 1040 0 0 0 0 0 0 0 0 
22970 1056 0 0 0 0 0 0 0 0 
22980 1106 1 0 0 0 0 0 0 0 
22990 1137 0 0 0 0 0 0 0 0 
23000 1130 2 0 0 0 0 0 0 0 
23010 1117 2 0 0 0 0 0 0 0 
23020 1121 1 0 0 0 0 0 0 0 
23030 1115 2 0 0 0 1 0 0 0 
23040 1149 2 0 0 0 1 0 0 0 
23050 1112 3 0 0 0 0 0 0 0 
23060 1137 4 0 0 0 0 0 0 0 
23070 1118 5 0 0 0 0 0 0 0 
23080 1124 4 0 0 0 0 0 0 0 
23090 1151 1 0 0 0 0 0 0 0 
23100 1169 0 0 0 0 0 0 0 0 
23110 1180 0 0 0 0 0 0 0 0 
23120 1133 4 0 0 0 0 0 0 0 
23130 1140 4 0 0 0 0 0 0 0 
23140 1157 8 0 0 0 0 0 0 0 
23150 1208 6 0 0 0 0 0 0 0 
23160 1217 4 0 0 0 0 0 0 0 
23170 1220 5 0 0 0 0 0 0 0 
23180 1224 5 0 0 0 0 0 0 0 
23190 1197 6 0 0 0 0 0 0 0 
23200 1243 6 0 0 0 0 0 0 0 
23210 1265 5 0 0 0 0 0 0 0 
23220 1257 5 0 0 0 0 0 0 0 
23230 1304 5 0 0 0 0 0 0 0 
23240 1311 7 0 0 0 0 0 0 0 
23250 1359 7 0 1 0 0 0 0 0 
23260 1370 6 0 1 0 0 0 0 0 
23270 1408 11 0 1 0 0 0 0 0 
23280 1405 7 0 0 0 0 0 0 0 
23290 1385 8 0 0 0 0 0 0 0 
23300 1359 8 0 0 0 0 0 0 0 
23310 1394 8 0 0 0 0 0 0 0 
23320 1378 5 0 0 0 0 0 0 0 
23330 1357 6 0 0 0 0 0 0 0 
23340 1303 4 0 0 0 0 0 0 0 
23350 1302 3 0 0 0 0 0 0 0 
23360 1251 4 0 0 0 0 0 0 0 
23370 1250 0 0 0 0 0 0 0 0 
23380 1264 0 0 0 0 0 0 0 0 
23390 1261 1 0 0 0 0 0 0 0 
23400 1225 1 0 0 0 0 0 0 0 
23410 1248 4 0 0 0 0 0 0 0 
23420 1261 3 0 0 0 0 0 0 0 
23430 1309 5 0 0 0 0 0 0 0 
23440 1312 0 0 0 0 0 0 0 0 
23450 1323 0 0 0 0 0 0 0 0 
23460 1361 2 0 0 0 0 0 0 0 
23470 1386 4 0 0 0 0 0 0 0 
23480 1386 2 0 1 0 0 0 0 0 
23490 1366 0 0 0 0 0 0 0 0 
23500 1371 6 0 0 0 0 0 0 0 
23510 1384 4 0 0 0 0 0 0 0 
23520 1332 4 0 0 0 0 0 0 0 
23530 1353 1 0 1 0 0 0 0 0 
23540 1351 3 0 0 0 0 0 0 0 
23550 1333 5 0 0 0 0 0 0 0 
23560 1377 4 0 0 0 0 0 0 0 
23570 1397 6 0 0 0 0 0 0 0 
23580 1415 5 0 0 0 0 0 0 0 
23590 1458 4 0 0 0 0 0 0 0 
23600 1445 8 0 0 0 0 0 0 0 
23610 1459 6 0 0 0 0 0 0 0 
23620 1424 8 0 0 0 0 0 0 0 
23630 1428 8 0 0 0 0 0 0 0 
23640 1424 8 0 0 0 0 0 0 0 
23650 1431 11 0 0 0 0 0 0 0 
23660 1414 5 0 0 0 0 0 0 0 
23670 1378 4 0 0 0 0 0 0 0 
23680 1344 6 0 0 0 0 0 0 0 
23690 1295 5 0 0 0 0 0 0 0 
23700 1299 6 0 0 0 0 0 0 0 
23710 1293 7 0 0 0 0 0 0 0 
23720 1274 5 0 0 0 0 0 0 0 
23730 1251 4 0 0 0 0 0 0 0 
23740 1223 2 0 0 0 0 0 0 0 
23750 1238 1 0 0 0 0 0 0 0 
23760 1238 4 0 0 0 0 0 0 0 
23770 1256 6 0 0 0 0 0 0 0 
23780 1252 1 0 0 0 0 0 0 0 
23790 1245 2 0 2 0 0 0 0 0 
23800 1280 4 0 2 0 0 0 0 0 
23810 1266 4 0 0 0 0 0 0 0 
23820 1294 3 0 0 0 0 0 0 0 
23830 1297 3 0 0 0 0 0 0 0 
23840 1293 1 0 0 0 0 0 0 0 
23850 1290 0 0 0 0 0 0 0 0 
23860 1259 1 0 0 0 0 0 0 0 
23870 1236 1 0 3 0 0 0 0 0 
23880 1227 0 0 2 0 0 0 0 0 
23890 1265 0 0 1 0 0 0 0 0 
23900 1209 2 0 2 0 0 0 0 0 
23910 1219 3 0 1 0 0 0 0 0 
23920 1248 2 0 0 0 0 0 0 0 
23930 1258 8 0 0 0 0 0 0 0 
23940 1283 8 0 0 0 0 0 0 0 
23950 1261 5 0 0 0 0 0 0 0 
23960 1241 7 0 0 0 0 0 0 0 
23970 1217 14 0 0 0 0 0 0 0 
23980 1236 10 0 0 0 0 0 0 0 
23990 1270 7 0 0 0 0 0 0 0 
24000 1269 10 0 2 0 0 0 0 0 
24010 1242 7 0 1 0 0 0 0 0 
24020 1271 7 0 1 0 0 0 0 0 
24030 1286 11 0 1 0 0 0 0 0 
24040 1305 13 0 1 0 0 0 0 0 
24050 1300 18 0 1 0 0 0 0 0 
24060 1295 19 0 0 0 0 0 0 0 
24070 1306 26 0 1 0 0 0 0 0 
24080 1310 20 0 2 0 0 0 0 0 
24090 1317 29 0 2 0 0 0 0 0 
24100 1374 20 0 1 0 0 0 0 0 
24110 1368 13 0 1 0 0 0 0 0 
24120 1387 9 0 1 0 0 0 0 0 
24130 1371 7 0 0 0 0 0 0 0 
24140 1365 7 0 0 0 0 0 0 0 
24150 1419 7 0 0 0 0 0 0 0 
24160 1402 10 0 0 0 0 0 0 0 
24170 1372 8 0 0 0 0 0 0 0 
24180 1368 5 0 0 0 0 0 0 0 
24190 1398 6 0 0 0 0 0 0 0 
24200 1359 5 0 0 0 0 0 0 0 
24210 1356 3 0 0 0 0 0 0 0 
24220 1350 7 0 0 0 0 0 0 0 
24230 1400 10 0 0 0 0 0 0 0 
24240 1407 9 0 0 0 0 0 0 0 
24250 1412 8 0 2 0 0 0 0 0 
24260 1396 2 0 0 0 0 0 0 0 
24270 1374 2 0 0 0 0 0 0 0 
24280 1360 5 0 0 0 0 0 0 0 
24290 1390 3 0 0 0 0 0 0 0 
24300 1333 3 0 0 0 0 0 0 0 
24310 1362 3 0 0 0 0 0 0 0 
24320 1376 1 0 0 0 0 0 0 0 
24330 1359 3 0 0 0 0 0 0 0 
24340 1358 7 0 0 0 0 0 0 0 
24350 1336 8 0 0 0 0 0 0 0 
24360 1315 6 0 0 0 0 0 0 0 
24370 1347 3 0 0 0 0 0 0 0 
24380 1333 6 0 0 0 18 0 0 0 
24390 1353 4 0 0 0 8 0 0 0 
24400 1326 8 0 0 0 3 0 0 0 
24410 1360 3 0 0 0 3 0 0 0 
24420 1364 2 0 0 0 2 0 0 0 
24430 1359 4 0 0 0 1 0 0 0 
24440 1365 5 0 0 0 0 0 0 0 
24450 1352 2 0 0 0 0 0 0 0 
24460 1369 3 0 0 0 0 0 0 0 
24470 1379 2 0 0 0 0 0 0 0 
24480 1357 5 0 0 0 0 0 0 0 
24490 1366 7 0 0 0 0 0 0 0 
24500 1349 7 0 0 0 0 0 0 0 
24510 1347 7 0 0 0 0 0 0 0 
24520 1380 6 0 0 0 0 0 0 0 
24530 1444 9 0 0 0 0 0 0 0 
24540 1422 9 0 0 0 0 0 0 0 
24550 1410 7 0 0 0 0 0 0 0 
24560 1377 6 0 0 0 0 0 0 0 
24570 1392 8 0 0 0 0 0 0 0 
24580 1375 8 0 0 0 0 0 0 0 
24590 1398 6 0 0 0 0 0 0 0 
24600 1372 7 0 0 0 0 0 0 0 
24610 1402 7 0 0 0 0 0 0 0 
24620 1417 4 0 0 0 0 0 0 0 
24630 1472 4 0 0 0 0 0 0 0 
24640 1455 6 0 0 0 0 0 0 0 
24650 1526 3 0 0 0 0 0 0 0 
24660 1523 2 0 0 0 0 0 0 0 
24670 1496 3 0 0 0 0 0 0 0 
24680 1505 2 0 0 0 0 0 0 0 
24690 1503 2 0 0 0 0 0 0 0 
24700 1458 4 0 0 0 0 0 0 0 
24710 1476 5 0 0 0 0 0 0 0 
24720 1436 6 0 0 0 0 0 0 0 
24730 1463 8 0 0 0 0 0 0 0 
24740 1445 6 0 0 0 0 0 0 0 
24750 1438 8 0 2 0 0 0 0 0 
24760 1420 7 0 2 0 0 0 0 0 
24770 1417 4 0 1 0 0 0 0 0 
24780 1369 3 0 1 0 0 0 0 0 
24790 1382 5 0 0 0 0 0 0 0 
24800 1377 4 0 0 0 0 0 0 0 
24810 1365 8 0 0 0 0 0 0 0 
24820 1349 5 0 2 0 0 0 0 0 
24830 1361 9 0 2 0 0 0 0 0 
24840 1382 13 0 1 0 0 0 0 0 
24850 1407 10 0 0 0 0 0 0 0 
24860 1386 15 0 0 0 0 0 0 0 
24870 1371 14 0 0 0 0 0 0 0 
24880 1372 10 0 0 0 0 0 0 0 
24890 1400 7 0 0 0 0 0 0 0 
24900 1414 8 0 3 0 0 0 0 0 
24910 1401 11 0 3 0 0 0 0 0 
24920 1417 20 0 1 0 0 0 0 0 
24930 1381 11 0 2 0 0 0 0 0 
24940 1354 13 0 2 0 0 0 0 0 
24950 1367 9 0 8 0 0 0 0 0 
24960 1375 5 0 8 0 0 0 0 0 
24970 1386 4 0 4 0 0 0 0 0 
24980 1363 5 0 4 0 0 0 0 0 
24990 1332 3 0 0 0 0 0 0 0 
25000 1336 6 0 0 0 0 0 0 0 
