# Avida time data
# Fri Jan 27 10:42:26 2017
#  1: update
#  2: avida time
#  3: average generation
#  4: num_executed?

0 0 0 30 
10 0.103093 0 30 
20 0.206186 1 60 
30 0.309278 2 120 
40 0.412371 3 210 
50 0.515464 3.22222 240 
60 0.618297 4 480 
70 0.721436 5 870 
80 0.824318 5.87234 1260 
90 0.927025 6.23077 1470 
100 1.02952 6.95775 2130 
110 1.13284 7.91919 2970 
120 1.23555 8.84091 3780 
130 1.33838 9.45205 4260 
140 1.44077 9.93373 4950 
150 1.54341 10.8578 6120 
160 1.64598 11.8008 7350 
170 1.74845 12.4291 8040 
180 1.85085 12.9383 9120 
190 1.9528 13.7806 10770 
200 2.05484 14.7338 12450 
210 2.15729 15.5254 13860 
220 2.25906 16.0338 14910 
230 2.3609 16.7796 16740 
240 2.4624 17.738 18750 
250 2.56363 18.492 20400 
260 2.66421 19.0877 21570 
270 2.76473 19.7667 23760 
280 2.86549 20.6958 26100 
290 2.96658 21.4826 28230 
300 3.06782 22.1457 30000 
310 3.16849 22.8274 32490 
320 3.2687 23.659 35100 
330 3.36839 24.4701 37350 
340 3.46763 25.148 39840 
350 3.56634 25.8062 42420 
360 3.66496 26.6153 44820 
370 3.76352 27.4063 47700 
380 3.86209 28.0671 50130 
390 3.96046 28.7242 52650 
400 4.05836 29.5064 55770 
410 4.15578 30.2832 59340 
420 4.25268 30.9723 62460 
430 4.34974 31.6556 65280 
440 4.4466 32.4525 68700 
450 4.54267 33.1901 72300 
460 4.63831 33.8472 75300 
470 4.73334 34.5807 78570 
480 4.82785 35.3411 82170 
490 4.92221 36.0401 85560 
500 5.01597 36.7294 88950 
510 5.1094 37.4569 92190 
520 5.20314 38.1745 94770 
530 5.29679 38.8527 97290 
540 5.39035 39.5911 99420 
550 5.4841 40.2858 100680 
560 5.57793 41.0041 102330 
570 5.6717 41.7463 103860 
580 5.76598 42.4482 104580 
590 5.86027 43.1676 105480 
600 5.95484 43.8659 106470 
610 6.04947 44.5916 106920 
620 6.14388 45.2956 107340 
630 6.2384 45.9967 107790 
640 6.33278 46.7132 107940 
650 6.4271 47.4413 107880 
660 6.52128 48.1609 107970 
670 6.61541 48.8276 107880 
680 6.70963 49.5795 107940 
690 6.80375 50.3041 107970 
700 6.89751 51.0306 107880 
710 6.99132 51.7237 107940 
720 7.08538 52.4889 107880 
730 7.17947 53.2162 107910 
740 7.27342 53.9085 107880 
750 7.3672 54.6079 107970 
760 7.46049 55.3524 107820 
770 7.55359 56.0437 107850 
780 7.64656 56.7558 107880 
790 7.73952 57.4937 107910 
800 7.8325 58.2068 107940 
810 7.92551 58.8908 108000 
820 8.01824 59.6267 107910 
830 8.11063 60.3832 107910 
840 8.20303 61.0709 107940 
850 8.29569 61.7877 107880 
860 8.38827 62.5184 107760 
870 8.48094 63.2179 107850 
880 8.57374 63.9241 107940 
890 8.66634 64.638 107940 
900 8.75908 65.3524 107850 
910 8.85209 66.022 107880 
920 8.94514 66.7824 107970 
930 9.03813 67.4656 108000 
940 9.13112 68.1676 107910 
950 9.22383 68.8717 107850 
960 9.31641 69.5891 107910 
970 9.40893 70.2589 107910 
980 9.50166 70.9544 107940 
990 9.5943 71.661 107910 
1000 9.68663 72.3672 107760 
1010 9.77907 73.0614 107940 
1020 9.87133 73.7394 107880 
1030 9.9636 74.4474 107940 
1040 10.0562 75.1241 107730 
1050 10.1486 75.8196 107910 
1060 10.2408 76.5074 107940 
1070 10.3327 77.2289 107910 
1080 10.4248 77.9352 107910 
1090 10.517 78.6664 107970 
1100 10.6093 79.3802 107940 
1110 10.7018 80.0536 107940 
1120 10.7943 80.8067 107850 
1130 10.887 81.496 107970 
1140 10.9795 82.2326 107940 
1150 11.0717 82.9152 107850 
1160 11.1638 83.6299 107940 
1170 11.2558 84.3425 107910 
1180 11.348 85.064 107820 
1190 11.4398 85.7857 107970 
1200 11.5317 86.4926 107790 
1210 11.6239 87.1953 107880 
1220 11.7162 87.9213 107880 
1230 11.8082 88.6187 107910 
1240 11.9004 89.3838 107850 
1250 11.9924 90.094 107940 
1260 12.0842 90.782 107880 
1270 12.176 91.5193 107850 
1280 12.2678 92.2661 107910 
1290 12.3601 92.9722 107940 
1300 12.4525 93.7394 108000 
1310 12.5449 94.4625 108000 
1320 12.6371 95.1547 107820 
1330 12.7296 95.8671 107910 
1340 12.822 96.624 107820 
1350 12.9145 97.3369 107880 
1360 13.0074 98.027 107940 
1370 13.1001 98.7929 107850 
1380 13.1927 99.5122 108000 
1390 13.2855 100.215 107910 
1400 13.3786 100.942 107910 
1410 13.4715 101.728 107910 
1420 13.5649 102.486 107820 
1430 13.6587 103.234 107790 
1440 13.7529 103.991 107880 
1450 13.8467 104.77 107880 
1460 13.9405 105.488 107880 
1470 14.034 106.231 107880 
1480 14.128 106.961 107970 
1490 14.2223 107.699 107940 
1500 14.3167 108.392 107940 
1510 14.4108 109.153 107910 
1520 14.5051 109.891 108000 
1530 14.5991 110.645 107970 
1540 14.693 111.385 107940 
1550 14.7869 112.086 107880 
1560 14.8806 112.81 107820 
1570 14.9741 113.581 108000 
1580 15.0672 114.294 107970 
1590 15.1605 115.022 107880 
1600 15.2541 115.78 107910 
1610 15.3476 116.482 107880 
1620 15.4408 117.241 107910 
1630 15.5342 117.93 107940 
1640 15.6278 118.689 107910 
1650 15.7216 119.475 108000 
1660 15.8152 120.23 107970 
1670 15.9088 121 107850 
1680 16.0021 121.802 107790 
1690 16.0952 122.528 107970 
1700 16.1885 123.305 107880 
1710 16.282 124.087 107940 
1720 16.3755 124.813 107880 
1730 16.469 125.457 107940 
1740 16.5627 126.162 107970 
1750 16.6565 126.944 107910 
1760 16.7504 127.711 107940 
1770 16.8446 128.456 107940 
1780 16.939 129.277 107940 
1790 17.0335 130.031 107940 
1800 17.1278 130.77 107850 
1810 17.2221 131.557 107970 
1820 17.3167 132.309 107910 
1830 17.4112 133.022 108000 
1840 17.5058 133.827 108000 
1850 17.6004 134.605 107850 
1860 17.6952 135.428 107850 
1870 17.7902 136.198 107910 
1880 17.8854 136.933 107850 
1890 17.9806 137.707 107880 
1900 18.0759 138.436 107850 
1910 18.1715 139.225 107790 
1920 18.2674 140.004 107790 
1930 18.3637 140.835 107760 
1940 18.4601 141.647 107970 
1950 18.5563 142.495 107970 
1960 18.6523 143.251 107970 
1970 18.748 143.997 107850 
1980 18.8436 144.745 107790 
1990 18.9387 145.502 107940 
2000 19.0338 146.255 107910 
2010 19.1292 146.965 107940 
2020 19.2247 147.655 108000 
2030 19.3203 148.415 107910 
2040 19.4159 149.182 107850 
2050 19.5113 149.917 107850 
2060 19.6065 150.681 108000 
2070 19.7013 151.428 107940 
2080 19.7961 152.128 107880 
2090 19.8913 152.878 107880 
2100 19.9865 153.703 107940 
2110 20.0819 154.404 107880 
2120 20.1772 155.113 107940 
2130 20.2726 155.926 107910 
2140 20.3681 156.782 107760 
2150 20.4641 157.553 107970 
2160 20.5606 158.395 107940 
2170 20.6573 159.106 107940 
2180 20.7541 159.974 107880 
2190 20.8515 160.797 107880 
2200 20.9489 161.645 107850 
2210 21.0462 162.438 107970 
2220 21.1435 163.283 107940 
2230 21.2409 164.134 108000 
2240 21.3385 164.977 108000 
2250 21.4361 165.957 107910 
2260 21.5335 166.811 107910 
2270 21.6315 167.641 108000 
2280 21.7294 168.472 107940 
2290 21.8274 169.436 107970 
2300 21.9256 170.446 107940 
2310 22.0239 171.359 107850 
2320 22.1224 172.183 107910 
2330 22.2206 173.028 108000 
2340 22.3189 173.831 107910 
2350 22.4168 174.749 107910 
2360 22.5154 175.588 107970 
2370 22.6138 176.441 107970 
2380 22.7121 177.325 107970 
2390 22.81 178.145 107910 
2400 22.9081 179.135 107910 
2410 23.0065 179.954 107910 
2420 23.1051 180.76 107940 
2430 23.2039 181.71 107910 
2440 23.3028 182.683 107940 
2450 23.4017 183.575 107880 
2460 23.5007 184.521 107850 
2470 23.5996 185.47 107880 
2480 23.6987 186.597 107910 
2490 23.7979 187.513 107970 
2500 23.8971 188.533 107910 
2510 23.9963 189.325 107970 
2520 24.0958 190.529 107940 
2530 24.1954 191.505 108000 
2540 24.2949 192.465 107910 
2550 24.3943 193.464 107910 
2560 24.494 194.39 107880 
2570 24.5938 195.359 107910 
2580 24.6937 196.281 107820 
2590 24.7939 197.311 107940 
2600 24.8942 198.207 107970 
2610 24.9948 199.127 107820 
2620 25.0953 200.242 107910 
2630 25.1958 201.161 107940 
2640 25.2966 202.154 107970 
2650 25.3975 202.99 107940 
2660 25.498 204.122 107910 
2670 25.5989 205.086 107940 
2680 25.6999 206.005 107850 
2690 25.8008 207.033 107820 
2700 25.9019 207.97 107940 
2710 26.0034 208.967 107940 
2720 26.1048 209.861 108000 
2730 26.2065 210.802 107820 
2740 26.3079 211.874 107940 
2750 26.409 212.7 107970 
2760 26.5109 213.766 107970 
2770 26.6125 214.771 107970 
2780 26.7143 215.659 107910 
2790 26.8163 216.769 107880 
2800 26.9179 217.836 107970 
2810 27.0196 218.755 107850 
2820 27.1214 219.886 108000 
2830 27.2232 220.951 107940 
2840 27.3251 222.258 107910 
2850 27.4273 223.387 107940 
2860 27.5293 224.145 107850 
2870 27.6313 225.345 107820 
2880 27.7333 226.29 107970 
2890 27.8356 227.362 107940 
2900 27.9381 228.214 107970 
2910 28.0407 229.416 107760 
2920 28.1431 230.516 107880 
2930 28.2449 231.536 107940 
2940 28.347 232.833 107910 
2950 28.4489 233.813 107880 
2960 28.5506 234.916 107910 
2970 28.6524 235.869 107910 
2980 28.7543 236.837 107880 
2990 28.8564 237.924 107910 
3000 28.9588 239.166 107940 
3010 29.0614 240.121 107940 
3020 29.164 241.037 107910 
3030 29.2669 242.436 107940 
3040 29.3697 243.747 108000 
3050 29.4722 244.783 107970 
3060 29.5747 246.008 107970 
3070 29.6769 246.876 107910 
3080 29.7792 248.027 108000 
3090 29.8818 248.893 107820 
3100 29.9844 250.285 108000 
3110 30.0868 251.354 107910 
3120 30.1892 252.537 107940 
3130 30.2913 254.237 108000 
3140 30.3939 255.35 107880 
3150 30.4961 256.66 107940 
3160 30.5983 258.151 107970 
3170 30.7005 259.056 107910 
3180 30.8029 260.36 107910 
3190 30.9055 261.773 107850 
3200 31.0082 262.979 107940 
3210 31.1108 264.047 107940 
3220 31.2137 265.517 107970 
3230 31.3162 266.801 108000 
3240 31.4188 267.82 107940 
3250 31.5213 269.127 107940 
3260 31.6239 270.429 107970 
3270 31.7266 271.42 107970 
3280 31.8295 272.729 108000 
3290 31.9325 273.963 107970 
3300 32.0353 275.786 107910 
3310 32.1382 276.865 107850 
3320 32.2408 278.314 107910 
3330 32.3433 279.83 107940 
3340 32.4454 281.186 108000 
3350 32.5473 282.907 107910 
3360 32.6494 284.037 107880 
3370 32.7515 285.184 107970 
3380 32.8539 286.501 107940 
3390 32.9563 287.481 107940 
3400 33.0589 288.84 107940 
3410 33.1619 289.96 107970 
3420 33.2651 291.312 107970 
3430 33.3683 292.736 107910 
3440 33.4717 293.479 107910 
3450 33.5754 294.84 107970 
3460 33.679 296.114 107910 
3470 33.7832 297.196 107880 
3480 33.8875 298.42 107940 
3490 33.9921 299.853 107940 
3500 34.0968 301.246 107970 
3510 34.2018 302.62 108000 
3520 34.3066 304.225 107940 
3530 34.4115 306.054 108000 
3540 34.5163 307.541 107940 
3550 34.6212 308.606 107910 
3560 34.726 310.337 107940 
3570 34.8311 311.844 107880 
3580 34.936 312.956 107790 
3590 35.0408 314.524 107940 
3600 35.1456 316.16 107970 
3610 35.2502 317.915 107880 
3620 35.3551 319.879 107940 
3630 35.46 320.706 107910 
3640 35.5652 321.626 107970 
3650 35.6701 323.101 107940 
3660 35.7753 324.583 107730 
3670 35.8806 326.678 107910 
3680 35.9863 327.735 107910 
3690 36.0922 329.326 107970 
3700 36.198 330.735 107910 
3710 36.3035 332.661 107940 
3720 36.409 334.767 107940 
3730 36.5146 336.409 107910 
3740 36.6204 337.738 107910 
3750 36.7262 339.504 108000 
3760 36.8318 340.775 108000 
3770 36.9375 342.522 107970 
3780 37.0432 343.794 107880 
3790 37.1488 345.319 107940 
3800 37.2547 346.645 108000 
3810 37.3606 347.76 107940 
3820 37.4666 349.207 107970 
3830 37.5723 350.618 107880 
3840 37.6781 351.713 107940 
3850 37.784 352.92 107940 
3860 37.8899 354.261 107910 
3870 37.9956 355.689 108000 
3880 38.1011 357.454 107940 
3890 38.2068 359.088 107880 
3900 38.3124 360.692 108000 
3910 38.4178 362.024 107910 
3920 38.5235 363.495 107940 
3930 38.6292 364.737 108000 
3940 38.7351 366.369 107970 
3950 38.841 367.657 108000 
3960 38.9467 368.594 107970 
3970 39.0526 369.899 107970 
3980 39.1586 371.389 107940 
3990 39.2645 372.555 107910 
4000 39.3706 374.274 107970 
4010 39.4765 375.66 107970 
4020 39.5826 377.251 107970 
4030 39.6887 378.418 107970 
4040 39.7947 380.139 107910 
4050 39.9007 381.58 107970 
4060 40.0067 382.446 107940 
4070 40.1126 383.78 108000 
4080 40.2186 385.359 107940 
4090 40.3243 386.586 107940 
4100 40.4299 387.865 107970 
4110 40.5355 389.419 107880 
4120 40.6416 390.768 108000 
4130 40.7478 392.187 107940 
4140 40.8537 393.485 108000 
4150 40.9596 394.738 107970 
4160 41.0655 396.091 107910 
4170 41.1714 397.57 107880 
4180 41.2777 398.651 107970 
4190 41.3841 400.082 107940 
4200 41.4903 401.405 107970 
4210 41.5965 402.597 107940 
4220 41.7024 404.011 108000 
4230 41.8087 405.477 107910 
4240 41.9148 406.959 107970 
4250 42.0209 408.108 107910 
4260 42.1271 409.23 107970 
4270 42.233 410.47 107910 
4280 42.3389 412.001 107910 
4290 42.4452 413.297 107910 
4300 42.5514 414.471 107970 
4310 42.6574 415.751 107910 
4320 42.7634 416.878 107940 
4330 42.8696 418.191 107880 
4340 42.976 419.495 107940 
4350 43.0819 420.577 107940 
4360 43.1877 421.707 107970 
4370 43.294 422.88 107940 
4380 43.4007 423.932 107940 
4390 43.5073 425.132 107940 
4400 43.6139 426.341 107970 
4410 43.7202 427.563 107970 
4420 43.8267 428.661 107940 
4430 43.9333 429.833 107940 
4440 44.0397 431.077 107850 
4450 44.146 432.288 107910 
4460 44.2521 433.558 107970 
4470 44.358 434.781 107970 
4480 44.4644 435.98 108000 
4490 44.5708 437.173 107940 
4500 44.6766 438.351 107880 
4510 44.7828 439.407 108000 
4520 44.8889 440.661 107880 
4530 44.995 441.711 107910 
4540 45.1015 442.846 107880 
4550 45.2078 444.15 107940 
4560 45.3141 445.341 107970 
4570 45.4203 446.467 107910 
4580 45.5267 447.609 107970 
4590 45.6331 448.625 108000 
4600 45.7396 449.797 107970 
4610 45.8465 450.997 107940 
4620 45.9531 452.166 107970 
4630 46.0595 453.302 107880 
4640 46.1662 454.478 107970 
4650 46.2729 455.638 107940 
4660 46.3796 456.8 107880 
4670 46.486 458.009 107910 
4680 46.5922 459.225 107940 
4690 46.6984 460.294 107850 
4700 46.8046 461.372 107970 
4710 46.9103 462.555 107970 
4720 47.0167 463.619 107940 
4730 47.1227 464.788 107940 
4740 47.2288 465.961 107940 
4750 47.3348 467.087 107910 
4760 47.4406 468.277 107940 
4770 47.5464 469.359 108000 
4780 47.6523 470.596 107880 
4790 47.7577 471.761 107940 
4800 47.8638 472.921 107970 
4810 47.97 474.068 107940 
4820 48.076 475.192 107970 
4830 48.1818 476.313 108000 
4840 48.2878 477.571 107940 
4850 48.3944 478.779 107910 
4860 48.5007 479.926 107970 
4870 48.6074 480.997 107820 
4880 48.7141 482.202 107970 
4890 48.8207 483.302 107940 
4900 48.9274 484.387 107970 
4910 49.0336 485.459 107970 
4920 49.1402 486.538 107970 
4930 49.2465 487.533 108000 
4940 49.3524 488.642 107940 
4950 49.4584 489.848 108000 
4960 49.565 490.932 107940 
4970 49.6718 492.124 107970 
4980 49.7784 493.215 107910 
4990 49.8851 494.374 108000 
5000 49.9915 495.56 107970 
5010 50.0986 496.681 107910 
5020 50.2059 497.779 108000 
5030 50.3126 499.091 107940 
5040 50.4188 500.143 107910 
5050 50.5253 501.318 107970 
5060 50.6318 502.555 108000 
5070 50.7383 503.745 108000 
5080 50.8451 504.899 107940 
5090 50.9518 506.003 108000 
5100 51.0586 507.229 107940 
5110 51.1654 508.295 107910 
5120 51.272 509.336 107970 
5130 51.3784 510.52 107970 
5140 51.4851 511.641 107940 
5150 51.5915 512.866 107970 
5160 51.6979 514.023 107910 
5170 51.8041 515.118 107910 
5180 51.9104 516.331 108000 
5190 52.0169 517.365 108000 
5200 52.1234 518.609 107880 
5210 52.2301 519.688 107940 
5220 52.3367 520.85 107880 
5230 52.4432 522.009 107910 
5240 52.5498 523.121 108000 
5250 52.6566 524.293 107970 
5260 52.7636 525.43 107970 
5270 52.8705 526.672 107970 
5280 52.9773 527.729 108000 
5290 53.0842 528.933 107880 
5300 53.1908 530.023 107940 
5310 53.2978 531.055 108000 
5320 53.4046 532.297 107910 
5330 53.5111 533.392 107880 
5340 53.6179 534.573 107970 
5350 53.7245 535.763 107940 
5360 53.8311 536.918 107940 
5370 53.9379 538.101 107940 
5380 54.0447 539.3 107970 
5390 54.1514 540.572 108000 
5400 54.2581 541.78 108000 
5410 54.3647 542.946 107880 
5420 54.4713 544.149 107970 
5430 54.5781 545.335 107970 
5440 54.6853 546.475 107880 
5450 54.7922 547.493 108000 
5460 54.8989 548.596 107880 
5470 55.0054 549.631 107790 
5480 55.1122 550.691 108000 
5490 55.2191 551.755 107970 
5500 55.3262 552.892 107910 
5510 55.4331 554.013 107910 
5520 55.5398 555.169 107970 
5530 55.6463 556.332 107970 
5540 55.7531 557.315 107970 
5550 55.8598 558.43 107970 
5560 55.9663 559.622 107910 
5570 56.0729 560.779 107880 
5580 56.1796 561.963 108000 
5590 56.2864 563.064 107970 
5600 56.3931 564.212 107940 
5610 56.5 565.448 107910 
5620 56.607 566.523 108000 
5630 56.7138 567.762 107970 
5640 56.8207 568.996 107880 
5650 56.9275 570.176 107970 
5660 57.0341 571.255 108000 
5670 57.1407 572.334 107940 
5680 57.2475 573.438 107910 
5690 57.3543 574.511 107880 
5700 57.4608 575.737 107910 
5710 57.5673 576.832 107940 
5720 57.6738 577.995 107880 
5730 57.7803 579.237 107850 
5740 57.8869 580.282 107850 
5750 57.9933 581.327 107940 
5760 58.0998 582.538 107970 
5770 58.2061 583.693 107940 
5780 58.3126 584.767 107970 
5790 58.4192 585.927 107910 
5800 58.5257 587.128 107910 
5810 58.632 588.422 108000 
5820 58.7381 589.649 108000 
5830 58.8443 590.89 107970 
5840 58.9509 592.059 107940 
5850 59.0572 593.204 107850 
5860 59.1635 594.223 107940 
5870 59.27 595.302 107970 
5880 59.3763 596.513 107850 
5890 59.4827 597.658 108000 
5900 59.5889 598.763 108000 
5910 59.6951 599.801 108000 
5920 59.8013 600.979 107940 
5930 59.9075 602.06 108000 
5940 60.0137 603.207 108000 
5950 60.1198 604.381 108000 
5960 60.2259 605.462 107970 
5970 60.3321 606.571 108000 
5980 60.4385 607.714 107910 
5990 60.5448 608.636 107940 
6000 60.6512 609.707 107880 
6010 60.7574 610.709 107970 
6020 60.8638 611.945 108000 
6030 60.9702 613.161 107940 
6040 61.0765 614.294 108000 
6050 61.1829 615.406 107940 
6060 61.2894 616.545 108000 
6070 61.3958 617.787 107880 
6080 61.5022 618.888 107970 
6090 61.6085 620.042 107910 
6100 61.7147 621.254 107970 
6110 61.8212 622.323 107970 
6120 61.9275 623.531 107970 
6130 62.034 624.732 107940 
6140 62.1402 625.811 107940 
6150 62.2464 627.133 107910 
6160 62.3525 628.182 107940 
6170 62.4589 629.32 107940 
6180 62.5653 630.321 107940 
6190 62.6714 631.455 108000 
6200 62.7774 632.61 107910 
6210 62.8836 633.735 107880 
6220 62.9896 634.861 108000 
6230 63.0957 636.038 107940 
6240 63.2021 637.143 107910 
6250 63.3087 638.166 107970 
6260 63.4152 639.257 107970 
6270 63.522 640.357 107970 
6280 63.6286 641.479 107910 
6290 63.7354 642.659 107910 
6300 63.8421 643.87 107970 
6310 63.9488 644.869 107940 
6320 64.0553 645.984 107970 
6330 64.1622 647.03 107820 
6340 64.2694 648.151 107970 
6350 64.3766 649.217 107880 
6360 64.4837 650.311 107820 
6370 64.5907 651.486 107880 
6380 64.6975 652.485 107970 
6390 64.8041 653.826 107970 
6400 64.9108 655.095 107970 
6410 65.0176 656.181 107970 
6420 65.1243 657.388 107970 
6430 65.231 658.545 107880 
6440 65.3375 659.724 107970 
6450 65.4441 660.74 107910 
6460 65.5508 661.785 107940 
6470 65.6574 662.815 107970 
6480 65.7641 663.956 107940 
6490 65.8706 665.149 107940 
6500 65.9771 666.496 107910 
6510 66.0838 667.557 107910 
6520 66.1901 668.808 107940 
6530 66.2964 669.891 107880 
6540 66.4029 670.983 108000 
6550 66.5094 672.137 107910 
6560 66.616 673.353 107910 
6570 66.7222 674.571 107910 
6580 66.8286 675.733 107970 
6590 66.935 676.815 107910 
6600 67.0414 677.728 107940 
6610 67.148 678.714 107970 
6620 67.2546 679.768 107970 
6630 67.3608 680.845 107910 
6640 67.4668 682.2 107880 
6650 67.5729 683.381 107970 
6660 67.6788 684.457 107910 
6670 67.7846 685.609 107970 
6680 67.8902 686.697 108000 
6690 67.9957 687.949 108000 
6700 68.1012 689.069 107970 
6710 68.207 690.22 107970 
6720 68.313 691.304 107940 
6730 68.4191 692.527 107910 
6740 68.5253 693.854 107940 
6750 68.6315 694.948 107880 
6760 68.7378 696.112 107880 
6770 68.8443 697.146 107970 
6780 68.9507 698.483 107970 
6790 69.0572 699.494 107970 
6800 69.1638 700.622 108000 
6810 69.2705 701.928 108000 
6820 69.377 702.941 108000 
6830 69.4835 704.096 107910 
6840 69.5901 705.272 108000 
6850 69.6964 706.366 107970 
6860 69.8029 707.3 107940 
6870 69.9094 708.614 107940 
6880 70.0159 709.909 108000 
6890 70.1223 710.908 107880 
6900 70.2288 711.985 107970 
6910 70.3354 713.168 107940 
6920 70.4422 714.355 108000 
6930 70.5492 715.435 107970 
6940 70.6563 716.575 107970 
6950 70.7632 717.786 107910 
6960 70.8699 718.824 107970 
6970 70.9768 719.87 107970 
6980 71.0836 720.871 107940 
6990 71.1901 721.892 108000 
7000 71.2969 723.075 107880 
7010 71.4035 724.29 107970 
7020 71.5104 725.585 107850 
7030 71.6171 726.698 107970 
7040 71.7237 727.862 107940 
7050 71.8305 728.961 108000 
7060 71.9376 730.061 107940 
7070 72.0447 731.183 107880 
7080 72.1515 732.343 107970 
7090 72.258 733.236 107880 
7100 72.3648 734.407 107940 
7110 72.4717 735.595 107940 
7120 72.5784 736.946 107970 
7130 72.6851 738.43 107970 
7140 72.792 739.41 107940 
7150 72.8988 740.503 107940 
7160 73.0058 741.547 107970 
7170 73.1132 742.731 107970 
7180 73.2204 744.074 107940 
7190 73.3277 745.01 107970 
7200 73.4347 746.223 108000 
7210 73.5417 747.111 107940 
7220 73.6486 748.165 108000 
7230 73.7558 749.299 107940 
7240 73.8629 750.46 107970 
7250 73.9699 751.674 108000 
7260 74.077 752.799 108000 
7270 74.1841 753.858 107910 
7280 74.2911 755.003 107970 
7290 74.3979 756.027 107940 
7300 74.5047 757.036 107910 
7310 74.6119 758.404 107910 
7320 74.7193 759.69 107940 
7330 74.8265 760.841 108000 
7340 74.9334 762.04 108000 
7350 75.0404 763.384 107940 
7360 75.1473 764.464 108000 
7370 75.2545 765.549 108000 
7380 75.3616 766.823 107940 
7390 75.4688 767.843 107880 
7400 75.5761 768.983 107970 
7410 75.6833 770.132 107910 
7420 75.7903 771.301 107910 
7430 75.8975 772.348 107910 
7440 76.0048 773.352 107910 
7450 76.112 774.513 107970 
7460 76.2191 775.596 107970 
7470 76.3262 776.906 107880 
7480 76.4336 778.04 107940 
7490 76.5408 779.337 107850 
7500 76.648 780.599 107940 
7510 76.7553 781.81 107820 
7520 76.8626 783.01 107940 
7530 76.9701 784.05 107910 
7540 77.0775 785.414 107910 
7550 77.1851 786.732 107940 
7560 77.2926 787.794 107910 
7570 77.4001 788.922 107940 
7580 77.5077 790.046 107940 
7590 77.6153 791.23 108000 
7600 77.7225 792.497 107970 
7610 77.8295 793.517 107910 
7620 77.9362 794.754 107970 
7630 78.0433 795.924 108000 
7640 78.1502 797.095 107970 
7650 78.2571 798.169 107940 
7660 78.3639 799.294 107970 
7670 78.4706 800.52 108000 
7680 78.5775 801.714 107910 
7690 78.6845 802.625 107880 
7700 78.7915 803.831 107970 
7710 78.8983 804.862 107880 
7720 79.0049 806.038 107970 
7730 79.1114 807.353 107970 
7740 79.2178 808.462 107940 
7750 79.3241 809.591 107880 
7760 79.4305 810.773 107970 
7770 79.5368 811.999 107970 
7780 79.6433 813.186 107940 
7790 79.7498 814.319 107910 
7800 79.8563 815.545 107970 
7810 79.9628 816.465 107970 
7820 80.0695 817.818 108000 
7830 80.176 818.904 107970 
7840 80.2827 820.06 108000 
7850 80.3895 821.196 107970 
7860 80.4958 822.511 107970 
7870 80.6023 823.687 107940 
7880 80.7089 824.814 108000 
7890 80.8155 825.989 107970 
7900 80.9218 827.183 107880 
7910 81.028 828.22 108000 
7920 81.134 829.406 107940 
7930 81.2401 830.511 107970 
7940 81.3462 831.499 107910 
7950 81.4523 832.671 108000 
7960 81.5583 833.699 107880 
7970 81.664 834.904 107880 
7980 81.7697 835.967 107910 
7990 81.8754 837.001 107910 
8000 81.9813 838.207 107910 
8010 82.0872 839.214 108000 
8020 82.1931 840.433 107970 
8030 82.2989 841.618 107940 
8040 82.4045 842.991 107970 
8050 82.5102 844.013 107940 
8060 82.6159 845.139 107940 
8070 82.7215 846.251 107910 
8080 82.827 847.606 107970 
8090 82.9326 848.776 107970 
8100 83.0382 849.97 107940 
8110 83.144 851.321 107970 
8120 83.25 852.712 108000 
8130 83.356 853.758 108000 
8140 83.4622 854.902 107880 
8150 83.5686 856.459 107940 
8160 83.6754 857.591 107970 
8170 83.782 858.603 107940 
8180 83.8886 859.862 108000 
8190 83.9952 861.218 107910 
8200 84.1017 862.596 107970 
8210 84.2084 863.859 107910 
8220 84.3152 865.058 107970 
8230 84.4221 866.278 107880 
8240 84.529 867.4 107970 
8250 84.6358 868.504 107940 
8260 84.7423 869.77 107970 
8270 84.849 870.873 107940 
8280 84.9557 872.267 107940 
8290 85.0622 873.222 108000 
8300 85.1687 874.297 107910 
8310 85.2753 875.326 108000 
8320 85.3817 876.287 108000 
8330 85.4879 877.406 107910 
8340 85.5938 879.015 107970 
8350 85.6999 880.06 107970 
8360 85.8059 881.312 107940 
8370 85.9119 882.407 108000 
8380 86.0179 883.773 107970 
8390 86.1237 885.03 107970 
8400 86.2295 886.161 107940 
8410 86.3355 887.306 107910 
8420 86.4415 888.487 107940 
8430 86.5474 889.973 108000 
8440 86.6534 891.099 107940 
8450 86.7593 892.362 107940 
8460 86.8652 893.455 108000 
8470 86.9715 894.822 107880 
8480 87.0777 895.706 107910 
8490 87.1838 896.862 107910 
8500 87.2899 898.033 107970 
8510 87.3961 899.193 107910 
8520 87.5021 900.268 107940 
8530 87.608 901.371 108000 
8540 87.7141 902.471 107970 
8550 87.8205 903.52 107940 
8560 87.9269 904.799 107970 
8570 88.0333 906.177 107910 
8580 88.1399 907.247 107940 
8590 88.2466 908.513 107970 
8600 88.3532 909.968 107940 
8610 88.46 911.135 107940 
8620 88.5668 912.442 108000 
8630 88.6734 913.848 107880 
8640 88.7796 915.094 107970 
8650 88.8857 916.227 107970 
8660 88.9922 917.208 107940 
8670 89.0987 918.36 107970 
8680 89.2052 919.856 107940 
8690 89.3116 920.971 107880 
8700 89.4182 922.383 107910 
8710 89.5249 923.629 107970 
8720 89.6316 924.565 107940 
8730 89.7386 925.884 107910 
8740 89.8452 927.259 107970 
8750 89.9515 929.053 108000 
8760 90.0581 930.402 107970 
8770 90.1648 931.855 107940 
8780 90.2715 932.888 107940 
8790 90.3781 934.32 107880 
8800 90.4847 935.552 107970 
8810 90.5912 936.668 107970 
8820 90.6979 937.929 107970 
8830 90.8046 939.705 108000 
8840 90.9113 940.87 107970 
8850 91.0176 942.011 108000 
8860 91.124 943.547 107910 
8870 91.2304 944.989 108000 
8880 91.337 946.221 107880 
8890 91.4434 947.741 107880 
8900 91.5499 948.892 108000 
8910 91.6564 950.067 107910 
8920 91.7628 951.522 108000 
8930 91.8692 953.231 107910 
8940 91.9756 954.553 107910 
8950 92.0822 955.636 107940 
8960 92.1886 957.026 107940 
8970 92.295 958.709 108000 
8980 92.4014 960.087 108000 
8990 92.5081 961.63 107940 
9000 92.6147 963.028 107970 
9010 92.7212 964.489 107970 
9020 92.8281 965.696 108000 
9030 92.9347 967.075 107970 
9040 93.0411 968.522 108000 
9050 93.1475 969.535 107940 
9060 93.2541 971.138 108000 
9070 93.3607 972.753 107970 
9080 93.4674 974.104 108000 
9090 93.5742 975.626 108000 
9100 93.6808 977.38 107940 
9110 93.7875 978.74 108000 
9120 93.8939 980.299 107880 
9130 94.0001 981.946 107970 
9140 94.1061 983.26 107940 
9150 94.2121 984.532 107940 
9160 94.3181 985.789 107970 
9170 94.4241 987.247 108000 
9180 94.5302 988.65 107970 
9190 94.6361 989.814 107850 
9200 94.7421 991.004 107940 
9210 94.8482 992.24 107970 
9220 94.9543 993.502 107970 
9230 95.0606 994.445 107910 
9240 95.1672 995.672 107940 
9250 95.2736 997.372 107910 
9260 95.3801 999.094 107970 
9270 95.4863 1000.17 107970 
9280 95.5924 1001.48 108000 
9290 95.6987 1002.68 108000 
9300 95.8051 1003.6 107940 
9310 95.9116 1004.58 107910 
9320 96.0179 1005.83 107880 
9330 96.1241 1007.23 107970 
9340 96.2301 1009.05 107970 
9350 96.3363 1010.35 107940 
9360 96.4427 1011.45 107970 
9370 96.5489 1012.93 107910 
9380 96.6553 1014.33 107910 
9390 96.7617 1015.72 107910 
9400 96.8679 1017.05 107910 
9410 96.9747 1018.45 107970 
9420 97.0813 1019.76 108000 
9430 97.188 1021.09 107940 
9440 97.2948 1022.35 107970 
9450 97.4016 1023.62 107910 
9460 97.5085 1025.1 108000 
9470 97.6152 1026.81 107970 
9480 97.7217 1028.13 107970 
9490 97.8281 1029.38 107940 
9500 97.9345 1031.07 107880 
9510 98.0406 1032.16 108000 
9520 98.1468 1033.55 107910 
9530 98.2531 1034.65 107790 
9540 98.3593 1035.93 107910 
9550 98.4659 1037.39 107970 
9560 98.5725 1038.73 107940 
9570 98.679 1040.33 107970 
9580 98.7855 1042.01 108000 
9590 98.8918 1043.53 107940 
9600 98.9983 1044.76 107970 
9610 99.1051 1046.24 107940 
9620 99.2116 1047.5 107970 
9630 99.3179 1048.72 108000 
9640 99.4239 1050.07 107910 
9650 99.5299 1051.36 107970 
9660 99.636 1052.73 107940 
9670 99.7421 1053.75 107910 
9680 99.8481 1055.18 108000 
9690 99.9541 1056.66 107940 
9700 100.06 1057.76 107880 
9710 100.167 1059.17 108000 
9720 100.273 1060.43 107970 
9730 100.379 1061.34 107940 
9740 100.486 1062.82 107970 
9750 100.592 1064.34 107970 
9760 100.698 1065.58 107940 
9770 100.805 1067 107910 
9780 100.911 1068.23 107940 
9790 101.017 1069.42 107970 
9800 101.123 1070.81 107880 
9810 101.23 1072.31 107940 
9820 101.336 1073.88 107940 
9830 101.442 1075.2 107880 
9840 101.548 1076.6 107970 
9850 101.654 1078.01 107940 
9860 101.76 1079.36 107970 
9870 101.867 1081.12 107940 
9880 101.973 1082.58 107880 
9890 102.079 1084.46 107970 
9900 102.185 1085.57 107910 
9910 102.291 1086.92 108000 
9920 102.397 1088.21 108000 
9930 102.503 1089.4 107970 
9940 102.609 1090.57 108000 
9950 102.715 1091.83 107970 
9960 102.821 1092.91 107940 
9970 102.928 1094.27 107970 
9980 103.034 1095.78 107970 
9990 103.14 1097.5 107910 
10000 103.246 1099.02 108000 
10010 103.353 1100.19 107970 
10020 103.459 1101.44 107910 
10030 103.565 1102.94 108000 
10040 103.671 1104.42 107970 
10050 103.777 1105.77 107970 
10060 103.884 1107.43 107940 
10070 103.99 1108.78 107970 
10080 104.096 1110.02 107970 
10090 104.202 1111.38 107910 
10100 104.308 1112.58 107910 
10110 104.414 1114.08 108000 
10120 104.519 1115.44 107940 
10130 104.625 1116.92 107940 
10140 104.73 1118.47 107940 
10150 104.835 1120.04 107970 
10160 104.941 1121.47 108000 
10170 105.047 1122.81 107940 
10180 105.153 1124.07 107970 
10190 105.258 1125.61 107880 
10200 105.364 1126.86 108000 
10210 105.469 1128.11 108000 
10220 105.574 1129.72 107940 
10230 105.678 1131.29 107940 
10240 105.783 1132.79 107940 
10250 105.887 1134.04 107910 
10260 105.992 1135.29 108000 
10270 106.096 1136.43 107940 
10280 106.2 1137.41 107970 
10290 106.304 1138.92 108000 
10300 106.408 1140.11 107940 
10310 106.513 1141.3 108000 
10320 106.617 1142.67 108000 
10330 106.721 1143.95 107940 
10340 106.826 1145.63 107910 
10350 106.93 1146.73 108000 
10360 107.035 1148.21 107910 
10370 107.138 1149.69 107970 
10380 107.242 1151.32 107940 
10390 107.345 1152.73 107970 
10400 107.449 1154.18 108000 
10410 107.552 1155.88 107940 
10420 107.654 1157.29 107940 
10430 107.757 1158.66 107970 
10440 107.86 1159.87 107880 
10450 107.963 1161.2 107970 
10460 108.065 1162.54 107910 
10470 108.167 1164.24 107940 
10480 108.269 1166 107970 
10490 108.371 1167.61 107970 
10500 108.472 1169.19 108000 
10510 108.574 1170.69 107940 
10520 108.676 1171.92 107970 
10530 108.777 1173.57 107940 
10540 108.878 1175.25 107940 
10550 108.979 1176.59 108000 
10560 109.081 1178.08 107970 
10570 109.182 1179.96 107910 
10580 109.283 1181.36 107910 
10590 109.383 1182.68 107910 
10600 109.483 1183.88 108000 
10610 109.584 1185.19 107940 
10620 109.685 1186.58 108000 
10630 109.788 1187.36 108000 
10640 109.891 1189.06 107970 
10650 109.993 1190.36 107970 
10660 110.093 1191.87 107970 
10670 110.194 1193.73 108000 
10680 110.294 1195.18 107970 
10690 110.394 1196.58 107940 
10700 110.496 1197.47 108000 
10710 110.596 1199.54 107970 
10720 110.697 1200.98 107970 
10730 110.798 1202.35 108000 
10740 110.898 1204.14 107910 
10750 110.998 1205.37 107940 
10760 111.099 1206.79 107880 
10770 111.2 1207.91 107850 
10780 111.301 1209.25 107940 
10790 111.402 1210.62 108000 
10800 111.503 1211.94 107970 
10810 111.604 1213.76 108000 
10820 111.705 1215.46 107940 
10830 111.805 1217.22 107910 
10840 111.904 1219.12 107910 
10850 112.005 1220.83 107970 
10860 112.106 1222.08 108000 
10870 112.207 1223.69 108000 
10880 112.308 1224.75 108000 
10890 112.409 1226.56 107880 
10900 112.509 1228.03 107940 
10910 112.609 1229.7 108000 
10920 112.709 1231.57 107940 
10930 112.808 1233.1 107970 
10940 112.907 1235.04 107970 
10950 113.007 1236.95 107940 
10960 113.107 1238.68 107880 
10970 113.207 1239.99 107850 
10980 113.307 1240.91 107940 
10990 113.406 1242.54 107910 
11000 113.507 1243.79 107910 
11010 113.607 1245.41 107910 
11020 113.708 1246.72 108000 
11030 113.809 1247.39 107970 
11040 113.909 1249.15 108000 
11050 114.009 1250.54 107940 
11060 114.108 1251.48 107970 
11070 114.206 1253.35 108000 
11080 114.306 1254.5 108000 
11090 114.406 1256.04 107910 
11100 114.506 1257.54 107970 
11110 114.605 1259.83 107970 
11120 114.704 1261.5 107970 
11130 114.803 1263.55 107970 
11140 114.902 1264.83 107910 
11150 115.001 1266.59 108000 
11160 115.099 1268.37 108000 
11170 115.199 1270.43 107970 
11180 115.299 1272.2 107850 
11190 115.398 1274.13 107910 
11200 115.497 1275.66 107970 
11210 115.596 1277.29 107910 
11220 115.695 1279.16 108000 
11230 115.793 1281.81 107970 
11240 115.892 1283.74 107880 
11250 115.99 1286.15 107880 
11260 116.087 1287.83 107970 
11270 116.184 1290.06 107940 
11280 116.283 1291.9 107880 
11290 116.381 1294.13 107970 
11300 116.48 1295.73 107970 
11310 116.578 1297.64 107940 
11320 116.676 1299.54 107940 
11330 116.773 1302 107850 
11340 116.872 1303.83 107910 
11350 116.969 1305.47 108000 
11360 117.067 1306.74 108000 
11370 117.166 1308.38 107970 
11380 117.263 1310.17 107910 
11390 117.359 1312.45 107970 
11400 117.458 1313.44 108000 
11410 117.556 1315.63 108000 
11420 117.655 1316.8 107910 
11430 117.753 1319.28 107970 
11440 117.851 1320.43 107970 
11450 117.949 1322.6 107910 
11460 118.048 1324.46 107820 
11470 118.146 1325.73 108000 
11480 118.243 1327.34 107970 
11490 118.34 1329.42 107970 
11500 118.438 1330.95 108000 
11510 118.536 1332.3 107910 
11520 118.634 1334 107940 
11530 118.732 1335.78 107880 
11540 118.83 1337.2 108000 
11550 118.927 1338.75 107970 
11560 119.024 1340.29 108000 
11570 119.122 1341.84 107970 
11580 119.22 1342.66 107970 
11590 119.318 1344.34 107940 
11600 119.415 1345.55 107940 
11610 119.514 1346.87 107940 
11620 119.613 1348.76 107970 
11630 119.711 1351.56 107850 
11640 119.809 1352.15 107970 
11650 119.905 1354.65 107970 
11660 120.003 1355.2 107910 
11670 120.1 1357.16 107910 
11680 120.197 1358.99 107910 
11690 120.295 1360.02 108000 
11700 120.392 1361.68 107910 
11710 120.489 1363.5 108000 
11720 120.587 1364.72 107940 
11730 120.684 1367.49 107910 
11740 120.781 1368.75 107940 
11750 120.88 1371.45 107940 
11760 120.977 1372.37 107940 
11770 121.074 1374.76 107880 
11780 121.172 1376.68 107880 
11790 121.269 1378.22 107880 
11800 121.367 1379.48 107820 
11810 121.465 1382.17 108000 
11820 121.563 1383.24 107910 
11830 121.66 1385.29 107910 
11840 121.757 1386.48 107970 
11850 121.855 1387.42 107970 
11860 121.952 1389.52 107910 
11870 122.049 1391.06 108000 
11880 122.147 1392.47 107940 
11890 122.244 1394.29 107940 
11900 122.342 1395.47 108000 
11910 122.441 1398.09 107970 
11920 122.538 1400.11 107940 
11930 122.635 1402.61 107940 
11940 122.732 1403.71 107910 
11950 122.83 1407.09 107910 
11960 122.927 1408.48 107940 
11970 123.024 1410.39 107940 
11980 123.122 1411.5 107970 
11990 123.221 1413.56 107880 
12000 123.318 1414.31 107970 
12010 123.416 1416.32 107940 
12020 123.512 1416.93 107970 
12030 123.609 1419.73 107970 
12040 123.706 1421.5 107940 
12050 123.803 1423.53 108000 
12060 123.899 1425.54 107970 
12070 123.997 1426.94 108000 
12080 124.095 1428.26 107940 
12090 124.193 1430.81 107910 
12100 124.291 1432.14 107910 
12110 124.387 1434.32 107940 
12120 124.484 1435.82 107940 
12130 124.582 1438.34 108000 
12140 124.681 1440.24 108000 
12150 124.778 1442.61 107970 
12160 124.875 1445.29 107940 
12170 124.972 1448.02 107970 
12180 125.069 1450.37 107940 
12190 125.165 1453.21 107850 
12200 125.261 1455.77 107940 
12210 125.358 1458.5 107910 
12220 125.455 1460.72 108000 
12230 125.552 1463.16 108000 
12240 125.649 1463.55 107940 
12250 125.746 1467.1 107910 
12260 125.843 1467.31 107940 
12270 125.94 1469.01 108000 
12280 126.037 1470.79 108000 
12290 126.134 1473.92 107970 
12300 126.232 1475.66 107880 
12310 126.329 1477.04 107940 
12320 126.427 1478.51 107940 
12330 126.524 1480.75 107910 
12340 126.621 1481.02 108000 
12350 126.718 1483.22 107940 
12360 126.814 1483.95 107970 
12370 126.91 1484.88 107940 
12380 127.008 1484.97 107940 
12390 127.105 1487.52 107940 
12400 127.202 1489.88 107910 
12410 127.299 1492.08 107880 
12420 127.398 1492.9 107940 
12430 127.495 1495.04 107970 
12440 127.592 1497.3 108000 
12450 127.689 1499.7 108000 
12460 127.786 1502.13 107940 
12470 127.882 1504.61 107910 
12480 127.979 1505.99 107820 
12490 128.075 1509.06 107970 
12500 128.172 1510.66 107970 
12510 128.269 1513.19 107850 
12520 128.366 1515.23 107940 
12530 128.463 1516.88 107940 
12540 128.559 1518.67 107970 
12550 128.655 1521.99 108000 
12560 128.751 1522.84 107970 
12570 128.85 1524.51 107910 
12580 128.945 1525.22 107910 
12590 129.042 1526.34 107970 
12600 129.138 1527.17 107910 
12610 129.234 1528.88 107940 
12620 129.33 1529.43 107880 
12630 129.427 1532.11 107970 
12640 129.523 1532.76 107910 
12650 129.62 1534.89 107940 
12660 129.716 1536.96 107970 
12670 129.812 1538.92 107910 
12680 129.909 1540.54 107940 
12690 130.006 1543.13 107940 
12700 130.101 1544.81 107940 
12710 130.197 1546.78 107910 
12720 130.294 1550.34 107910 
12730 130.39 1553.1 107880 
12740 130.486 1552.83 107910 
12750 130.582 1556.16 107940 
12760 130.679 1557.01 107940 
12770 130.776 1558.11 107970 
12780 130.873 1559.32 107910 
12790 130.969 1561.57 107850 
12800 131.065 1563.38 107940 
12810 131.163 1567.01 108000 
12820 131.26 1567.94 107880 
12830 131.355 1571.45 107940 
12840 131.452 1573.69 107970 
12850 131.549 1577.99 107910 
12860 131.645 1578.58 107910 
12870 131.741 1579.79 107910 
12880 131.837 1581.12 107940 
12890 131.932 1582.75 107970 
12900 132.029 1584.69 107940 
12910 132.126 1587.89 107910 
12920 132.224 1588.76 108000 
12930 132.32 1591.31 107880 
12940 132.416 1594.11 107940 
12950 132.512 1597.19 107910 
12960 132.609 1598.24 107940 
12970 132.705 1599.57 107880 
12980 132.801 1600.17 107970 
12990 132.898 1601.34 107970 
13000 132.995 1603.27 107850 
13010 133.091 1604.08 108000 
13020 133.187 1606.56 107940 
13030 133.284 1607.42 107970 
13040 133.38 1611.17 107880 
13050 133.476 1614.62 107910 
13060 133.574 1615.47 107940 
13070 133.67 1619.01 107940 
13080 133.765 1620.2 107970 
13090 133.861 1621.65 107790 
13100 133.957 1623.46 107940 
13110 134.052 1625.13 107880 
13120 134.147 1625.66 107940 
13130 134.244 1625.47 107940 
13140 134.34 1626.24 107940 
13150 134.436 1627.9 107940 
13160 134.532 1627.5 108000 
13170 134.627 1629.23 107970 
13180 134.722 1628.96 107970 
13190 134.818 1630.39 107970 
13200 134.914 1632.3 107790 
13210 135.01 1636.26 107970 
13220 135.105 1638.69 107910 
13230 135.2 1639.69 107910 
13240 135.297 1640.95 107910 
13250 135.393 1645.12 107910 
13260 135.489 1647.08 107880 
13270 135.585 1648.37 107910 
13280 135.68 1650.83 107970 
13290 135.776 1653.82 107970 
13300 135.873 1656.99 108000 
13310 135.968 1659.85 107880 
13320 136.063 1660.94 107880 
13330 136.159 1662.11 107880 
13340 136.257 1663.56 107880 
13350 136.353 1665.46 107880 
13360 136.449 1667.84 107910 
13370 136.545 1669.11 108000 
13380 136.639 1670.91 107970 
13390 136.735 1672.18 107940 
13400 136.831 1672.7 107910 
13410 136.927 1672.9 107850 
13420 137.022 1673.5 107880 
13430 137.118 1673.75 107850 
13440 137.215 1674.49 107970 
13450 137.31 1673.6 108000 
13460 137.405 1675.79 107910 
13470 137.5 1676.99 107880 
13480 137.597 1678.2 107940 
13490 137.693 1680.59 107910 
13500 137.789 1681.72 107820 
13510 137.885 1682.66 107940 
13520 137.98 1682.02 107940 
13530 138.075 1685.05 107970 
13540 138.171 1685.03 107820 
13550 138.266 1686.83 107880 
13560 138.361 1687.24 107910 
13570 138.456 1688.7 108000 
13580 138.552 1688.23 107850 
13590 138.648 1690.58 107940 
13600 138.743 1692.08 107880 
13610 138.838 1692.99 107940 
13620 138.933 1692.3 107850 
13630 139.028 1693.43 107940 
13640 139.123 1694.24 107910 
13650 139.219 1694.25 107940 
13660 139.316 1694.6 107910 
13670 139.411 1695.61 107910 
13680 139.506 1694.94 107940 
13690 139.6 1695.18 108000 
13700 139.696 1692.61 107820 
13710 139.792 1694.54 108000 
13720 139.886 1693.61 107940 
13730 139.98 1696.42 107940 
13740 140.075 1697.89 107880 
13750 140.17 1697.92 107880 
13760 140.266 1698.46 107940 
13770 140.36 1699.3 107910 
13780 140.455 1700.53 107910 
13790 140.549 1703.41 107910 
13800 140.643 1704.75 107910 
13810 140.737 1705.92 107970 
13820 140.832 1706.86 107850 
13830 140.928 1708.24 107940 
13840 141.022 1709.34 107940 
13850 141.116 1711.6 107850 
13860 141.209 1712.68 107880 
13870 141.304 1712.95 107850 
13880 141.399 1713.81 108000 
13890 141.492 1714.72 107940 
13900 141.585 1715.41 107880 
13910 141.679 1716.97 107970 
13920 141.773 1717.62 107880 
13930 141.866 1719.08 108000 
13940 141.961 1719.84 107970 
13950 142.054 1721.6 107940 
13960 142.147 1722.58 107910 
13970 142.242 1723.74 107940 
13980 142.336 1724.73 107970 
13990 142.428 1725.54 107970 
14000 142.521 1728.51 108000 
14010 142.614 1731.16 107880 
14020 142.708 1732.95 107910 
14030 142.802 1733.6 107940 
14040 142.896 1735.02 107940 
14050 142.99 1737.88 108000 
14060 143.085 1739.2 107850 
14070 143.179 1740.83 107970 
14080 143.272 1744.83 107940 
14090 143.365 1746.57 107970 
14100 143.459 1747.64 107910 
14110 143.552 1749.03 107940 
14120 143.646 1749.79 107940 
14130 143.739 1750.74 107940 
14140 143.834 1751.58 107970 
14150 143.927 1753.28 107970 
14160 144.021 1756.27 107880 
14170 144.114 1758.63 107970 
14180 144.209 1759.95 108000 
14190 144.302 1760.5 107940 
14200 144.396 1761.63 107910 
14210 144.49 1763.35 107970 
14220 144.584 1766.46 108000 
14230 144.678 1768.38 107940 
14240 144.772 1771.18 107910 
14250 144.866 1773.92 107850 
14260 144.96 1775.8 107850 
14270 145.052 1777.3 107910 
14280 145.146 1779.87 107940 
14290 145.239 1782.09 107970 
14300 145.333 1782.27 107970 
14310 145.426 1783.23 107940 
14320 145.52 1784.49 107880 
14330 145.613 1787.78 107910 
14340 145.706 1790.42 107940 
14350 145.799 1792.46 107910 
14360 145.892 1795.4 107940 
14370 145.987 1798.4 107970 
14380 146.08 1799.99 107820 
14390 146.172 1802.28 107940 
14400 146.265 1803.57 107910 
14410 146.359 1805.45 107970 
14420 146.451 1808.12 108000 
14430 146.545 1809.98 107940 
14440 146.638 1812 107940 
14450 146.731 1814.64 107910 
14460 146.824 1816.17 107970 
14470 146.917 1818.7 108000 
14480 147.01 1819.23 108000 
14490 147.102 1820.79 107970 
14500 147.194 1822.6 107940 
14510 147.288 1824.54 107970 
14520 147.382 1826.76 107880 
14530 147.475 1828.59 108000 
14540 147.568 1829.83 107940 
14550 147.66 1833.67 107940 
14560 147.753 1834.97 107940 
14570 147.846 1837 107910 
14580 147.938 1837.69 107850 
14590 148.032 1839.74 107940 
14600 148.126 1842.34 108000 
14610 148.218 1845.73 107970 
14620 148.311 1847.78 107970 
14630 148.405 1849.87 107970 
14640 148.499 1852.86 107910 
14650 148.591 1857.61 107880 
14660 148.683 1859.61 107940 
14670 148.774 1862.36 107970 
14680 148.869 1865.08 107940 
14690 148.962 1866.89 107880 
14700 149.055 1868.92 107910 
14710 149.146 1871.61 108000 
14720 149.239 1873.5 107910 
14730 149.331 1876.94 107970 
14740 149.423 1880.58 107910 
14750 149.516 1884.44 107880 
14760 149.608 1887.9 107940 
14770 149.7 1893.12 107910 
14780 149.793 1894.89 107970 
14790 149.885 1898.64 107940 
14800 149.977 1902.49 107760 
14810 150.068 1905.67 107940 
14820 150.159 1907.69 107820 
14830 150.253 1909.39 107880 
14840 150.346 1911.09 107880 
14850 150.439 1914.63 107850 
14860 150.531 1917.8 107880 
14870 150.622 1920.75 107910 
14880 150.714 1922.88 107940 
14890 150.806 1924.67 107910 
14900 150.899 1926.92 107880 
14910 150.991 1928.54 107940 
14920 151.083 1930.91 107850 
14930 151.174 1934.46 108000 
14940 151.266 1936.38 107880 
14950 151.359 1938.83 107880 
14960 151.45 1942.67 107820 
14970 151.54 1945.8 107970 
14980 151.634 1948.1 107880 
14990 151.725 1951.81 107940 
15000 151.817 1953.66 107910 
15010 151.909 1957.49 107910 
15020 152.002 1959.33 107970 
15030 152.094 1962.8 107970 
15040 152.185 1966.27 108000 
15050 152.276 1969.64 107910 
15060 152.368 1971.69 107820 
15070 152.46 1974.42 107970 
15080 152.553 1976.82 107790 
15090 152.645 1980 107760 
15100 152.737 1982.32 107940 
15110 152.83 1985.16 108000 
15120 152.921 1987.61 107940 
15130 153.013 1990.25 108000 
15140 153.105 1993.29 107790 
15150 153.197 1996.76 108000 
15160 153.288 1998.83 107880 
15170 153.379 2000.79 107910 
15180 153.473 2001.83 107820 
15190 153.564 2004.63 107940 
15200 153.656 2006.12 107940 
15210 153.749 2008.34 108000 
15220 153.841 2008.62 107970 
15230 153.933 2010.61 107880 
15240 154.026 2013.29 107940 
15250 154.118 2017.07 107940 
15260 154.21 2019.34 107850 
15270 154.302 2022.6 107970 
15280 154.394 2023.88 107910 
15290 154.486 2025.75 107850 
15300 154.579 2028.9 107940 
15310 154.671 2031.4 108000 
15320 154.763 2033.23 107940 
15330 154.854 2035.8 107910 
15340 154.946 2038.03 107910 
15350 155.038 2040.28 107970 
15360 155.129 2041.87 107850 
15370 155.221 2043.44 107940 
15380 155.314 2046.68 107970 
15390 155.405 2050.04 107940 
15400 155.495 2052.47 107850 
15410 155.588 2054.5 107940 
15420 155.68 2055.49 107850 
15430 155.772 2057.94 107940 
15440 155.865 2060.11 107970 
15450 155.955 2062.52 108000 
15460 156.049 2063.88 107880 
15470 156.141 2066.19 107880 
15480 156.231 2068.12 107940 
15490 156.322 2069.28 107970 
15500 156.415 2070.47 107820 
15510 156.507 2072.28 107970 
15520 156.599 2073.94 107850 
15530 156.692 2076.51 107910 
15540 156.785 2078.9 107910 
15550 156.876 2081.23 107970 
15560 156.969 2082.5 107910 
15570 157.061 2085.68 107910 
15580 157.152 2088.37 107910 
15590 157.242 2091.15 107880 
15600 157.335 2092.54 107940 
15610 157.427 2096.24 107970 
15620 157.519 2098.08 107820 
15630 157.61 2100.39 107940 
15640 157.702 2100.73 107850 
15650 157.794 2102.66 107940 
15660 157.886 2104.96 107940 
15670 157.977 2106.66 107940 
15680 158.071 2107.81 107910 
15690 158.162 2109.54 107970 
15700 158.254 2111.9 107910 
15710 158.345 2115.03 108000 
15720 158.438 2117.6 107880 
15730 158.53 2119.97 107970 
15740 158.622 2120.95 107820 
15750 158.714 2123.89 107940 
15760 158.805 2125.95 107940 
15770 158.898 2128.63 107940 
15780 158.99 2130.73 107940 
15790 159.081 2132.83 108000 
15800 159.173 2135.14 107880 
15810 159.263 2137.52 107910 
15820 159.355 2139.02 107940 
15830 159.447 2140.9 107910 
15840 159.541 2141.59 107880 
15850 159.632 2144.07 107910 
15860 159.724 2146.24 107910 
15870 159.816 2148.83 108000 
15880 159.907 2150.84 107940 
15890 159.999 2151.36 107880 
15900 160.093 2152.76 107940 
15910 160.184 2155.41 107940 
15920 160.276 2156.83 107880 
15930 160.366 2159.96 107970 
15940 160.459 2161.08 107910 
15950 160.551 2163.12 107970 
15960 160.642 2166.99 107850 
15970 160.733 2168.89 107970 
15980 160.827 2170.56 107910 
15990 160.917 2171.25 107910 
16000 161.01 2172.34 107820 
16010 161.102 2175.08 107910 
16020 161.195 2177.57 107850 
16030 161.286 2179.52 108000 
16040 161.378 2180.51 108000 
16050 161.47 2182.62 107910 
16060 161.56 2184.63 107970 
16070 161.652 2187.48 107970 
16080 161.745 2188.48 107970 
16090 161.836 2191.19 107970 
16100 161.927 2191.59 107940 
16110 162.019 2193.76 107940 
16120 162.112 2195.67 107910 
16130 162.203 2198.15 107970 
16140 162.294 2199.62 107970 
16150 162.386 2202.7 107940 
16160 162.477 2204.29 107880 
16170 162.569 2206.69 107970 
16180 162.661 2210.22 107970 
16190 162.753 2212 107910 
16200 162.844 2213.32 107940 
16210 162.935 2215 107940 
16220 163.027 2216.83 107910 
16230 163.119 2219.15 107940 
16240 163.211 2221.9 107940 
16250 163.302 2223.33 107940 
16260 163.394 2224.64 107910 
16270 163.485 2226.62 107880 
16280 163.578 2228.37 107880 
16290 163.67 2230.94 107850 
16300 163.762 2233.18 107910 
16310 163.854 2235.47 107820 
16320 163.946 2237.77 107910 
16330 164.036 2239.71 107940 
16340 164.128 2240.28 107880 
16350 164.221 2244.25 107940 
16360 164.314 2246.71 107940 
16370 164.404 2249.01 107940 
16380 164.496 2252.02 107880 
16390 164.589 2254.6 107910 
16400 164.68 2256.44 107940 
16410 164.771 2259.13 107970 
16420 164.864 2262.27 107910 
16430 164.954 2263.96 108000 
16440 165.045 2266.12 107940 
16450 165.137 2268.63 107970 
16460 165.229 2271.4 107970 
16470 165.32 2275.12 107940 
16480 165.411 2277.64 107940 
16490 165.502 2279.93 107970 
16500 165.595 2281.52 107910 
16510 165.686 2284.63 107910 
16520 165.778 2287.29 107970 
16530 165.869 2290.4 107970 
16540 165.96 2293.74 107970 
16550 166.053 2296.83 107970 
16560 166.143 2299.48 107970 
16570 166.234 2302.57 107850 
16580 166.326 2303.8 108000 
16590 166.417 2306.81 107910 
16600 166.51 2309.2 107940 
16610 166.6 2311.13 107970 
16620 166.69 2312.22 107820 
16630 166.782 2314.1 107910 
16640 166.874 2316.84 107970 
16650 166.964 2319.82 107970 
16660 167.055 2322.45 107880 
16670 167.146 2326.04 107940 
16680 167.237 2328.13 107940 
16690 167.328 2330.13 107910 
16700 167.419 2332.92 108000 
16710 167.51 2335.65 108000 
16720 167.601 2337.38 107820 
16730 167.692 2340.47 107910 
16740 167.784 2341.87 107820 
16750 167.875 2344.59 107940 
16760 167.966 2346.13 107880 
16770 168.056 2348.29 107850 
16780 168.147 2351.72 107940 
16790 168.238 2353.76 107970 
16800 168.33 2356.47 107910 
16810 168.42 2358.62 107880 
16820 168.512 2362.09 107970 
16830 168.602 2364.47 107970 
16840 168.693 2366.26 107910 
16850 168.784 2368.73 107970 
16860 168.876 2370.6 107970 
16870 168.966 2374.18 107940 
16880 169.058 2376.13 107970 
16890 169.15 2377.97 107970 
16900 169.241 2380.08 108000 
16910 169.332 2381.42 107910 
16920 169.423 2383.64 107760 
16930 169.514 2386.18 107940 
16940 169.606 2388.5 107880 
16950 169.694 2391.63 108000 
16960 169.785 2393.93 107910 
16970 169.877 2394.89 107970 
16980 169.968 2396.41 107940 
16990 170.058 2399.27 107940 
17000 170.149 2400.73 107910 
17010 170.24 2404.6 107940 
17020 170.331 2405.84 107970 
17030 170.421 2408.31 107970 
17040 170.511 2410.11 108000 
17050 170.603 2412.77 107970 
17060 170.694 2415.84 107910 
17070 170.784 2418.19 107940 
17080 170.875 2420.08 107910 
17090 170.966 2422.34 107850 
17100 171.056 2423.7 108000 
17110 171.146 2426.37 107940 
17120 171.238 2428.98 107970 
17130 171.327 2430.62 108000 
17140 171.418 2433.69 107910 
17150 171.507 2437.09 107910 
17160 171.598 2437.96 108000 
17170 171.689 2440.38 107850 
17180 171.78 2441.83 107850 
17190 171.87 2444.04 107940 
17200 171.96 2447.31 107820 
17210 172.05 2450.13 107910 
17220 172.141 2452.18 107970 
17230 172.231 2454.67 107970 
17240 172.322 2456.38 107910 
17250 172.413 2460.84 107790 
17260 172.502 2464.08 107940 
17270 172.592 2467.36 107910 
17280 172.684 2469.43 107910 
17290 172.774 2472.68 107940 
17300 172.864 2475.81 107940 
17310 172.954 2479.65 107940 
17320 173.045 2480.98 107910 
17330 173.136 2484.03 108000 
17340 173.226 2486.34 107880 
17350 173.317 2487.59 107970 
17360 173.407 2488.85 107940 
17370 173.497 2489.93 108000 
17380 173.588 2494.19 107940 
17390 173.678 2498.03 108000 
17400 173.769 2501.29 107880 
17410 173.859 2504.35 108000 
17420 173.949 2505.21 107970 
17430 174.039 2506.22 107910 
17440 174.129 2507.03 107880 
17450 174.22 2508.66 107940 
17460 174.311 2510.79 107970 
17470 174.402 2514.07 107940 
17480 174.492 2515.78 107910 
17490 174.581 2518.53 107970 
17500 174.672 2520.86 107970 
17510 174.762 2523.04 107970 
17520 174.852 2525.44 107820 
17530 174.942 2528.29 107970 
17540 175.032 2530.04 107940 
17550 175.122 2532.92 107940 
17560 175.213 2536.95 107910 
17570 175.302 2539.9 107940 
17580 175.391 2542.37 107880 
17590 175.482 2544.98 107940 
17600 175.572 2547.16 107820 
17610 175.662 2550.29 107940 
17620 175.752 2551.99 107880 
17630 175.842 2554.17 107910 
17640 175.932 2555.64 107910 
17650 176.021 2557.5 107970 
17660 176.111 2559 107940 
17670 176.201 2563.07 107940 
17680 176.291 2565.53 107880 
17690 176.381 2567.16 108000 
17700 176.471 2567.28 107910 
17710 176.561 2569.64 107970 
17720 176.65 2570.82 107940 
17730 176.74 2573.96 107940 
17740 176.829 2578.3 107970 
17750 176.918 2578 107910 
17760 177.009 2579.27 108000 
17770 177.099 2582.07 107910 
17780 177.189 2585.36 107910 
17790 177.278 2587.89 107970 
17800 177.368 2591.12 107940 
17810 177.457 2594.06 107910 
17820 177.547 2596.76 107940 
17830 177.637 2599.99 107940 
17840 177.726 2602.75 107940 
17850 177.816 2607.22 107970 
17860 177.906 2611.09 108000 
17870 177.996 2614.39 108000 
17880 178.085 2616.79 107940 
17890 178.175 2620.19 107970 
17900 178.264 2623.69 107910 
17910 178.354 2626.76 107970 
17920 178.444 2629.28 107940 
17930 178.533 2631.77 108000 
17940 178.622 2633.9 107970 
17950 178.712 2635.84 107970 
17960 178.801 2637.69 107850 
17970 178.89 2640.4 107970 
17980 178.979 2642.01 107970 
17990 179.068 2644.46 107970 
18000 179.158 2646.77 107940 
18010 179.247 2648.87 107940 
18020 179.337 2650.8 107970 
18030 179.426 2653.19 107910 
18040 179.516 2655.31 108000 
18050 179.605 2657.2 108000 
18060 179.694 2659.11 108000 
18070 179.784 2661.76 107970 
18080 179.873 2663.44 107940 
18090 179.962 2666.55 107970 
18100 180.052 2668.53 107910 
18110 180.14 2671.33 107940 
18120 180.229 2672.69 107850 
18130 180.318 2675.07 107970 
18140 180.409 2677.34 107970 
18150 180.498 2678.22 108000 
18160 180.587 2679.75 107850 
18170 180.676 2681.54 108000 
18180 180.765 2682.39 107910 
18190 180.854 2685.11 107910 
18200 180.944 2686.9 107910 
18210 181.033 2687.45 107820 
18220 181.123 2688.42 107940 
18230 181.213 2691.21 107940 
18240 181.302 2691.68 107910 
18250 181.39 2692.61 107940 
18260 181.48 2693.16 107850 
18270 181.569 2697.62 107970 
18280 181.658 2698.73 107910 
18290 181.748 2701.61 108000 
18300 181.838 2703.73 107940 
18310 181.926 2707.7 107970 
18320 182.016 2709.93 107940 
18330 182.105 2712.3 108000 
18340 182.194 2715.93 107880 
18350 182.283 2719.55 107910 
18360 182.373 2723.59 107910 
18370 182.462 2725.78 107940 
18380 182.55 2727.37 107880 
18390 182.639 2731.34 107910 
18400 182.727 2733.99 107910 
18410 182.817 2735.97 107880 
18420 182.907 2737.23 107850 
18430 182.995 2740.06 107970 
18440 183.083 2740.45 107940 
18450 183.172 2743.16 107910 
18460 183.263 2746.11 107940 
18470 183.352 2748.86 107910 
18480 183.44 2751.31 107820 
18490 183.529 2753.43 107970 
18500 183.617 2755.67 107820 
18510 183.706 2759.23 107940 
18520 183.795 2763.22 107940 
18530 183.884 2765.15 107910 
18540 183.973 2766.9 107970 
18550 184.061 2769.71 107970 
18560 184.15 2770.72 107880 
18570 184.239 2773.04 108000 
18580 184.328 2775.27 107880 
18590 184.416 2779.94 107910 
18600 184.505 2783.09 107910 
18610 184.596 2785.03 107910 
18620 184.684 2787.51 107940 
18630 184.771 2790.69 107910 
18640 184.861 2791.35 107910 
18650 184.951 2793.79 108000 
18660 185.038 2795.9 107820 
18670 185.127 2798.42 108000 
18680 185.216 2800.07 107910 
18690 185.305 2802.28 107910 
18700 185.394 2803.49 107910 
18710 185.482 2806.8 107880 
18720 185.572 2808.36 107850 
18730 185.661 2811.15 107880 
18740 185.749 2814.41 107910 
18750 185.837 2817.19 107970 
18760 185.927 2818.79 107970 
18770 186.015 2822.58 108000 
18780 186.102 2823.76 107910 
18790 186.191 2826.13 108000 
18800 186.282 2826.86 107940 
18810 186.369 2829.56 107940 
18820 186.458 2831.95 107850 
18830 186.546 2835.31 107910 
18840 186.636 2835.65 107910 
18850 186.723 2838.93 108000 
18860 186.812 2840.2 107910 
18870 186.901 2842.05 108000 
18880 186.989 2842.52 107880 
18890 187.079 2842.87 107970 
18900 187.169 2843.57 107970 
18910 187.257 2845.01 108000 
18920 187.345 2847.16 107940 
18930 187.434 2848.9 107910 
18940 187.524 2850.93 107850 
18950 187.613 2851.15 107970 
18960 187.702 2851.3 108000 
18970 187.792 2852.39 107940 
18980 187.881 2854.94 107940 
18990 187.969 2856.91 107940 
19000 188.058 2860.42 107910 
19010 188.147 2864.07 107910 
19020 188.236 2867.29 107940 
19030 188.324 2870.66 108000 
19040 188.413 2872.48 107940 
19050 188.501 2874.35 107970 
19060 188.591 2876.57 107970 
19070 188.68 2879.84 108000 
19080 188.769 2881.47 108000 
19090 188.858 2883.56 107940 
19100 188.947 2886.52 107820 
19110 189.035 2889.59 107970 
19120 189.123 2891.55 107970 
19130 189.212 2895.37 107940 
19140 189.302 2897.56 107970 
19150 189.39 2900.42 107850 
19160 189.479 2902.6 107940 
19170 189.567 2904.93 107880 
19180 189.656 2906.61 107910 
19190 189.745 2909.89 108000 
19200 189.833 2909.09 108000 
19210 189.922 2911.71 107940 
19220 190.011 2914.47 107910 
19230 190.1 2917.34 108000 
19240 190.187 2918.41 107880 
19250 190.277 2920.05 107940 
19260 190.366 2922.34 107910 
19270 190.453 2925.24 107850 
19280 190.543 2927.51 107910 
19290 190.632 2930.64 107970 
19300 190.721 2932.86 107970 
19310 190.809 2936.82 107970 
19320 190.898 2939.26 107880 
19330 190.987 2942.66 107940 
19340 191.075 2943.67 107910 
19350 191.164 2947.34 107910 
19360 191.253 2948.69 108000 
19370 191.342 2950.89 107880 
19380 191.431 2952.25 107970 
19390 191.519 2954.31 107850 
19400 191.608 2953.93 107910 
19410 191.697 2956.28 107940 
19420 191.786 2957.62 107970 
19430 191.875 2959.54 108000 
19440 191.965 2962.38 107940 
19450 192.053 2965.38 107910 
19460 192.142 2969.42 107850 
19470 192.231 2973.49 107850 
19480 192.32 2974.68 107940 
19490 192.408 2979.19 107940 
19500 192.498 2979.7 107850 
19510 192.585 2983.29 107940 
19520 192.674 2983.78 107940 
19530 192.762 2984.58 107910 
19540 192.851 2986.98 107850 
19550 192.94 2990.24 107970 
19560 193.028 2991.98 107910 
19570 193.117 2993.71 108000 
19580 193.207 2995.32 107910 
19590 193.294 2998.97 107850 
19600 193.382 3000.43 107910 
19610 193.472 3000.89 107970 
19620 193.562 3002.16 107910 
19630 193.649 3003.93 107910 
19640 193.738 3006.6 107940 
19650 193.828 3010.67 107940 
19660 193.917 3012.79 107910 
19670 194.004 3014.35 107940 
19680 194.093 3016.72 107910 
19690 194.183 3020.19 107910 
19700 194.272 3023.61 107910 
19710 194.359 3026.34 107970 
19720 194.447 3028.15 107940 
19730 194.536 3030.43 107940 
19740 194.624 3031.7 107850 
19750 194.714 3034.67 108000 
19760 194.804 3035.64 107970 
19770 194.891 3037.66 107970 
19780 194.981 3039.78 107940 
19790 195.07 3042.35 107970 
19800 195.158 3042.95 107970 
19810 195.247 3043.36 107970 
19820 195.337 3044.86 107970 
19830 195.426 3047.47 107910 
19840 195.513 3050.12 107910 
19850 195.601 3052.58 107940 
19860 195.691 3053.73 107910 
19870 195.779 3055.91 107880 
19880 195.867 3057.42 107940 
19890 195.955 3060.37 107910 
19900 196.043 3062.59 107970 
19910 196.133 3064.71 107880 
19920 196.221 3066.74 107910 
19930 196.311 3070.58 107910 
19940 196.399 3073.88 107820 
19950 196.487 3076.95 107880 
19960 196.576 3078.11 107850 
19970 196.664 3079.11 107910 
19980 196.753 3079.58 107880 
19990 196.841 3081.8 108000 
20000 196.929 3081.41 107940 
20010 197.018 3084.3 107940 
20020 197.107 3084.83 107880 
20030 197.196 3086.49 107970 
20040 197.283 3087.83 107940 
20050 197.371 3089.16 107940 
20060 197.462 3090.09 107910 
20070 197.55 3092.67 107910 
20080 197.638 3093.63 107760 
20090 197.726 3094.49 108000 
20100 197.815 3095.61 107910 
20110 197.904 3095.3 107970 
20120 197.993 3097.24 107910 
20130 198.081 3099.87 107910 
20140 198.17 3100.92 107970 
20150 198.257 3102.11 107970 
20160 198.347 3102.71 107850 
20170 198.437 3104.88 107940 
20180 198.525 3108.21 107970 
20190 198.612 3110.91 107970 
20200 198.702 3113.34 107820 
20210 198.79 3115.69 107880 
20220 198.879 3118.02 107730 
20230 198.968 3119.49 107850 
20240 199.058 3121.22 107970 
20250 199.146 3124.17 107910 
20260 199.234 3126.41 107940 
20270 199.324 3128.12 108000 
20280 199.413 3129.51 107910 
20290 199.5 3130.9 107940 
20300 199.589 3133.42 107940 
20310 199.678 3135.87 107970 
20320 199.765 3137.38 107910 
20330 199.854 3138.74 107910 
20340 199.942 3140.48 107910 
20350 200.03 3143.62 108000 
20360 200.119 3144.71 107940 
20370 200.206 3146.67 107880 
20380 200.296 3148.82 107970 
20390 200.386 3150.72 108000 
20400 200.474 3152.81 107910 
20410 200.562 3154.75 107940 
20420 200.652 3156.97 107970 
20430 200.741 3159.39 107970 
20440 200.828 3161.95 107970 
20450 200.917 3163.8 107970 
20460 201.006 3165.13 107970 
20470 201.096 3166.58 107970 
20480 201.185 3167.44 107940 
20490 201.273 3170.29 107910 
20500 201.361 3171.57 107910 
20510 201.451 3172.64 108000 
20520 201.541 3173.36 107910 
20530 201.629 3175.3 107940 
20540 201.717 3176.16 107850 
20550 201.806 3177.29 108000 
20560 201.896 3178.5 107940 
20570 201.984 3178.7 107910 
20580 202.073 3177.96 107940 
20590 202.161 3178.51 107970 
20600 202.251 3178.84 107850 
20610 202.34 3178.7 107910 
20620 202.428 3177.96 107850 
20630 202.517 3178.62 107970 
20640 202.607 3179.25 107910 
20650 202.695 3180.61 108000 
20660 202.783 3181.04 107970 
20670 202.873 3182.92 108000 
20680 202.962 3183.2 107910 
20690 203.05 3187.45 107970 
20700 203.138 3190.38 107970 
20710 203.227 3192.64 107970 
20720 203.316 3194.26 107970 
20730 203.404 3194.03 107970 
20740 203.493 3197.22 107940 
20750 203.582 3199.77 107880 
20760 203.671 3202.99 107910 
20770 203.76 3206.05 107910 
20780 203.849 3207.87 107910 
20790 203.937 3211.07 107970 
20800 204.026 3213.09 107880 
20810 204.115 3216.04 108000 
20820 204.204 3219.6 107910 
20830 204.292 3222.4 108000 
20840 204.381 3225.19 107850 
20850 204.47 3226.98 107910 
20860 204.56 3228.83 107940 
20870 204.648 3232.75 107970 
20880 204.737 3234.82 107970 
20890 204.825 3238.68 107970 
20900 204.913 3238.6 107970 
20910 205.002 3238.94 108000 
20920 205.09 3240.31 107880 
20930 205.18 3242.49 107940 
20940 205.268 3244.75 107970 
20950 205.357 3246.71 107940 
20960 205.446 3248.26 107910 
20970 205.534 3249.64 107970 
20980 205.623 3252.14 107970 
20990 205.711 3255.93 107940 
21000 205.8 3256.27 107940 
21010 205.889 3258.95 107970 
21020 205.978 3261.13 107940 
21030 206.067 3262.26 107910 
21040 206.156 3265.92 107940 
21050 206.246 3267.53 107970 
21060 206.335 3268.54 107910 
21070 206.423 3270.48 107970 
21080 206.512 3272.55 107940 
21090 206.6 3274.46 107940 
21100 206.689 3274.53 107940 
21110 206.777 3276.8 107940 
21120 206.867 3277.32 107910 
21130 206.955 3278.96 107940 
21140 207.044 3282.03 107880 
21150 207.133 3286.47 107970 
21160 207.221 3287.26 107970 
21170 207.31 3288.81 107940 
21180 207.4 3290.61 107880 
21190 207.489 3294.54 107940 
21200 207.577 3296.21 107940 
21210 207.666 3297.36 107910 
21220 207.755 3296.86 107880 
21230 207.844 3299.67 107970 
21240 207.933 3300.32 107910 
21250 208.023 3304.47 107970 
21260 208.111 3306.14 108000 
21270 208.2 3309.03 107970 
21280 208.289 3311.69 107910 
21290 208.377 3313.3 108000 
21300 208.466 3315.77 107910 
21310 208.554 3316.34 107970 
21320 208.644 3315.7 107910 
21330 208.733 3318.54 107910 
21340 208.822 3320.75 107880 
21350 208.91 3322.63 107910 
21360 208.998 3322.39 107760 
21370 209.088 3322.87 107910 
21380 209.176 3325.43 107850 
21390 209.265 3327.93 107970 
21400 209.354 3330.26 107910 
21410 209.443 3330.79 108000 
21420 209.534 3334.31 107940 
21430 209.622 3337.05 107970 
21440 209.711 3339.26 107970 
21450 209.8 3342.79 107970 
21460 209.89 3345.63 107910 
21470 209.977 3347.39 107910 
21480 210.067 3351.19 107940 
21490 210.156 3353.79 107940 
21500 210.245 3356.22 107910 
21510 210.332 3357.8 107940 
21520 210.421 3359.23 107940 
21530 210.509 3362.53 107910 
21540 210.598 3364.21 107910 
21550 210.686 3365.04 107970 
21560 210.775 3369.22 107940 
21570 210.864 3369.33 107910 
21580 210.953 3374.1 107910 
21590 211.041 3376.66 107940 
21600 211.13 3376.57 107880 
21610 211.218 3378.01 107970 
21620 211.307 3378.48 107940 
21630 211.395 3381.69 107880 
21640 211.483 3384.38 107880 
21650 211.571 3385.91 108000 
21660 211.66 3388.35 107880 
21670 211.748 3390.12 107850 
21680 211.836 3392.9 107910 
21690 211.925 3395.44 107910 
21700 212.014 3397.5 107910 
21710 212.102 3400.8 107910 
21720 212.19 3404.53 107940 
21730 212.279 3407.04 108000 
21740 212.368 3406.3 107940 
21750 212.456 3410.14 107970 
21760 212.545 3410.69 107910 
21770 212.633 3411.35 107970 
21780 212.72 3414.79 107910 
21790 212.809 3415.95 107910 
21800 212.897 3419.05 107760 
21810 212.984 3422.63 107910 
21820 213.074 3422.11 107910 
21830 213.162 3424.05 107910 
21840 213.25 3425.04 107910 
21850 213.338 3429.5 107940 
21860 213.426 3429.88 107820 
21870 213.491 3431.4 107370 
21880 213.59 3433.07 107520 
21890 213.691 3434.86 107700 
21900 213.795 3434.93 107760 
21910 213.898 3435.14 107790 
21920 214.001 3435.23 107880 
21930 214.103 3435.22 107820 
21940 214.205 3435.44 107910 
21950 214.307 3435.17 108000 
21960 214.411 3435.85 107970 
21970 214.515 3437.5 107970 
21980 214.618 3435.86 107940 
21990 214.719 3436.93 107940 
22000 214.82 3435.62 107970 
22010 214.921 3435.08 107910 
22020 215.023 3435.44 107940 
22030 215.124 3433.06 107940 
22040 215.224 3433.91 107940 
22050 215.324 3436.35 107970 
22060 215.426 3436.93 107970 
22070 215.526 3437.04 107940 
22080 215.626 3440.14 107970 
22090 215.725 3442.09 107940 
22100 215.824 3442.56 108000 
22110 215.923 3445.6 108000 
22120 216.022 3445.82 107940 
22130 216.121 3445.75 107880 
22140 216.22 3445.36 107970 
22150 216.32 3449.94 107970 
22160 216.419 3451.32 107970 
22170 216.519 3454.14 108000 
22180 216.618 3457.52 107940 
22190 216.718 3457.86 107970 
22200 216.816 3459.11 107970 
22210 216.914 3457.99 107970 
22220 217.012 3457.86 108000 
22230 217.11 3457.34 108000 
22240 217.209 3457.54 107880 
22250 217.308 3460.96 107940 
22260 217.408 3460.87 107970 
22270 217.507 3461.18 107940 
22280 217.606 3462.02 108000 
22290 217.704 3463.06 107970 
22300 217.802 3465.08 108000 
22310 217.901 3467.19 107850 
22320 218 3469.83 107970 
22330 218.099 3469.05 107970 
22340 218.197 3470.37 107940 
22350 218.295 3469.72 108000 
22360 218.391 3473.08 107970 
22370 218.488 3473.8 107940 
22380 218.584 3475.32 107880 
22390 218.68 3478.48 108000 
22400 218.777 3477.88 107940 
22410 218.875 3477.84 107940 
22420 218.972 3479.57 107910 
22430 219.069 3481.14 107940 
22440 219.166 3482.86 108000 
22450 219.263 3484.4 107970 
22460 219.359 3488.18 108000 
22470 219.455 3489.55 107970 
22480 219.551 3490.43 108000 
22490 219.647 3488.15 107970 
22500 219.742 3486.96 107910 
22510 219.838 3488.92 108000 
22520 219.933 3487.95 107970 
22530 220.028 3487.22 108000 
22540 220.123 3484.48 108000 
22550 220.217 3484.67 107970 
22560 220.311 3488.1 107910 
22570 220.405 3489.49 107970 
22580 220.5 3492.83 108000 
22590 220.594 3493.15 108000 
22600 220.688 3494.77 107940 
22610 220.781 3494.78 108000 
22620 220.873 3497.01 107940 
22630 220.966 3497.81 107940 
22640 221.058 3502.08 107910 
22650 221.15 3502.1 107970 
22660 221.243 3501.71 108000 
22670 221.335 3503.47 107880 
22680 221.427 3504.09 107970 
22690 221.52 3508.03 107940 
22700 221.612 3508.71 107910 
22710 221.704 3510.47 107910 
22720 221.796 3512.17 107940 
22730 221.888 3512.71 107970 
22740 221.979 3517.04 107880 
22750 222.069 3516.88 107880 
22760 222.16 3519.57 107910 
22770 222.252 3520.89 108000 
22780 222.343 3523.91 107790 
22790 222.434 3527.39 107940 
22800 222.526 3527.68 107970 
22810 222.617 3531.43 107970 
22820 222.707 3534.91 107940 
22830 222.797 3537.44 107970 
22840 222.888 3541.48 107880 
22850 222.978 3545.6 107940 
22860 223.069 3547.17 108000 
22870 223.16 3549.24 107940 
22880 223.252 3550.75 107940 
22890 223.342 3553.89 108000 
22900 223.432 3554.46 107910 
22910 223.522 3554.45 108000 
22920 223.614 3556.51 107970 
22930 223.705 3558 107940 
22940 223.796 3559.39 107880 
22950 223.886 3560.99 107880 
22960 223.976 3561.6 107910 
22970 224.067 3565.06 107910 
22980 224.157 3564.87 107940 
22990 224.246 3569.9 107970 
23000 224.337 3572.14 107910 
23010 224.426 3573.11 107910 
23020 224.517 3576.84 107940 
23030 224.607 3580 107910 
23040 224.697 3583.35 107880 
23050 224.787 3586.54 108000 
23060 224.877 3588.33 107940 
23070 224.967 3589.37 108000 
23080 225.06 3590.81 107970 
23090 225.15 3592.3 107940 
23100 225.239 3592.4 107910 
23110 225.33 3593.47 107910 
23120 225.419 3596.24 107910 
23130 225.51 3597.43 107850 
23140 225.601 3597.15 107970 
23150 225.691 3601.01 107910 
23160 225.781 3600.3 107970 
23170 225.871 3604.91 107970 
23180 225.961 3606.51 107880 
23190 226.051 3608.8 107970 
23200 226.141 3608.88 107820 
23210 226.23 3613.05 107970 
23220 226.32 3615.18 107790 
23230 226.409 3618.04 107910 
23240 226.5 3619.73 107880 
23250 226.589 3621.17 107970 
23260 226.679 3623.93 107910 
23270 226.767 3628.26 107880 
23280 226.857 3630.65 107970 
23290 226.948 3629.4 108000 
23300 227.037 3629.9 108000 
23310 227.126 3632.92 107970 
23320 227.215 3630.76 107970 
23330 227.304 3631.88 108000 
23340 227.394 3632.45 107910 
23350 227.484 3632.34 107970 
23360 227.575 3635.9 107910 
23370 227.664 3634.99 107970 
23380 227.753 3638.8 108000 
23390 227.842 3639.75 107940 
23400 227.931 3640.77 107940 
23410 228.021 3641.51 107940 
23420 228.111 3646.41 107970 
23430 228.2 3646.75 107970 
23440 228.29 3651.57 107910 
23450 228.379 3652.79 107940 
23460 228.468 3651.64 107850 
23470 228.556 3655.4 107910 
23480 228.645 3658.51 107850 
23490 228.735 3657.99 107820 
23500 228.825 3661.7 107940 
23510 228.913 3660.84 108000 
23520 229.003 3661.36 107940 
23530 229.092 3664.37 107970 
23540 229.181 3665.35 107880 
23550 229.27 3667.19 107970 
23560 229.358 3670.15 107910 
23570 229.447 3675.28 108000 
23580 229.536 3677.42 107820 
23590 229.624 3682.31 107910 
23600 229.713 3683.38 107850 
23610 229.803 3685.34 107970 
23620 229.892 3686.68 107940 
23630 229.981 3686.67 107940 
23640 230.07 3690.46 107880 
23650 230.159 3692.45 107970 
23660 230.248 3691.23 107940 
23670 230.337 3691.13 108000 
23680 230.425 3693.54 107880 
23690 230.514 3691.92 107880 
23700 230.603 3690.92 107970 
23710 230.691 3693.06 107910 
23720 230.779 3691.62 108000 
23730 230.869 3693.44 107970 
23740 230.958 3695.4 107940 
23750 231.048 3700.43 107970 
23760 231.136 3702.43 107970 
23770 231.226 3704.1 107940 
23780 231.316 3703.47 107880 
23790 231.406 3704.21 108000 
23800 231.495 3704.61 107910 
23810 231.584 3705.8 107910 
23820 231.674 3708.18 107910 
23830 231.763 3713.47 108000 
23840 231.851 3711.32 107850 
23850 231.941 3712.19 107910 
23860 232.031 3708.98 107940 
23870 232.12 3712.49 107970 
23880 232.209 3710.54 107910 
23890 232.298 3710.2 107940 
23900 232.388 3710.29 107940 
23910 232.478 3713.06 108000 
23920 232.567 3713.93 107880 
23930 232.656 3718.28 107940 
23940 232.745 3719.93 108000 
23950 232.834 3720.98 107940 
23960 232.922 3724.06 107850 
23970 233.011 3724.91 107880 
23980 233.101 3726.78 107940 
23990 233.189 3728.02 107910 
24000 233.278 3729.65 107940 
24010 233.368 3732.53 107910 
24020 233.458 3733.17 107850 
24030 233.546 3737.49 107970 
24040 233.634 3739.89 107970 
24050 233.722 3739.22 107970 
24060 233.812 3741.82 107940 
24070 233.901 3743.25 107940 
24080 233.99 3744 107730 
24090 234.079 3744.36 108000 
24100 234.168 3746.37 108000 
24110 234.256 3746.4 107970 
24120 234.345 3752.09 107910 
24130 234.434 3756.04 107910 
24140 234.522 3755.88 107880 
24150 234.61 3760.29 107970 
24160 234.699 3760.18 107940 
24170 234.788 3761.7 107880 
24180 234.877 3764.17 107910 
24190 234.965 3765.61 107910 
24200 235.054 3765.26 107850 
24210 235.143 3765.07 107940 
24220 235.232 3767.1 107850 
24230 235.319 3768.77 107940 
24240 235.408 3769.31 107940 
24250 235.497 3773.51 107910 
24260 235.586 3772.69 107940 
24270 235.674 3771.31 107910 
24280 235.763 3770 107940 
24290 235.851 3771.54 107970 
24300 235.94 3770.86 107910 
24310 236.028 3774.19 108000 
24320 236.116 3778.45 107940 
24330 236.205 3780.08 107850 
24340 236.294 3784.02 107970 
24350 236.381 3786.99 107940 
24360 236.47 3789.88 107820 
24370 236.559 3796.14 107940 
24380 236.646 3789.3 107880 
24390 236.736 3789.53 107910 
24400 236.824 3791.76 107790 
24410 236.912 3794.04 107820 
24420 237 3797.9 107970 
24430 237.088 3800.98 107970 
24440 237.177 3800.23 107970 
24450 237.266 3800.93 107940 
24460 237.354 3802.46 107940 
24470 237.442 3804.21 107940 
24480 237.53 3804.66 107970 
24490 237.618 3805.42 107970 
24500 237.707 3805.53 107970 
24510 237.797 3808.59 107910 
24520 237.884 3812.11 107910 
24530 237.972 3812.39 107970 
24540 238.061 3811.13 107940 
24550 238.149 3811.42 107970 
24560 238.237 3813.96 107910 
24570 238.326 3818.66 107940 
24580 238.416 3821.2 107910 
24590 238.503 3828.23 107910 
24600 238.591 3830.3 107940 
24610 238.679 3833.75 107970 
24620 238.767 3838.69 107880 
24630 238.854 3845.99 107940 
24640 238.943 3848.64 107880 
24650 239.03 3854.53 107970 
24660 239.117 3856.67 108000 
24670 239.207 3858.8 107970 
24680 239.295 3861.37 107940 
24690 239.383 3866.7 107940 
24700 239.473 3865.04 107910 
24710 239.561 3864.8 107880 
24720 239.649 3865.36 107940 
24730 239.736 3868.72 107940 
24740 239.824 3869.13 107880 
24750 239.912 3870.78 107970 
24760 240.002 3869.63 107940 
24770 240.09 3870.54 107970 
24780 240.178 3871.31 107790 
24790 240.266 3873.07 107940 
24800 240.354 3876.38 107880 
24810 240.442 3880.45 107910 
24820 240.53 3882.33 107940 
24830 240.618 3884.87 107880 
24840 240.706 3884.83 107910 
24850 240.794 3889.53 107970 
24860 240.882 3892.57 107970 
24870 240.971 3896.93 108000 
24880 241.058 3897.36 107970 
24890 241.147 3899.2 107880 
24900 241.234 3902.41 107910 
24910 241.322 3902.51 107910 
24920 241.41 3907.99 107850 
24930 241.499 3909.71 107910 
24940 241.588 3908.87 107970 
24950 241.675 3908.29 107880 
24960 241.764 3909.81 107970 
24970 241.851 3912.37 107910 
24980 241.938 3910.31 107880 
24990 242.028 3909.26 107940 
25000 242.117 3908.79 108000 
