# Avida Average Data
# Mon Jan 16 14:37:47 2017
#  1: Update
#  2: Merit
#  3: Gestation Time
#  4: Fitness
#  5: Repro Rate?
#  6: (deprecated) Size
#  7: Copied Size
#  8: Executed Size
#  9: (deprecated) Abundance
# 10: Proportion of organisms that gave birth in this update
# 11: Proportion of Breed True Organisms
# 12: (deprecated) Genotype Depth
# 13: Generation
# 14: Neutral Metric
# 15: Lineage Label
# 16: True Replication Rate (based on births/update, time-averaged)

0 97 389 0 0 0 100 97 0 1 1 0 0 0 0 0 
100 97 389 0 0 0 100 97 0 0 0 0 0 0 0 0 
200 97 389 0 0 0 100 97 0 0 0 0 0 0 0 0 
300 97 389 0 0 0 100 97 0 0 0 0 0 0 0 0 
400 97 389 0.249357 0 0 100 97 0 0 0 0 1 -0.0566997 0 0 
500 97 389 0.249357 0 0 100 97 0 0 0 0 1 -0.0566997 0 0.291 
600 97 389 0.249357 0 0 100 97 0 0 0 0 1 -0.0566997 0 0.097 
700 97 389 0.249357 0 0 100 97 0 0 0 0 1 -0.0566997 0 0.097 
800 97 389 0.249357 0 0 100 97 0 0 0 0 2 0.792782 0 0.210167 
900 97 389 0.249357 0 0 100 97 0 0 0 0 2 0.792782 0 0.113167 
1000 97 389 0.249357 0 0 100 97 0 0 0 0 2 0.792782 0 0.113167 
1100 97 389 0.249357 0 0 100 97 0 0 0 0 2 0.792782 0 0.113167 
1200 97 388.714 0.249541 0 0 100 97 0 0 0 0 2.85714 1.38837 0 0.212014 
1300 97 388.75 0.249518 0 0 100 97 0 0 0 0 3 1.08148 0 0.123098 
1400 97 388.75 0.249518 0 0 100 97 0 0 0 0 3 1.08148 0 0.123098 
1500 97 388.75 0.249518 0 0 100 97 0 0 0 0 3 1.08148 0 0.123098 
1600 97.2857 389.857 0.249541 0 0 100.143 97.2857 0 0 0 0 3.85714 1.31707 0 0.226846 
1700 97.25 389.625 0.249598 0 0 100.125 97.25 0 0 0 0 4 0.768007 0 0.153124 
1800 97.25 389.625 0.249598 0 0 100.125 97.25 0 0 0 0 4 0.768007 0 0.128874 
1900 96.4 388.7 0.247994 0 0 100.15 96.4 0 0.05 0 0 4.4 1.28941 0 0.160504 
2000 96.8571 389.643 0.248566 0 0 100.321 96.8571 0 0 0 0 4.92857 1.25418 0 0.24925 
2100 97.1034 389.586 0.249241 0 0 100.31 97.1034 0 0 0 0 5 0.91123 0 0.158878 
2200 97.1034 389.586 0.249241 0 0 100.31 97.1034 0 0 0 0 5 0.91123 0 0.133753 
2300 97.2973 390.054 0.249436 0 0 100.459 97.2973 0 0 0 0 5.48649 1.51676 0 0.186627 
2400 97.383 390.319 0.249482 0 0 100.511 97.383 0 0 0 0 5.89362 0.993452 0 0.219225 
2500 97.383 390.362 0.249454 0 0 100.511 97.383 0 0 0 0 5.93617 0.901313 0 0.138767 
2600 97.383 390.362 0.249454 0 0 100.511 97.383 0 0 0 0 5.93617 0.901313 0 0.12539 
2700 97.7193 391.14 0.249818 0 0 100.684 97.7193 0 0 0 0 6.45614 1.49441 0 0.180746 
2800 97.8714 391.4 0.250041 0 0 100.857 97.8714 0 0 0 0 6.9 1.41093 0 0.188812 
2900 97.8714 391.414 0.250032 0 0 100.857 97.8714 0 0 0 0 6.92857 1.29843 0 0.130177 
3000 96.493 388.437 0.247784 0 0 100.127 96.493 0 0 0 0 6.95775 1.29194 0 0.124607 
3100 96.9545 390.307 0.247889 0 0 100.67 96.9545 0 0 0 0 7.60227 1.80158 0 0.193965 
3200 97.0408 390.082 0.248301 0 0 100.643 97.0408 0 0 0 0 7.87755 1.73434 0 0.18443 
3300 97.0505 390.101 0.248318 0 0 100.646 97.0505 0 0 0 0 7.91919 1.59356 0 0.131352 
3400 97.03 389.98 0.248348 0 0 100.62 97.03 0 0 0 0 7.94 1.56258 0 0.1277 
3500 97.4701 392.991 0.247663 0 0 100.94 97.4701 0 0 0 0 8.58974 1.96766 0 0.201544 
3600 97.2481 392.158 0.247661 0 0 100.865 97.2481 0 0 0 0 8.87218 1.59435 0 0.17392 
3700 97.2481 392.158 0.247661 0 0 100.865 97.2481 0 0 0 0 8.88722 1.50216 0 0.131023 
3800 97.2044 392.124 0.247587 0 0 100.92 97.2044 0 0.00729927 0.00729927 0 9.0438 1.6449 0 0.137644 
3900 97.9013 393.77 0.248384 0 0 101.711 97.9013 0 0 0 0 9.65789 1.9893 0 0.201896 
4000 97.5939 392.939 0.248137 0 0 101.588 97.5939 0 0 0 0 9.87273 1.57094 0 0.162424 
4100 97.5939 392.915 0.248153 0 0 101.588 97.5939 0 0 0 0 9.88485 1.57205 0 0.121873 
4200 97.6235 392.859 0.248271 0 0 101.6 97.6235 0 0 0 0 10.0529 1.69814 0 0.135323 
4300 97.3542 397.422 0.245792 0 0 102.245 98.3438 0 0 0 0 10.6042 1.75149 0 0.185845 
4400 97.1618 394.779 0.246317 0 0 102.172 97.6275 0 0.00490196 0 0 10.8431 1.50235 0 0.154792 
4500 97.2108 394.843 0.246405 0 0 102.176 97.6765 0 0 0 0 10.8578 1.47788 0 0.121512 
4600 97.3839 393.142 0.247333 0 0 101.725 97.3839 0 0.00947867 0.00473934 0 11.0711 1.44457 0 0.142879 
4700 98.075 395.312 0.247742 0 0 102.267 98.075 0 0 0 0 11.6042 1.62231 0 0.196487 
4800 97.6813 394.359 0.247287 0 0 101.96 97.6813 0 0 0 0 11.8127 1.34758 0 0.164056 
4900 97.5675 394.286 0.247037 0 0 101.976 97.5675 0 0 0 0 11.8333 1.33529 0 0.132796 
5000 97.5271 394.372 0.246894 0 0 102.062 97.5271 0 0 0 0 12.0698 1.41819 0 0.154286 
5100 97.5808 395.811 0.245963 0 0 102.433 97.5808 0 0 0 0 12.6564 1.68932 0 0.196533 
5200 97.6379 396.897 0.245875 0 0 102.734 97.9236 0 0 0 0 12.8106 1.59086 0 0.150411 
5300 97.7599 397.888 0.24575 0 0 102.931 98.0428 0 0.00328947 0 0 12.8553 1.48069 0 0.123653 
5400 98.7776 398.435 0.24798 0 0 103.022 98.2965 0 0 0 0 13.1136 1.62916 0 0.147556 
5500 99.3491 399.066 0.248949 0 0 103.489 98.9109 0 0.00574713 0.00287356 0 13.6034 1.57431 0 0.183785 
5600 99.1685 398.543 0.248715 0 0 103.259 98.7604 0 0 0 0 13.7465 1.4819 0 0.140947 
5700 98.7734 397.951 0.247995 0 0 103.074 98.3709 0 0 0 0 13.8022 1.35288 0 0.125857 
5800 98.4734 399 0.246482 0 0 103.399 98.7314 0 0.00265957 0 0 14.0984 1.38984 0 0.148213 
5900 98.3276 399.103 0.245945 0 0 103.333 98.5672 0 0.00244499 0 0 14.621 1.32476 0 0.181547 
6000 97.9378 399.316 0.244935 0 0 103.194 98.3421 0 0 0 0 14.8038 1.23292 0 0.143326 
6100 97.5495 398.762 0.244198 0 0 103.061 97.9481 0 0 0 0 14.8632 1.12633 0 0.12971 
6200 97.9618 400.076 0.244443 0 0 103.512 98.3483 0 0.00449438 0 0 15.209 1.18798 0 0.160234 
6300 98.4097 401.29 0.245029 0 0 103.95 98.8676 0 0.00630252 0.00420168 0 15.6471 1.18101 0 0.187845 
6400 98.1983 401.752 0.244329 0 0 103.907 98.8388 0 0 0 0 15.7583 1.13837 0 0.143917 
6500 97.9289 401.266 0.243876 0 0 103.724 98.5589 0 0.00203252 0.00203252 0 15.8354 1.12928 0 0.129078 
6600 98.0957 400.943 0.24437 0 0 103.764 98.5449 0 0 0 0 16.2285 1.24247 0 0.165406 
6700 98.8971 402.987 0.24533 0 0 104.346 99.3824 0 0.00183824 0.00183824 0 16.6452 1.21429 0 0.177897 
6800 98.7694 403.009 0.245053 0 0 104.366 99.3297 0 0 0 0 16.7694 1.13632 0 0.139048 
6900 98.9254 403.663 0.245113 0 0 104.536 99.4813 0 0 0 0 16.8632 1.1382 0 0.13108 
7000 99.5487 404.819 0.24596 0 0 105.121 100 0 0.00671141 0.0033557 0 17.344 1.35523 0 0.17785 
7100 100.127 407.907 0.246043 0 0 105.77 100.945 0 0.00321543 0.00321543 0 17.7042 1.36006 0 0.179842 
7200 100.267 409.013 0.245964 0 0 105.919 101.07 0 0 0 0 17.8041 1.21082 0 0.14596 
7300 100 409.488 0.245297 0 0 105.82 101.073 0 0 0 0 17.9047 1.24691 0 0.139419 
7400 100.332 411.534 0.245379 0 0 106.085 101.666 0 0.00299401 0 0 18.2754 1.28989 0 0.175166 
7500 101.05 412.529 0.246376 0 0 106.548 102.332 0 0.00143062 0.00143062 0 18.6581 1.32053 0 0.179812 
7600 100.843 412.031 0.246141 0 0 106.444 102.101 0 0 0 0 18.7795 1.22494 0 0.152035 
7700 101.087 412.471 0.246946 0 0 106.501 101.97 0 0 0 0 18.8643 1.28406 0 0.145423 
7800 101.643 412.76 0.248139 0 0 106.627 101.893 0 0.00134228 0 0 19.2081 1.30376 0 0.175556 
7900 395.687 410.432 1.02427 0 0 106.214 101.571 0 0 0 0 19.6602 1.28863 0 0.18866 
8000 1690.95 407.658 4.50407 0 0 105.749 100.676 0 0.001287 0.001287 0 20.529 1.46636 0 0.539101 
8100 120.102 407.685 0.299453 0 0 105.777 100.728 0 0 0 0 20.8577 1.26909 0 0.772178 
8200 125.884 407.279 0.315077 0 0 105.746 100.54 0 0.00125786 0.00125786 0 21.234 1.28969 0 0.780814 
8300 129.069 404.955 0.324488 0 0 105.178 99.9529 0 0.00123916 0 0 21.5143 1.29458 0 0.761372 
8400 1958.48 403.902 5.14921 0 0 105.004 99.8333 0 0.00490196 0.00122549 0 22.3493 1.21844 0 0.894396 
8500 3947.84 402.678 10.4976 0 0 104.71 99.6924 0 0 0 0 23.3848 1.10615 0 1.51495 
8600 157.713 401.794 0.40325 0 0 104.658 99.5303 0 0.00247219 0.00123609 0 23.9197 1.08663 0 2.09553 
8700 163.672 400.417 0.420042 0 0 104.368 99.4158 0 0.00477897 0.00238949 0 24.902 1.01282 0 2.15085 
8800 189.91 400.37 0.490051 0 0 104.459 99.446 0 0.00352113 0.00117371 0 25.3779 1.03386 0 2.20894 
8900 331.583 400.986 0.861381 0 0 104.705 99.7158 0 0.00115075 0.00115075 0 25.6087 1.05432 0 2.06576 
9000 4435.27 400.342 11.6015 0 0 104.475 99.4248 0 0.00114811 0 0 27.1561 1.17936 0 1.93367 
9100 407.019 399.288 1.09131 0 0 104.391 99.2294 0 0.00114679 0 0 28.32 1.08929 0 2.26102 
9200 188.087 399.299 0.486475 0 0 104.482 99.1893 0 0 0 0 28.1939 1.1314 0 2.23056 
9300 818.332 399.633 2.03156 0 0 104.588 99.0904 0 0 0 0 29.6138 1.24394 0 2.26275 
9400 1847.53 401.517 4.43918 0 0 105.083 99.4855 0 0.00446429 0 0 30.4051 1.45836 0 2.57785 
9500 3710.99 404.259 8.79842 0 0 105.781 100.177 0 0.00111483 0 0 31.5775 1.67082 0 2.54774 
9600 755.199 406.867 1.87722 0 0 106.497 100.795 0 0 0 0 32.4051 1.78362 0 2.22719 
9700 1885.29 405.413 4.83932 0 0 106.29 100.546 0 0.00112108 0 0 32.8868 1.79806 0 2.48852 
9800 923.526 405.305 2.41825 0 0 106.318 100.536 0 0 0 0 33.648 1.98114 0 3.02879 
9900 1441.42 405.173 3.69122 0 0 106.332 100.354 0 0.00112108 0 0 34.3318 1.76719 0 2.90956 
10000 2341.98 406.392 5.82114 0 0 106.552 100.579 0 0 0 0 35.5671 1.79772 0 2.53783 
10100 3473.04 407.948 8.42147 0 0 106.822 100.773 0 0.00220751 0.00110375 0 37.5 1.73994 0 2.52181 
10200 4480.93 408.376 11.3106 0 0 107.004 100.817 0 0.00332594 0.00110865 0 38.9246 1.85238 0 3.12974 
10300 4638.33 408.254 11.6791 0 0 107.093 100.765 0 0.00221484 0 0 41.2215 1.92911 0 3.83587 
10400 4887.55 408.508 12.3237 0 0 107.216 101.031 0 0.00221729 0.00221729 0 43.02 1.92919 0 4.97232 
10500 6560.67 408.095 16.814 0 0 107.134 100.885 0 0.00110375 0.00110375 0 44.2991 1.96113 0 6.08374 
10600 5302.24 409.299 13.1801 0 0 107.218 100.985 0 0 0 0 45.4912 1.92666 0 7.03796 
10700 6655.07 409.486 16.6344 0 0 107.178 100.831 0 0.00221729 0.00110865 0 46.4568 1.87039 0 7.64454 
10800 7702.84 410.113 19.3348 0 0 107.312 101.036 0 0.00110375 0.00110375 0 48.0552 1.92718 0 8.77135 
10900 7131.89 409.584 17.8559 0 0 107.366 101.176 0 0 0 0 49.7822 1.89706 0 9.672 
11000 7713.19 408.218 19.4444 0 0 107.383 101.073 0 0 0 0 51.1681 1.97965 0 10.3258 
11100 7759.21 407.97 19.6127 0 0 107.346 100.999 0 0.0010846 0 0 52.2744 2.05335 0 10.6223 
11200 8474.94 406.489 21.4601 0 0 107.04 100.554 0 0 0 0 53.4449 2.1024 0 11.2006 
11300 10875.1 406.093 27.5723 0 0 107.054 100.476 0 0.00212314 0.00106157 0 55.6423 2.23621 0 11.9013 
11400 12155.2 405.205 30.8126 0 0 106.902 100.358 0 0 0 0 57.232 2.26814 0 12.7441 
11500 11449.2 404.613 29.0852 0 0 106.846 100.286 0 0 0 0 59.3292 2.25327 0 14.817 
11600 11120.7 404.297 28.2892 0 0 106.791 100.231 0 0.00304878 0.00101626 0 60.4411 2.56092 0 15.4896 
11700 11074.9 404.119 28.1287 0 0 106.844 100.33 0 0.00301811 0 0 61.6348 2.57732 0 16.4658 
11800 13676 403.444 34.8357 0 0 106.835 100.209 0 0.00297324 0.00198216 0 63.3013 2.73448 0 17.0301 
11900 15319.8 402.92 39.1155 0 0 106.828 100.132 0 0 0 0 64.6804 2.80387 0 18.2007 
12000 14432 403.515 36.6044 0 0 106.856 100.236 0 0 0 0 66.6326 2.83017 0 19.8088 
12100 14492.1 402.023 36.9082 0 0 106.59 99.7916 0 0.000956023 0 0 67.0889 2.95714 0 19.3811 
12200 13172.3 400.331 33.6195 0 0 106.618 99.662 0 0.00184672 0.00184672 0 69.8356 3.04406 0 22.2903 
12300 13605.8 400.46 34.717 0 0 106.716 99.8232 0 0 0 0 70.3122 3.07638 0 21.0233 
12400 17084.7 400.046 43.5606 0 0 106.634 99.7125 0 0.000904159 0.000904159 0 72.2224 3.21151 0 22.627 
12500 18217.5 399.966 46.4383 0 0 106.748 99.8048 0 0.00268577 0.000895255 0 73.1065 3.29446 0 20.6088 
12600 17334.1 399.962 44.1073 0 0 106.886 99.9204 0 0.000874891 0 0 75.5004 3.17303 0 26.1417 
12700 14842.6 398.696 37.8515 0 0 106.648 99.5796 0 0 0 0 76.3455 3.27215 0 23.5533 
12800 16974.6 397.706 43.3854 0 0 106.414 99.366 0 0.00257732 0.00171821 0 77.5799 3.33633 0 25.8928 
12900 19176 398.843 48.7315 0 0 106.654 99.7225 0 0 0 0 78.7149 3.49482 0 25.4944 
13000 19341.8 397.836 49.2537 0 0 106.489 99.5021 0 0.00415628 0.000831255 0 80.2178 3.46569 0 27.74 
13100 19867.3 397.579 50.6329 0 0 106.523 99.4668 0 0 0 0 81.5553 3.5853 0 26.6613 
13200 17802.4 398.011 45.1859 0 0 106.586 99.5919 0 0.000813008 0.000813008 0 82.3203 3.67588 0 26.9103 
13300 18568.2 398.609 46.892 0 0 106.617 99.5807 0 0.00160643 0.000803213 0 83.6281 3.70707 0 28.1413 
13400 20321.8 401.197 51.2361 0 0 107.242 100.351 0 0.0015748 0 0 85.0346 3.65921 0 29.0887 
13500 21062.9 400.729 53.2891 0 0 107.148 100.246 0 0.00234558 0.00156372 0 85.7514 3.72874 0 26.9172 
13600 22492 399.894 57.0267 0 0 107.033 99.9046 0 0.001514 0.000757002 0 87.7744 3.71547 0 31.0389 
13700 19753.3 400.814 49.8948 0 0 107.095 99.9723 0 0.000747384 0 0 88.63 3.84394 0 31.5522 
13800 19107.2 400.083 48.3205 0 0 106.991 99.772 0 0.00148038 0 0 89.4078 3.93621 0 30.0722 
13900 22271.1 400.887 55.9168 0 0 107.072 99.8836 0 0.00436681 0.00218341 0 90.9796 3.89501 0 31.9617 
14000 23982.1 400.42 60.4336 0 0 107.128 99.877 0 0 0 0 91.917 4.14349 0 33.873 
14100 24096.1 400.426 60.6772 0 0 106.989 99.721 0 0.00283286 0 0 92.796 4.12427 0 30.2119 
14200 23091.5 399.705 58.3398 0 0 107.156 99.7766 0 0 0 0 94.1269 4.13555 0 36.5917 
14300 21076.9 399.696 53.2466 0 0 107.156 99.7124 0 0.00136612 0 0 94.6052 4.25983 0 35.1907 
14400 21219.6 399.842 53.741 0 0 107.104 99.7749 0 0.00269542 0.00134771 0 95.7716 4.39507 0 32.6136 
14500 26390.4 399.041 67.0677 0 0 107.089 99.6377 0 0.0013245 0.000662252 0 97.1437 4.15007 0 35.3173 
14600 27883.1 398.724 70.5644 0 0 106.991 99.6164 0 0 0 0 98.1378 4.29251 0 35.3905 
14700 27880.5 399.215 70.5961 0 0 107.03 99.7513 0 0.00255102 0.000637755 0 99.4184 4.43247 0 32.8602 
14800 23289.1 398.6 59.0933 0 0 107.113 99.5565 0 0.00370599 0.001853 0 100.728 4.38382 0 41.7074 
14900 23970.3 398.866 60.1853 0 0 107.017 99.3763 0 0.000613874 0 0 101.077 4.45195 0 39.6505 
15000 25190.2 398.336 64.0694 0 0 107.088 99.4248 0 0.00060423 0 0 101.834 4.52655 0 35.8874 
15100 28161.6 398.729 71.605 0 0 107.329 99.7322 0 0.00117994 0 0 103.25 4.69002 0 40.4902 
15200 27014 398.812 68.5972 0 0 107.454 99.905 0 0.00173812 0 0 104.087 4.76463 0 41.1 
15300 25823.9 399.377 65.4518 0 0 107.598 100.167 0 0.00114482 0.00057241 0 105.014 4.81163 0 36.6865 
15400 25493.8 397.907 64.778 0 0 107.181 99.6455 0 0.00168539 0 0 105.814 4.89857 0 40.6507 
15500 27302.1 395.983 69.5924 0 0 106.86 99.255 0 0.00331858 0.00165929 0 106.725 4.97151 0 42.7311 
15600 29540.3 395.674 75.1512 0 0 106.726 99.2684 0 0.00272183 0.00217746 0 107.728 5.02041 0 40.9728 
15700 28477.7 396.048 72.44 0 0 106.859 99.4955 0 0 0 0 108.631 5.0835 0 42.5416 
15800 26985.2 395.518 68.7033 0 0 106.806 99.3203 0 0.00263852 0.00105541 0 109.492 5.09519 0 44.2842 
15900 25909.3 395.347 65.9999 0 0 106.88 99.4121 0 0.000520291 0.000520291 0 109.98 5.16174 0 44.0448 
16000 27335.9 395.918 69.5806 0 0 106.95 99.4081 0 0.00205867 0.00102934 0 110.671 5.20775 0 42.8688 
16100 30973.7 396.681 78.7614 0 0 107.047 99.6899 0 0.00302572 0 0 111.683 5.31313 0 43.7148 
16200 31654.3 396.944 80.3419 0 0 107.018 99.6173 0 0.00049505 0 0 112.574 5.34968 0 45.3182 
16300 30281.8 396.073 76.8928 0 0 106.854 99.2153 0 0.00147131 0.000490436 0 113.29 5.3758 0 43.8033 
16400 28780.1 395.589 73.0523 0 0 106.785 99.2188 0 0.000479846 0 0 114.58 5.43908 0 46.73 
16500 28841.7 396.096 72.8897 0 0 106.922 99.3485 0 0.000949668 0 0 115.146 5.54966 0 47.26 
16600 31995.7 395.957 81.0245 0 0 106.796 99.1225 0 0.00140845 0.00140845 0 115.735 5.63477 0 44.324 
16700 32888.1 395.615 83.4222 0 0 106.78 99.0846 0 0.00228728 0.000914913 0 116.778 5.7931 0 46.9346 
16800 31359 396.314 79.3964 0 0 106.843 99.2157 0 0.000452284 0 0 117.382 5.82547 0 49.1676 
16900 30254.8 396.098 75.8899 0 0 106.722 98.948 0 0.00177936 0.00044484 0 118.242 5.89243 0 47.6621 
17000 30411.2 395.466 77.0142 0 0 106.769 99.1212 0 0.000874891 0.000437445 0 118.871 5.92278 0 50.3593 
17100 32426.5 395.565 82.1365 0 0 106.695 99.0468 0 0.000866551 0.000866551 0 119.304 6.00264 0 47.9684 
17200 34221 394.392 86.9756 0 0 106.53 98.9536 0 0.00127823 0 0 120.141 6.04976 0 45.4594 
17300 33085 394.148 84.0904 0 0 106.561 98.9866 0 0.00125418 0.00083612 0 121.012 6.11153 0 50.238 
17400 31365.8 394.031 79.5613 0 0 106.433 98.8255 0 0.00124069 0.00082713 0 121.586 6.22856 0 48.841 
17500 31318.8 394.303 79.2952 0 0 106.405 98.8374 0 0.000814996 0 0 122.371 6.2458 0 50.2067 
17600 33823.7 394.198 85.7458 0 0 106.392 98.7581 0 0.00121163 0.000807754 0 122.83 6.26691 0 51.184 
17700 35426 394.27 89.6709 0 0 106.363 98.698 0 0.0016 0.0008 0 123.436 6.21508 0 47.6493 
17800 34781.6 393.579 88.0679 0 0 106.374 98.669 0 0.00312622 0.00156311 0 124.716 6.33676 0 51.3458 
17900 32318 393.558 81.9562 0 0 106.414 98.6863 0 0.00116054 0.000773694 0 125.413 6.32962 0 54.1221 
18000 32963.5 393.969 83.2097 0 0 106.471 98.725 0 0.00153198 0.000382995 0 125.89 6.34043 0 50.5554 
18100 34796.8 393.683 88.3017 0 0 106.45 98.6923 0 0.00152149 0.000760746 0 126.49 6.42479 0 53.0484 
18200 36829.7 394.154 93.5811 0 0 106.481 98.6852 0 0.00186916 0.000373832 0 127.173 6.36096 0 53.9938 
18300 34728.3 394.045 88.1453 0 0 106.391 98.6445 0 0.00293794 0.00110173 0 127.971 6.44882 0 49.7575 
18400 32509.4 394.049 82.4511 0 0 106.526 98.8358 0 0.000726744 0.000363372 0 128.731 6.30531 0 53.7271 
18500 33283.5 394.552 83.7445 0 0 106.624 98.9333 0 0.000717103 0 0 129.246 6.31044 0 54.4477 
18600 34554.1 393.705 87.4445 0 0 106.621 98.9101 0 0.00107028 0.000356761 0 129.651 6.40562 0 51.7374 
18700 36878.1 393.679 93.5997 0 0 106.549 98.7998 0 0.000707464 0 0 130.152 6.44862 0 53.2028 
18800 37062.2 393.751 94.0077 0 0 106.549 98.8095 0 0.00448585 0.00172533 0 131.037 6.42767 0 53.3206 
18900 34145.1 393.153 86.6807 0 0 106.583 98.9072 0 0.00102319 0 0 131.617 6.49926 0 52.6811 
19000 34506.1 393.338 87.2496 0 0 106.539 98.8473 0 0.00134862 0.000674309 0 132.116 6.52853 0 54.2476 
19100 36111.4 393.274 91.0361 0 0 106.539 98.864 0 0.00133378 0.000333444 0 132.672 6.48146 0 56.2215 
19200 38004.6 393.557 96.2689 0 0 106.563 98.9422 0 0.000660939 0 0 133.292 6.54204 0 54.5242 
19300 49712.2 393.762 120.057 0 0 106.518 98.8785 0 0.00162813 0.000325627 0 134.202 6.51182 0 54.1402 
19400 101472 395.45 224.036 0 0 106.472 98.7872 0 0.000318573 0 0 135.767 6.42936 0 68.9815 
19500 161092 397.899 343.32 0 0 106.599 98.9668 0 0.00125471 0.00125471 0 137.023 6.319 0 100.327 
19600 37656.6 398.967 93.5672 0 0 106.533 98.9371 0 0.00124611 0.000311526 0 137.726 6.31185 0 119.992 
19700 36309 399.353 90.2819 0 0 106.554 98.9836 0 0.00123993 0.000619963 0 138.139 6.28509 0 119.293 
19800 36577.3 398.821 91.2438 0 0 106.505 98.9326 0 0.000615195 0 0 138.578 6.3769 0 113.402 
19900 167678 400.744 356.361 0 0 106.459 98.8714 0 0.002104 0.00120228 0 139.405 6.23784 0 109.795 
20000 256029 402.669 534.586 0 0 106.468 98.8456 0 0.00118554 0.000296384 0 140.321 6.071 0 126.545 
20100 47071.3 403.64 112.215 0 0 106.491 98.8627 0 0.001772 0.00147667 0 141.028 5.90896 0 142.012 
20200 39532.2 403.008 97.1079 0 0 106.545 98.9344 0 0.0032372 0.00235433 0 141.271 5.99271 0 145.492 
20300 40217.3 403.692 98.4387 0 0 106.625 99.0398 0 0.000292312 0 0 141.63 6.06869 0 151.248 
20400 114524 404.829 248.57 0 0 106.579 98.9595 0 0.00261932 0.00145518 0 142.309 6.05938 0 144.829 
20500 218686 406.262 457.232 0 0 106.629 99.0246 0 0.000869061 0.000289687 0 143.136 6.01089 0 133.706 
20600 51266.8 406.363 120.295 0 0 106.578 98.9148 0 0.000577868 0.000577868 0 143.739 6.0289 0 130.66 
20700 40767.1 407.066 98.7691 0 0 106.553 98.9008 0 0.00201787 0.000864803 0 144 6.00051 0 127.744 
20800 39142 406.345 95.5226 0 0 106.642 99.1105 0 0.00114778 0.000573888 0 144.509 6.01827 0 126.924 
20900 110338 407.043 239.298 0 0 106.66 99.1132 0 0.00171135 0.000855676 0 145.074 5.94493 0 124.878 
21000 223565 407.904 468.271 0 0 106.617 99.1001 0 0.001706 0.000284333 0 145.869 5.91538 0 118.646 
21100 59431.3 408.616 136.809 0 0 106.54 99.0578 0 0.000566251 0 0 146.607 5.74671 0 122.515 
21200 44745.6 408.408 107.124 0 0 106.561 99.078 0 0.00141363 0.000565451 0 147.084 5.73969 0 127.233 
21300 52372.2 408.673 122.598 0 0 106.557 99.0657 0 0.000846024 0 0 147.379 5.75067 0 126.582 
21400 109759 408.352 239.173 0 0 106.488 98.9368 0 0.00112803 0.000282008 0 147.723 5.88234 0 133.176 
21500 185286 408.822 392.473 0 0 106.492 98.9533 0 0.00112581 0 0 148.404 5.91173 0 131.968 
21600 72129.4 409.547 161.159 0 0 106.513 98.993 0 0.00112454 0.000843407 0 148.98 5.85812 0 116.465 
21700 46137 410.226 109.85 0 0 106.461 98.8645 0 0.000843407 0.000281136 0 149.557 5.75481 0 116.574 
21800 63517.9 410.009 144.197 0 0 106.394 98.7873 0 0.000841987 0.000841987 0 149.845 5.6814 0 116.793 
21900 167893 411.35 349.841 0 0 106.299 98.7249 0 0.00139938 0.000839631 0 150.369 5.4601 0 123.901 
22000 266097 412.903 545.046 0 0 106.224 98.6104 0 0.00222965 0.00139353 0 151.05 5.17558 0 145.95 
22100 52033.2 413.206 121.012 0 0 106.241 98.6073 0 0.00223589 0.000838457 0 151.85 4.95926 0 168.432 
22200 54721.7 413.939 125.765 0 0 106.3 98.7434 0 0.00167364 0.00055788 0 152.31 4.85936 0 169.779 
22300 99466.8 413.763 216.705 0 0 106.308 98.7247 0 0.00195258 0.00083682 0 152.501 4.79752 0 171.087 
22400 205436 413.709 433.053 0 0 106.251 98.6612 0 0.00139431 0.000278862 0 152.887 4.93202 0 178.925 
22500 282674 413.672 590.165 0 0 106.26 98.6696 0 0.000558191 0 0 153.206 4.96264 0 182.611 
22600 73199.9 414.566 163.667 0 0 106.295 98.7531 0 0.00139665 0.000837989 0 153.718 4.97277 0 188.221 
22700 42735.2 414.171 102.013 0 0 106.293 98.7552 0 0.00112296 0 0 153.881 5.12662 0 186.675 
22800 79828.6 414.308 176.094 0 0 106.264 98.7493 0 0.0011217 0.000560852 0 154.031 5.1383 0 184.88 
22900 228052 415.22 474.815 0 0 106.303 98.7737 0 0.000837989 0.00027933 0 154.54 5.04599 0 190.17 
23000 346350 416.249 712.325 0 0 106.267 98.7785 0 0.0019504 0.000278629 0 155.38 4.80699 0 198.872 
23100 105730 417.617 226.275 0 0 106.199 98.6743 0 0.00111452 0 0 156.264 4.66776 0 211.522 
23200 51008.8 416.224 117.65 0 0 106.15 98.5981 0 0.00224972 0.00112486 0 156.412 4.86031 0 214.25 
23300 89930.4 416.953 196.527 0 0 106.268 98.7141 0 0.00196409 0 0 156.686 4.84897 0 216.388 
23400 193106 416.979 405.484 0 0 106.295 98.7351 0 0.000280034 0 0 157.068 4.7836 0 209.281 
23500 271728 417.362 565.534 0 0 106.276 98.6977 0 0.000559754 0.000279877 0 157.723 4.70641 0 196.032 
23600 57513 418.013 130.933 0 0 106.256 98.6237 0 0.0014041 0.00028082 0 158.383 4.64568 0 175.758 
23700 55828.2 419.039 126.861 0 0 106.261 98.5705 0 0.0030821 0.00140095 0 158.775 4.58656 0 172.278 
23800 107257 420.38 230.523 0 0 106.298 98.6492 0 0.00167973 0.00139978 0 159.24 4.42597 0 174.18 
23900 249304 421.088 518.628 0 0 106.239 98.6393 0 0.000558815 0.000279408 0 160.082 4.26953 0 184.812 
24000 360571 421.954 745.899 0 0 106.186 98.5447 0 0.00111669 0.000279174 0 160.738 4.16869 0 205.836 
24100 101372 422.621 218.583 0 0 106.19 98.5774 0 0.00111576 0 0 161.587 4.01577 0 230.942 
24200 50780.4 421.338 116.962 0 0 106.273 98.6811 0 0.000842933 0.000561956 0 161.796 4.05638 0 233.906 
24300 118985 421.857 254.774 0 0 106.258 98.6772 0 0.00055991 0.000279955 0 162.373 4.06769 0 235.467 
24400 284598 422.085 591.044 0 0 106.262 98.6263 0 0 0 0 163.267 4.02977 0 248.224 
24500 383731 422.342 792.93 0 0 106.208 98.5815 0 0.000279564 0 0 164.033 3.99084 0 250.428 
24600 119949 423.684 257.43 0 0 106.164 98.593 0 0.00167598 0.00111732 0 164.812 4.0174 0 263.384 
24700 56180.9 422.989 128.497 0 0 106.178 98.5325 0 0.00196078 0.000560224 0 164.962 4.07597 0 266.883 
24800 90639.5 424.254 197.124 0 0 106.221 98.6082 0 0.000840807 0.000560538 0 165.227 4.02577 0 263.085 
24900 255045 425.512 527.81 0 0 106.237 98.6392 0 0.000279877 0 0 165.913 3.90181 0 247.419 
25000 357298 426.038 733.95 0 0 106.213 98.5985 0 0.00307778 0.00223839 0 166.401 3.82027 0 240.97 
25100 104899 426.964 224.67 0 0 106.25 98.6996 0 0.00223964 0.00139978 0 167.114 3.66617 0 228.187 
25200 52911.4 426.734 120.828 0 0 106.259 98.6346 0 0.000281057 0 0 167.272 3.69921 0 225.171 
25300 127499 426.305 271.404 0 0 106.258 98.6989 0 0.00140292 0.000561167 0 167.694 3.61956 0 227.12 
25400 317687 427.553 653.222 0 0 106.275 98.7843 0 0.000559441 0 0 168.655 3.47468 0 240.431 
25500 441082 427.804 904.308 0 0 106.276 98.8263 0 0.00111732 0.000558659 0 169.453 3.43153 0 262.247 
25600 175140 428.619 364.383 0 0 106.413 98.9395 0 0.000837054 0.000558036 0 170.407 3.26409 0 291.518 
25700 57646.6 429.83 128.653 0 0 106.66 99.3249 0 0.00196243 0.000841043 0 170.546 3.34359 0 302.298 
25800 92181 429.538 201.13 0 0 106.67 99.3239 0 0.000843407 0.000281136 0 170.513 3.48072 0 300.614 
25900 235708 430.101 493.087 0 0 106.66 99.3541 0 0.00112233 0.000561167 0 171.256 3.49192 0 283.454 
26000 350168 430.81 725.789 0 0 106.612 99.3049 0 0.000279955 0 0 171.981 3.46494 0 260.847 
26100 96641.2 430.485 209.13 0 0 106.556 99.2087 0 0.00140056 0.000560224 0 172.705 3.39321 0 232.071 
26200 54591.8 430.204 123.796 0 0 106.517 99.1965 0 0.000844357 0.000562905 0 172.824 3.4067 0 218.758 
26300 138436 432.691 198.801 0 0 107.071 99.6738 0 0.000562905 0.000281452 0 173.108 3.31265 0 218.253 
26400 308546 434.422 488.239 0 0 107.366 99.9927 0 0.000840572 0.000560381 0 173.73 3.3211 0 220.142 
26500 399940 433.007 729.596 0 0 107.046 99.6226 0 0.000279955 0.000279955 0 174.403 3.29418 0 217.736 
26600 177328 431.095 354.124 0 0 106.397 98.9714 0 0.00055991 0.000279955 0 175.436 3.21261 0 236.415 
26700 61697.3 430.29 138.915 0 0 106.283 98.8736 0 0.000844357 0.000281452 0 175.735 3.29786 0 248.473 
26800 116249 430.626 251.063 0 0 106.206 98.7142 0 0.00168776 0.000281294 0 176.173 3.46151 0 250.185 
26900 268864 431.759 560.953 0 0 106.245 98.8269 0 0.00112391 0.000561956 0 176.983 3.45883 0 263.132 
27000 393212 433.035 809.557 0 0 106.207 98.7895 0 0.00140174 0.000841043 0 177.997 3.31194 0 277.458 
27100 162487 433.031 341.559 0 0 106.167 98.7695 0 0.0011217 0.000560852 0 178.795 3.2307 0 273.102 
27200 64005.4 432.92 143.568 0 0 106.283 98.9215 0 0.00253307 0.00140726 0 178.692 3.17063 0 270.518 
27300 96118.4 433.313 207.67 0 0 106.261 98.9034 0 0.000845309 0.00028177 0 178.815 3.19129 0 267.361 
27400 221960 434.123 463.42 0 0 106.302 98.937 0 0.00196961 0.000562746 0 179.278 3.16896 0 251.495 
27500 359322 435.256 743.172 0 0 106.294 98.917 0 0.00168161 0.000280269 0 180.241 3.09271 0 235.628 
27600 142171 435.418 301.723 0 0 106.252 98.8314 0 0.00167785 0.000838926 0 181.116 2.88495 0 239.018 
27700 72024.9 435.625 158.668 0 0 106.237 98.7999 0 0.0016835 0.000841751 0 181.46 2.82214 0 245.63 
27800 117214 436.06 249.68 0 0 106.387 99.0851 0 0 0 0 181.707 2.90066 0 249.403 
27900 289757 436.835 602.144 0 0 106.361 99.0558 0 0.000841751 0.000280584 0 182.796 2.80984 0 260.978 
28000 410323 437.969 844.536 0 0 106.448 99.0827 0 0.000560695 0.000280348 0 183.587 2.83698 0 274.526 
28100 201016 439.145 419.36 0 0 106.396 99.0179 0 0.00251889 0.000839631 0 184.772 2.82144 0 285.119 
28200 67366.3 439.25 147.901 0 0 106.427 99.0995 0 0.00112803 0.000846024 0 184.907 2.65892 0 288.188 
28300 123792 439.573 256.806 0 0 106.369 99.1018 0 0.00169157 0.000563857 0 185.201 2.69302 0 286.465 
28400 306447 441.31 609.639 0 0 106.443 99.2015 0 0.00112581 0.000844357 0 185.967 2.776 0 286.677 
28500 444575 442.253 878.913 0 0 106.468 99.2394 0 0.000842933 0.000561956 0 186.659 2.84401 0 291.262 
28600 204678 443.525 410.198 0 0 106.438 99.2403 0 0.00224278 0.000841043 0 187.359 2.91489 0 283.731 
28700 89255.5 445.156 191.173 0 0 106.565 99.4576 0 0.00225162 0.000844357 0 187.59 2.92306 0 283.576 
28800 134649 445.02 282.846 0 0 106.508 99.3648 0 0.000561167 0.000280584 0 188.09 2.9346 0 291.764 
28900 297101 444.999 611.39 0 0 106.461 99.274 0 0.000840572 0.000560381 0 188.45 2.9492 0 291.991 
29000 438581 444.515 897.07 0 0 106.372 99.1753 0 0.0016802 0.00112013 0 189.026 2.92232 0 302.35 
29100 195320 444.994 405.965 0 0 106.353 99.1278 0 0.00140095 0.000560381 0 189.884 2.76578 0 315.442 
29200 81078.2 445.044 175.729 0 0 106.256 98.9972 0 0.000845547 0.000563698 0 190.596 2.76369 0 311.32 
29300 154685 444.908 325.693 0 0 106.281 99.0398 0 0.00112202 0.00056101 0 191.058 2.74602 0 312.521 
29400 360183 444.987 744.587 0 0 106.218 98.9866 0 0.000560381 0 0 191.622 2.72088 0 331.138 
29500 483526 445.318 996.162 0 0 106.231 98.9983 0 0.0011217 0.0011217 0 192.196 2.73811 0 335.906 
29600 274388 444.952 570.332 0 0 106.156 98.8796 0 0.00140017 0.000280034 0 192.835 2.85847 0 352.879 
29700 78906.8 444.224 171.002 0 0 106.152 98.8387 0 0.000847218 0.000282406 0 192.886 2.89689 0 368.316 
29800 120222 444.219 254.39 0 0 106.179 98.8407 0 0.00169492 0.00112994 0 193.145 3.11403 0 359.375 
29900 287812 444.532 594.344 0 0 106.138 98.7839 0 0.00112676 0.00056338 0 193.842 3.40979 0 339.231 
30000 428581 445.348 878.449 0 0 106.116 98.7826 0 0.000281215 0.000281215 0 194.731 3.50841 0 326.763 
30100 213083 447.146 439.136 0 0 106.148 98.7642 0 0.000842223 0 0 195.664 3.62993 0 307.001 
30200 81609.7 447.609 175.843 0 0 106.134 98.7044 0 0.00028177 0.00028177 0 196.011 3.60432 0 298.051 
30300 163943 447.356 345.865 0 0 106.239 98.8484 0 0.00140607 0.00056243 0 196.476 3.51933 0 306.735 
30400 413974 447.681 856.444 0 0 106.271 98.9012 0 0.00168397 0.000561325 0 197.309 3.53376 0 336.679 
30500 564363 448.221 1163.69 0 0 106.215 98.8276 0 0.00168161 0.00112108 0 198.114 3.44319 0 367.51 
30600 350638 449.112 724.232 0 0 106.172 98.8265 0 0.00111951 0.000559754 0 199.099 3.35717 0 424.202 
30700 116944 449.382 248.383 0 0 106.226 98.9219 0 0.0011236 0.000561798 0 199.491 3.35749 0 451.658 
30800 128148 449.08 268.157 0 0 106.2 98.8968 0 0.00169157 0.000845785 0 199.868 3.40207 0 447.748 
30900 313690 450.358 630.037 0 0 106.286 98.9405 0 0.00140885 0.000563539 0 200.362 3.4432 0 416.08 
31000 464731 451.482 933.27 0 0 106.4 99.0199 0 0.000561798 0.000280899 0 201.452 3.43287 0 389.396 
31100 282774 453.173 582.178 0 0 106.499 99.1823 0 0.00196353 0.000841515 0 202.718 3.41948 0 350.75 
31200 84022.9 453.869 180.07 0 0 106.613 99.2572 0 0.000565291 0.000282646 0 203.014 3.35059 0 333.644 
31300 137514 454.738 286.925 0 0 106.679 99.3344 0 0.000565771 0.000565771 0 203.27 3.40858 0 330.356 
31400 346496 455.654 709.061 0 0 106.537 99.2998 0 0.00140607 0.000281215 0 204.002 3.51871 0 348.423 
31500 516039 455.478 1057.64 0 0 106.456 99.2235 0 0.0028082 0.00056164 0 204.693 3.52628 0 371.805 
31600 302547 456.568 620.046 0 0 106.482 99.316 0 0.00112265 0.000280662 0 205.534 3.57573 0 391.661 
31700 119076 456.877 249.733 0 0 106.417 99.28 0 0.00112676 0.00056338 0 206.021 3.44599 0 398.167 
31800 129359 456.237 270.779 0 0 106.327 99.2529 0 0.000282247 0.000282247 0 206.12 3.47797 0 400.975 
31900 309901 456.491 637.824 0 0 106.345 99.3211 0 0.00281928 0.00169157 0 206.821 3.4627 0 384.2 
32000 466484 456.78 960.013 0 0 106.28 99.1803 0 0.000843645 0.00056243 0 207.775 3.54144 0 362.753 
32100 275758 457.457 566.322 0 0 106.295 99.203 0 0.00112328 0.00028082 0 208.659 3.52656 0 343.898 
32200 91592.4 457.095 194.596 0 0 106.191 99.0764 0 0.00197239 0.000845309 0 208.987 3.51343 0 341.168 
32300 140337 457.722 287.466 0 0 106.199 99.0014 0 0.00028177 0 0 209.218 3.4812 0 341.437 
32400 335762 458.402 679.029 0 0 106.2 98.9348 0 0.00140568 0.000281136 0 210.115 3.41222 0 349.259 
32500 498621 458.747 1015.77 0 0 106.013 98.6953 0 0.00224215 0.00140135 0 211.226 3.45432 0 362.916 
32600 295772 459.265 608.521 0 0 106.006 98.7224 0 0.00167879 0.000839396 0 212.072 3.42115 0 377.055 
32700 119561 459.547 252.774 0 0 105.966 98.6224 0 0.00140805 0.000563222 0 212.545 3.41002 0 385.617 
32800 143639 460.106 299.905 0 0 105.915 98.574 0 0.000844595 0 0 212.876 3.46589 0 385.7 
32900 322694 460.622 656.632 0 0 105.859 98.4852 0 0.00112454 0.000562272 0 213.414 3.63873 0 380.736 
33000 492130 461.498 997.463 0 0 105.869 98.5594 0 0.00112265 0.000561325 0 214.263 3.69572 0 369.844 
33100 291385 461.361 592.482 0 0 105.764 98.4425 0 0.00168161 0.000280269 0 215.275 3.80556 0 360.699 
33200 112949 462.689 236.795 0 0 105.857 98.5809 0 0.000564016 0.000282008 0 216 3.85895 0 357.469 
33300 131577 462.497 275.941 0 0 105.816 98.5758 0 0.000563698 0 0 216.044 3.7341 0 357.171 
33400 312604 462.16 647.416 0 0 105.787 98.6317 0 0.00225098 0.000281373 0 216.387 3.82296 0 356.938 
33500 475021 462.298 977.667 0 0 105.809 98.6129 0 0.00140568 0.000281136 0 216.825 3.79659 0 353.171 
33600 308104 462.319 635.979 0 0 105.673 98.4899 0 0.00140292 0.000841751 0 217.537 3.8409 0 358.418 
33700 128589 462.746 270.061 0 0 105.619 98.4931 0 0.00140805 0.00112644 0 218.446 3.85743 0 364.575 
33800 132128 462.373 277.157 0 0 105.527 98.331 0 0.00112962 0.000847218 0 218.648 3.8105 0 366.132 
33900 325635 462.986 666.038 0 0 105.592 98.4181 0 0.000845785 0.000845785 0 219.289 3.74935 0 369.005 
34000 489125 463.853 991.774 0 0 105.677 98.4682 0 0.00112486 0.00056243 0 220.172 3.73306 0 367.789 
34100 299365 464.048 615.002 0 0 105.716 98.5282 0 0.0014041 0.00056164 0 221.091 3.7561 0 365.774 
34200 134271 465.845 277.333 0 0 105.782 98.6563 0 0.0019735 0.00112771 0 221.577 3.81528 0 359.695 
34300 159306 465.99 329.028 0 0 105.738 98.7176 0 0.00112962 0.000564812 0 221.649 3.68793 0 363.727 
34400 365986 466.2 736.226 0 0 105.704 98.6156 0 0.000846024 0.000282008 0 221.872 3.60093 0 369.29 
34500 557917 468.27 1100.75 0 0 105.834 98.7397 0 0.000281136 0.000281136 0 222.604 3.49277 0 388.203 
34600 399817 468.636 800.551 0 0 106.002 98.8663 0 0.00196243 0.00140174 0 223.224 3.38935 0 407.59 
34700 168012 469.435 344.667 0 0 106.056 98.9509 0 0.000561167 0.000280584 0 224.013 3.39845 0 431.81 
34800 152596 470.831 312.37 0 0 106.292 99.3372 0 0.000847937 0 0 224.188 3.51781 0 435.563 
34900 332792 471.876 662.282 0 0 106.398 99.4444 0 0.00112803 0 0 224.782 3.39433 0 424.159 
35000 518232 472.17 1025.97 0 0 106.416 99.5046 0 0.00281136 0.00112454 0 225.532 3.33198 0 412.685 
35100 312614 472.447 630.419 0 0 106.451 99.4726 0 0.00280978 0.000842933 0 226.319 3.24156 0 407.768 
35200 142376 473.351 291.886 0 0 106.409 99.5117 0 0.000845309 0.00028177 0 226.821 3.26178 0 391.76 
35300 159795 473.25 325.904 0 0 106.256 99.3143 0 0.000282646 0 0 227.112 3.17478 0 392.194 
35400 344087 474.249 694.769 0 0 106.242 99.2134 0 0.00084674 0.000564493 0 227.429 3.11946 0 397.702 
35500 534615 474.511 1071.48 0 0 106.269 99.196 0 0.00112486 0 0 228.178 3.02203 0 398.181 
35600 374970 474.911 753.008 0 0 106.324 99.2865 0 0.00196409 0.00112233 0 228.709 2.94751 0 394.938 
35700 148696 475.531 304.803 0 0 106.392 99.2991 0 0 0 0 229.397 3.03363 0 402.714 
35800 154785 475.989 316.338 0 0 106.237 99.1369 0 0.000564334 0 0 229.693 3.14281 0 397.246 
35900 334102 476.454 672.934 0 0 106.266 99.1601 0 0.000281849 0.000281849 0 230.006 3.11276 0 390.697 
36000 499598 476.518 1001.76 0 0 106.319 99.1444 0 0.00224782 0.00112391 0 230.435 3.07152 0 382.34 
36100 345124 476.924 690.016 0 0 106.348 99.1693 0 0.00140371 0.000280741 0 231.209 3.01058 0 379.809 
36200 172904 477.433 343.127 0 0 106.507 99.4386 0 0.000842933 0.000280978 0 231.574 3.1106 0 378.495 
36300 164663 478.165 335.323 0 0 106.456 99.4423 0 0.000565291 0.000565291 0 231.65 3.21799 0 388.877 
36400 365138 478.823 726.761 0 0 106.533 99.5239 0 0.00084507 0.00028169 0 232.345 3.33748 0 398.044 
36500 538357 479.652 1058.77 0 0 106.524 99.5353 0 0.00140489 0.000561956 0 233.152 3.38105 0 401.465 
36600 356487 480.649 710.468 0 0 106.551 99.4979 0 0.000280348 0.000280348 0 234.012 3.33725 0 401.593 
36700 164627 481.44 330.073 0 0 106.669 99.6826 0 0.00140687 0.00112549 0 234.441 3.16882 0 392.999 
36800 178556 481.233 358.095 0 0 106.65 99.714 0 0.00169924 0.000566412 0 234.64 3.21248 0 389.893 
36900 380932 481.772 756.557 0 0 106.631 99.6328 0 0.00141323 0.000565291 0 235.161 3.26374 0 393.141 
37000 568589 481.881 1119.33 0 0 106.606 99.5866 0 0.00141084 0.000282167 0 235.792 3.35576 0 404.967 
37100 396600 482.539 780.168 0 0 106.626 99.5621 0 0.00168729 0.000843645 0 236.398 3.37835 0 413.732 
37200 184836 484.829 366.542 0 0 106.745 99.7175 0 0 0 0 236.867 3.4297 0 421.501 
37300 182743 484.837 366.854 0 0 106.694 99.6265 0 0.000283366 0 0 237.142 3.54038 0 424.525 
37400 412250 485.518 805.004 0 0 106.849 99.7947 0 0.000846979 0.000282326 0 237.955 3.59402 0 425.646 
37500 595592 487.04 1157.21 0 0 107.103 100.071 0 0.00141004 0.00112803 0 238.864 3.65881 0 434.077 
37600 455980 487.189 919.24 0 0 107.067 100.013 0 0.0019685 0.00112486 0 239.575 3.59358 0 438.305 
37700 186891 486.114 377.287 0 0 106.818 99.8378 0 0 0 0 240.055 3.58467 0 455.711 
37800 186769 486.275 377.686 0 0 106.754 99.8792 0 0.000565771 0 0 240.079 3.43285 0 453.904 
37900 375848 484.441 752.89 0 0 106.765 99.8927 0 0.00226565 0.00141603 0 240.573 3.38504 0 447.668 
38000 565770 484.521 1128.09 0 0 106.712 99.8736 0 0.00141123 0.000282247 0 241.17 3.25877 0 441.49 
38100 383334 484.316 765.905 0 0 106.796 99.9218 0 0.00281373 0.000281373 0 242.063 3.25568 0 437.913 
38200 175276 485.104 349.139 0 0 106.732 99.8529 0 0.00112518 0.000843882 0 242.949 3.16477 0 426.416 
38300 188945 487.048 374.408 0 0 106.822 99.987 0 0.000847218 0.000282406 0 242.954 3.23465 0 425.453 
38400 445651 489.033 802.045 0 0 107.039 100.279 0 0.00140885 0.00028177 0 243.449 3.2254 0 432.141 
38500 647348 491.397 1127.54 0 0 107.438 100.594 0 0.000563063 0 0 244.084 3.12542 0 427.754 
38600 579590 492.394 1021.81 0 0 107.568 100.752 0 0.0019685 0.000843645 0 244.94 3.11015 0 433.244 
38700 214285 489.127 413.776 0 0 106.862 100.052 0 0.00196961 0.000281373 0 245.761 3.26429 0 465.459 
38800 205080 487.983 400.922 0 0 106.673 99.8915 0 0.000852031 0.00028401 0 245.908 3.1145 0 472.108 
38900 433825 489.08 817.188 0 0 106.864 99.9893 0 0.00112962 0.000564812 0 246.27 3.09049 0 470.14 
39000 631123 490.505 1207.11 0 0 106.761 99.8624 0 0.00112581 0.000281452 0 246.923 3.04574 0 482.289 
39100 525225 490.018 995.597 0 0 106.717 99.7791 0 0.000561325 0 0 247.443 2.97035 0 500.006 
39200 255181 488.973 507.231 0 0 106.492 99.5166 0 0.000561482 0 0 248.227 3.01335 0 490.777 
39300 207063 488.118 411.628 0 0 106.44 99.5014 0 0.00141563 0.0011325 0 248.418 2.92846 0 498.791 
39400 391378 489.253 763.398 0 0 106.517 99.6001 0 0.000852031 0.00028401 0 248.805 2.90625 0 488.613 
39500 618825 489.01 1209.67 0 0 106.541 99.5352 0 0.000847697 0.000847697 0 249.331 2.92876 0 489.975 
39600 518189 488.207 1033.58 0 0 106.496 99.5166 0 0.00197072 0.000281532 0 249.936 2.8881 0 488.325 
39700 255840 487.97 507.543 0 0 106.353 99.3626 0 0.000842697 0.000280899 0 250.496 2.9239 0 506.901 
39800 196217 488.263 386.047 0 0 106.367 99.3355 0 0.000848656 0.000565771 0 250.545 3.0012 0 507.219 
39900 389635 488.181 750.717 0 0 106.452 99.3565 0 0.000565931 0 0 250.851 2.97834 0 507.506 
40000 627404 489.055 1182.85 0 0 106.803 99.7182 0 0.000845547 0.000563698 0 251.207 2.9035 0 501.52 
40100 569218 491.473 1075.08 0 0 106.976 99.8856 0 0.000842933 0.000280978 0 251.752 2.79191 0 499.775 
40200 311346 493.271 587.298 0 0 107.13 100.132 0 0.000842223 0.000561482 0 252.515 2.7472 0 503.793 
40300 205476 494.272 397.57 0 0 107.03 100.048 0 0.000282486 0.000282486 0 252.858 2.71971 0 515.149 
40400 362347 494.595 711.959 0 0 107.043 100.124 0 0.00169972 0.000566572 0 253.165 2.72934 0 510.374 
40500 581129 494.744 1118.14 0 0 107.145 100.297 0 0.00169396 0.00112931 0 253.843 2.63474 0 499.122 
40600 505430 496.364 970.853 0 0 107.215 100.382 0 0.00225098 0.000844119 0 254.593 2.66367 0 484.134 
40700 236947 497.716 466.907 0 0 107.313 100.52 0 0.00112328 0.00084246 0 255.503 2.76543 0 471.136 
40800 217792 499.451 409.576 0 0 107.345 100.53 0 0.000566091 0.000566091 0 255.912 2.82293 0 457.207 
40900 395890 498.857 763.249 0 0 107.295 100.505 0 0.000848416 0.000848416 0 256.198 2.69922 0 464.345 
41000 596960 499.411 1136.66 0 0 107.37 100.528 0 0.00112549 0.000562746 0 256.731 2.65224 0 469.056 
41100 488113 499.52 928.371 0 0 107.29 100.486 0 0.00112423 0.000562114 0 257.436 2.54087 0 470.825 
41200 247904 497.73 488.955 0 0 107.051 100.124 0 0.00168681 0.00112454 0 258.166 2.39116 0 459.651 
41300 219478 498.289 436.776 0 0 107.162 100.224 0 0.000849137 0 0 258.284 2.40309 0 462.617 
41400 412656 498.383 814.475 0 0 107.141 100.147 0 0.000282486 0 0 258.838 2.37261 0 467.048 
41500 608179 497.298 1194.81 0 0 106.926 99.8354 0 0.000282406 0 0 259.365 2.40656 0 474.665 
41600 461906 497.893 912.144 0 0 107.023 99.9391 0 0.0011274 0.000563698 0 259.797 2.41329 0 476.449 
41700 216887 498.692 432.17 0 0 106.743 99.596 0 0.000563857 0.000281928 0 260.401 2.44563 0 472.303 
41800 215172 497.719 427.305 0 0 106.654 99.461 0 0.00113186 0.000282965 0 260.532 2.56578 0 465.778 
41900 409577 497.939 802.411 0 0 106.67 99.5692 0 0.00113218 0 0 260.996 2.5496 0 462.905 
42000 622895 498.832 1215.88 0 0 106.714 99.6759 0 0.00169396 0.000282326 0 261.405 2.66937 0 461.713 
42100 514586 498.566 1007.48 0 0 106.79 99.7375 0 0.00141123 0.000564493 0 261.841 2.72997 0 467.877 
42200 268974 498.756 532.403 0 0 106.891 99.8259 0 0.0019685 0.000281215 0 262.345 2.77267 0 491.375 
42300 224819 498.997 440.097 0 0 106.965 99.8947 0 0.000566091 0.000283046 0 262.354 2.97833 0 506.484 
42400 413808 499.14 802.228 0 0 106.891 99.7793 0 0.000565291 0 0 262.639 3.06668 0 506.63 
42500 690136 499.731 1246.98 0 0 107.123 99.9994 0 0.00225925 0.000564812 0 263.124 3.09034 0 512.185 
42600 553691 500.625 1039.94 0 0 107.356 100.193 0 0.00225606 0.00112803 0 263.507 3.05809 0 508.423 
42700 303704 499.301 597.857 0 0 107.094 99.8889 0 0.00140964 0.000563857 0 263.964 3.01228 0 500.543 
42800 244315 500.379 481.333 0 0 107.062 99.857 0 0.000849618 0 0 264.228 3.04914 0 510.352 
42900 447008 501.69 851.134 0 0 107.319 100.094 0 0.000283206 0 0 264.505 3.07457 0 516.245 
43000 699587 503.431 1273.33 0 0 107.813 100.572 0 0.000847697 0.000282566 0 265.111 3.16773 0 519.203 
43100 614382 505.506 1180.72 0 0 108.086 100.82 0 0.0011274 0.000845547 0 265.688 3.11754 0 527.265 
43200 285722 504.367 544.592 0 0 107.782 100.566 0 0.00169014 0.00084507 0 266.367 3.19805 0 552.709 
43300 438746 506.452 528.699 0 0 108.461 101.337 0 0.000283286 0 0 266.636 3.12446 0 542.311 
43400 983376 515.895 749.685 0 0 110.545 103.422 0 0.000566091 0 0 266.807 3.15001 0 537.138 
43500 1.16307e+06 518.908 872.219 0 0 111.112 103.939 0 0.000566412 0 0 266.822 3.10551 0 469.522 
43600 470348 521.342 817.727 0 0 111.758 104.556 0 0.000565451 0 0 267.025 3.04256 0 400.127 
43700 245320 518.223 471.409 0 0 111.164 103.878 0 0.00112931 0.00112931 0 267.597 2.90178 0 363.871 
43800 230432 516.881 438.526 0 0 110.819 103.558 0 0.000565931 0.000282965 0 267.773 2.91892 0 353.744 
43900 427676 514.788 831.241 0 0 110.348 103.088 0 0.00169972 0.000849858 0 268.226 2.91123 0 354.889 
44000 662694 512.616 1298.75 0 0 109.822 102.611 0 0.00169635 0.000848176 0 268.773 2.90738 0 427.965 
44100 623229 511.625 1220.67 0 0 109.727 102.507 0 0.00169062 0.00112708 0 269.146 2.98734 0 505.933 
44200 286915 510.054 558.848 0 0 109.268 102.091 0 0.000843645 0 0 269.931 3.00641 0 548.928 
44300 681725 515.151 535.84 0 0 110.028 102.763 0 0.000281849 0.000281849 0 270.402 3.04992 0 559.777 
44400 984448 520.354 640.774 0 0 111.142 103.828 0 0 0 0 270.453 3.04403 0 560.074 
44500 1.1585e+06 522.258 734.194 0 0 111.537 104.232 0 0.000283688 0 0 270.516 3.0832 0 478.934 
44600 332270 523.498 582.461 0 0 111.799 104.508 0 0.00113314 0.000849858 0 270.659 3.15525 0 348.602 
44700 243513 523.219 459.963 0 0 111.462 104.189 0 0.0011309 0.000565451 0 271.049 3.22422 0 275.83 
44800 242742 523.7 448.811 0 0 111.459 104.209 0 0.00140647 0.000562588 0 271.721 3.31422 0 271.331 
44900 456893 525.735 794.965 0 0 111.794 104.595 0 0.00169252 0.000846262 0 272.157 3.30214 0 271.2 
45000 809731 530.17 1245.76 0 0 112.588 105.422 0 0.00140805 0 0 272.682 3.23694 0 339.498 
45100 798763 532.004 1275.51 0 0 112.978 105.617 0 0.000843407 0.000281136 0 273.126 3.29668 0 441.264 
45200 445091 526.76 789.836 0 0 112.042 104.677 0 0.000562746 0 0 273.857 3.29376 0 540.456 
45300 326293 525.167 593.936 0 0 111.539 104.212 0 0.000563539 0.00028177 0 274.155 3.33888 0 577.952 
45400 910234 530.534 893.607 0 0 112.302 104.968 0 0.000848176 0 0 274.25 3.42958 0 580.647 
45500 1.25537e+06 536.43 1051.98 0 0 113.453 106.042 0 0.000282805 0 0 274.359 3.46454 0 527.646 
45600 670385 534.678 1001.36 0 0 113.216 105.618 0 0.00141283 0.000282566 0 274.617 3.48975 0 483.91 
45700 592477 539.382 886.137 0 0 114.091 106.625 0 0.0011274 0.000563698 0 275.15 3.527 0 454.414 
45800 376045 535.507 662.67 0 0 113.01 105.574 0 0.00197684 0.000564812 0 275.457 3.48973 0 478.023 
45900 593808 535.745 949.256 0 0 112.859 105.602 0 0.00112581 0.000562905 0 275.645 3.46729 0 495.197 
46000 813857 537.37 1265.89 0 0 113.166 105.76 0 0.000844832 0.000281611 0 275.892 3.54341 0 532.854 
46100 821230 533.88 1467.48 0 0 112.559 105.156 0 0.00112581 0.000844357 0 276.391 3.49152 0 614.041 
46200 503908 531.563 913.99 0 0 112.205 104.746 0 0.0016835 0.000841751 0 277.124 3.56942 0 671.59 
46300 354677 531.042 656.004 0 0 112.13 104.702 0 0.000842223 0.000280741 0 277.895 3.674 0 670.704 
46400 509154 532.286 948.345 0 0 112.131 104.717 0 0.00140726 0.000844357 0 278.161 3.67349 0 657.391 
46500 726592 529.46 1364.67 0 0 111.699 104.29 0 0.000846501 0.000564334 0 278.46 3.68203 0 682.595 
46600 713752 528.18 1359.13 0 0 111.548 104.143 0 0.00197239 0.000563539 0 278.858 3.68191 0 674.625 
46700 450617 529.138 757.451 0 0 111.533 104.098 0 0.00140647 0 0 279.404 3.72814 0 648.5 
46800 321211 531.286 597.41 0 0 111.841 104.413 0 0.000564175 0.000282087 0 279.981 3.76282 0 617.402 
46900 654644 531.935 889.083 0 0 112.116 104.631 0 0.000283688 0 0 280.399 3.81239 0 611.723 
47000 1.36822e+06 540.628 1261.32 0 0 113.922 106.314 0 0.00113379 0.000283447 0 280.592 3.79499 0 607.203 
47100 872406 545.692 1277.87 0 0 114.724 106.975 0 0.00198132 0.000849137 0 281.058 3.87297 0 557.058 
47200 537091 542.501 883.921 0 0 114.049 106.3 0 0.000564493 0 0 281.793 3.93417 0 574.526 
47300 362620 541.124 678.243 0 0 113.77 106.054 0 0.00056338 0 0 282.496 3.88976 0 600.37 
47400 508503 541.528 948.616 0 0 113.681 105.924 0 0.00140687 0.000281373 0 283.043 3.96878 0 605.487 
47500 744567 540.81 1411.17 0 0 113.728 106.026 0 0.00140805 0.000281611 0 283.484 3.90184 0 612.099 
47600 783918 538.78 1496.34 0 0 113.361 105.755 0 0.00168871 0.000281452 0 284.001 3.91233 0 684.256 
47700 495779 537.608 886.018 0 0 112.976 105.482 0 0.00168492 0.00056164 0 284.712 3.9373 0 698.395 
47800 357306 535.379 671.787 0 0 112.663 105.217 0 0.00140213 0.000560852 0 285.004 3.87438 0 695.914 
47900 591401 534.764 943.01 0 0 112.438 104.832 0 0.00056164 0 0 285.06 3.94915 0 705.429 
48000 707698 531.551 1268.59 0 0 111.744 104.162 0 0.000281611 0 0 285.464 3.85304 0 676.868 
48100 737559 531.208 1357.8 0 0 111.651 103.973 0 0.000842697 0 0 285.979 3.91575 0 656.651 
48200 457346 526.303 834.555 0 0 110.627 103.053 0 0.00140449 0 0 286.311 4.00194 0 624.876 
48300 319242 522.461 603.373 0 0 110.054 102.569 0 0.00140607 0.00056243 0 286.56 4.0536 0 611.446 
48400 1.20354e+06 535.655 957.788 0 0 112.442 104.859 0 0.000281294 0 0 286.801 4.00778 0 613.476 
48500 1.40838e+06 537.937 1076.72 0 0 113.158 105.077 0 0.000281928 0.000281928 0 286.864 4.06795 0 582.166 
48600 592578 531.354 967.031 0 0 111.902 103.505 0 0.00113026 0.000282566 0 286.837 3.98755 0 496.096 
48700 400648 530.448 748.098 0 0 111.752 103.221 0 0.00169109 0.000563698 0 287.347 3.84602 0 458.567 
48800 366898 534.021 614.138 0 0 112.313 103.592 0 0.000846501 0.000282167 0 287.515 3.83413 0 449.696 
48900 895802 540.9 923.707 0 0 113.725 104.787 0 0 0 0 287.959 3.89875 0 452.307 
49000 1.31427e+06 547.664 1164.28 0 0 115.134 105.692 0 0.000843407 0 0 288.182 3.96324 0 465.403 
49100 817623 554.2 1168.34 0 0 116.312 106.894 0 0.000561167 0 0 288.489 4.01595 0 494.449 
49200 520519 545.721 972.893 0 0 114.789 105.704 0 0.000561482 0 0 288.845 3.93779 0 535.352 
49300 394531 548.529 723.51 0 0 115.263 106.145 0 0.00112202 0.000280505 0 289.341 3.88939 0 574.23 
49400 796489 548.85 1000.38 0 0 115.254 106.199 0 0.000280584 0.000280584 0 289.498 3.9103 0 572.011 
49500 1.12544e+06 551.208 1228.38 0 0 115.794 106.705 0 0 0 0 289.658 3.93554 0 562.411 
49600 904210 552.272 1339.76 0 0 116.036 107.015 0 0.00168445 0.000842223 0 290.062 3.8528 0 602.142 
49700 585635 543.972 1127.34 0 0 114.294 105.538 0 0.0011236 0.000842697 0 290.284 3.75664 0 613.115 
49800 435841 544.28 824.117 0 0 114.238 105.53 0 0.00224341 0.0011217 0 290.777 3.71438 0 624.531 
49900 824048 546.942 1126.81 0 0 114.73 105.858 0 0.00112013 0.000560067 0 290.988 3.59532 0 653.228 
50000 1.17508e+06 549.948 1355.15 0 0 115.357 106.359 0 0.000840336 0.000560224 0 291.081 3.63724 0 652.095 
