# Avida instruction execution data
# Mon Jan 16 14:37:47 2017
#  1: Update
#  2: nop-A
#  3: nop-B
#  4: nop-C
#  5: if-n-equ
#  6: if-less
#  7: if-label
#  8: mov-head
#  9: jmp-head
# 10: get-head
# 11: set-flow
# 12: shift-r
# 13: shift-l
# 14: inc
# 15: dec
# 16: push
# 17: pop
# 18: swap-stk
# 19: swap
# 20: add
# 21: sub
# 22: nand
# 23: h-copy
# 24: h-alloc
# 25: h-divide
# 26: sense-resource0
# 27: time
# 28: IO
# 29: h-search

0 0 0 0 0 0 0 0 0 0 0 0 0 0 0 0 0 0 0 0 0 0 0 0 0 0 0 0 0 
100 0 0 0 0 0 0 0 0 0 0 0 0 0 0 0 0 0 0 0 0 0 0 0 0 0 0 0 0 
200 0 0 0 0 0 0 0 0 0 0 0 0 0 0 0 0 0 0 0 0 0 0 0 0 0 0 0 0 
300 0 0 0 0 0 0 0 0 0 0 0 0 0 0 0 0 0 0 0 0 0 0 0 0 0 0 0 0 
400 0 0 170 0 0 200 200 0 0 0 0 0 0 0 0 0 0 0 0 0 0 200 2 2 0 0 0 4 
500 0 0 170 0 0 200 200 0 0 0 0 0 0 0 0 0 0 0 0 0 0 200 2 2 0 0 0 4 
600 0 0 170 0 0 200 200 0 0 0 0 0 0 0 0 0 0 0 0 0 0 200 2 2 0 0 0 4 
700 0 0 170 0 0 200 200 0 0 0 0 0 0 0 0 0 0 0 0 0 0 200 2 2 0 0 0 4 
800 0 0 340 0 0 400 400 0 0 0 0 0 0 0 0 0 0 0 0 0 0 400 4 4 0 0 0 8 
900 0 0 340 0 0 400 400 0 0 0 0 0 0 0 0 0 0 0 0 0 0 400 4 4 0 0 0 8 
1000 0 0 340 0 0 400 400 0 0 0 0 0 0 0 0 0 0 0 0 0 0 400 4 4 0 0 0 8 
1100 0 0 340 0 0 400 400 0 0 0 0 0 0 0 0 0 0 0 0 0 0 400 4 4 0 0 0 8 
1200 0 0 591 0 0 700 700 2 0 0 0 0 0 0 0 0 0 0 0 0 0 700 7 7 0 0 0 14 
1300 0 0 676 0 0 800 800 2 0 0 0 0 0 0 0 0 0 0 0 0 0 800 8 8 0 0 0 16 
1400 0 0 676 0 0 800 800 2 0 0 0 0 0 0 0 0 0 0 0 0 0 800 8 8 0 0 0 16 
1500 0 0 676 0 0 800 800 2 0 0 0 0 0 0 0 0 0 0 0 0 0 800 8 8 0 0 0 16 
1600 4 0 1182 0 0 1404 1404 4 0 0 0 0 0 0 0 0 0 0 0 0 0 1404 14 14 0 0 0 28 
1700 4 0 1348 0 0 1604 1604 4 0 0 0 0 0 0 0 0 0 0 2 0 0 1604 16 16 0 0 0 32 
1800 4 0 1348 0 0 1604 1604 4 0 0 0 0 0 0 0 0 0 0 2 0 0 1604 16 16 0 0 0 32 
1900 8 0 1654 0 0 2006 2006 6 0 0 0 0 2 0 0 0 0 0 2 0 0 2006 20 20 0 0 0 42 
2000 16 0 2316 2 0 2814 2814 8 0 2 0 0 2 0 0 2 0 0 2 0 0 2814 28 28 0 0 0 58 
2100 14 0 2406 2 0 2912 2912 7 0 2 0 0 2 0 0 4 0 0 4 0 0 2912 29 29 0 0 0 59 
2200 14 0 2406 2 0 2912 2912 7 0 2 0 0 2 0 0 4 0 0 4 0 0 2912 29 29 0 0 0 59 
2300 26 0 3058 2 0 3720 3720 9 0 2 0 0 4 0 0 6 0 4 4 0 0 3720 37 37 2 0 0 75 
2400 40 0 3852 4 0 4733 4733 10 0 4 2 2 4 2 0 10 0 6 6 0 2 4733 47 47 2 0 0 97 
2500 40 0 3856 4 0 4733 4733 10 0 4 2 2 4 1 0 9 0 6 6 0 2 4733 47 47 2 0 0 97 
2600 40 0 3856 4 0 4733 4733 10 0 4 2 2 4 1 0 9 0 6 6 0 2 4733 47 47 2 0 0 97 
2700 64 2 4645 3 0 5753 5755 14 2 5 4 2 7 1 2 11 0 9 5 0 5 5753 57 57 3 6 0 116 
2800 84 2 5668 6 2 7074 7078 18 2 8 10 4 7 2 2 16 0 12 7 0 6 7076 70 70 3 8 0 143 
2900 83 2 5671 6 2 7074 7078 18 2 8 10 4 6 2 2 16 0 11 8 0 6 7076 70 70 3 8 0 143 
3000 83 2 5752 6 2 7073 7077 18 2 8 10 4 6 2 2 16 0 11 8 0 7 7075 71 71 3 8 0 145 
3100 146 6 7055 5 2 8832 8835 27 3 9 14 7 12 2 4 20 0 17 11 0 9 8833 88 88 5 14 0 179 
3200 145 6 7872 8 3 9831 9839 26 3 11 20 8 13 2 3 20 0 17 9 0 11 9834 98 98 6 16 0 200 
3300 145 6 7953 8 4 9932 9941 26 3 11 18 8 13 2 3 21 2 17 9 0 11 9935 99 99 8 16 0 202 
3400 146 8 8026 8 4 10030 10039 26 3 11 18 8 14 2 3 21 2 17 10 0 11 10033 100 100 8 17 0 204 
3500 354 8 9314 9 4 11788 11800 38 8 18 22 16 17 4 7 25 1 27 20 1 13 11793 117 117 6 22 0 238 
3600 357 8 10559 13 6 13394 13409 38 8 20 28 18 18 4 7 29 2 28 21 2 19 13397 133 133 11 21 0 272 
3700 357 8 10558 13 6 13394 13408 38 8 20 28 18 18 4 7 29 3 28 22 2 19 13397 133 133 12 21 0 272 
3800 371 11 10832 11 6 13807 13820 39 8 19 31 19 23 4 7 30 3 29 23 3 21 13809 137 137 13 26 0 279 
3900 408 12 11921 12 8 15448 15464 50 11 22 41 25 33 8 5 31 2 36 17 4 23 15449 152 152 18 31 3 310 
4000 399 9 12919 20 11 16752 16769 47 8 28 44 25 29 8 4 37 2 38 18 4 31 16750 165 165 21 31 5 337 
4100 399 9 12911 20 11 16752 16769 47 8 28 44 25 29 10 4 37 2 38 18 4 31 16750 165 165 21 33 5 337 
4200 409 10 13279 20 11 17260 17278 48 8 30 50 27 33 10 4 36 6 36 18 5 33 17258 170 170 23 38 7 347 
4300 826 15 14848 26 9 19565 19686 58 9 35 59 31 43 12 12 45 6 152 19 6 37 19670 192 192 26 45 10 395 
4400 734 11 15731 32 12 20682 20806 58 7 41 63 32 40 13 11 53 7 153 21 7 47 20784 204 204 26 45 9 424 
4500 733 11 15749 32 12 20681 20806 58 7 41 63 32 39 13 11 53 7 152 21 7 47 20784 204 204 26 45 9 424 
4600 664 13 16294 32 12 21301 21428 62 6 41 65 36 44 15 13 53 7 154 20 9 50 21408 211 211 28 47 9 437 
4700 862 15 18494 36 11 24392 24524 76 11 47 73 42 50 18 18 62 10 172 20 10 60 24503 240 240 30 55 17 495 
4800 898 12 19291 45 14 25436 25570 74 16 58 75 41 51 15 18 73 10 175 27 9 65 25546 251 251 29 54 17 521 
4900 897 12 19336 45 16 25545 25677 74 16 57 75 41 51 15 18 74 12 176 26 9 64 25652 252 252 30 54 17 523 
5000 936 15 19734 44 16 26174 26307 77 17 62 75 41 59 15 18 74 10 177 27 9 64 26284 258 258 36 59 17 539 
5100 1343 18 22131 52 15 29448 29692 94 23 72 88 63 65 115 27 85 14 192 36 15 81 29672 291 291 37 67 26 614 
5200 1400 17 22832 57 17 30660 30854 96 21 79 88 63 67 65 25 92 18 196 37 14 86 30835 301 301 36 70 28 641 
5300 1353 21 23046 57 22 31085 31228 98 21 76 89 64 67 297 26 96 18 147 36 14 85 31204 304 304 38 69 28 645 
5400 1435 24 24021 53 22 32455 32597 110 22 79 100 75 81 300 32 97 18 154 36 11 80 32577 317 317 40 75 29 668 
5500 1608 29 26303 67 30 35816 35967 129 24 96 105 75 87 71 36 105 20 175 39 13 95 35949 348 348 40 84 37 733 
5600 1615 33 27095 68 33 36915 37067 132 26 101 105 76 86 74 38 110 23 173 43 14 101 37052 359 359 44 86 38 762 
5700 1703 34 27437 69 38 37219 37467 133 25 104 104 75 86 76 135 115 23 175 42 15 101 37452 364 364 47 87 38 773 
5800 1803 41 28312 67 36 38576 38826 145 26 103 115 84 96 79 142 115 25 184 37 17 97 38814 376 376 52 94 31 796 
5900 2182 52 30762 78 45 41709 42114 153 32 115 113 96 100 181 147 218 32 147 46 23 119 42102 409 409 61 109 41 863 
6000 2253 55 31389 75 48 42581 42988 151 33 110 117 99 107 184 151 223 237 143 50 24 126 42970 418 418 65 105 45 886 
6100 2339 55 31734 76 53 43098 43506 156 33 110 135 105 107 186 152 232 239 142 49 26 128 43482 424 424 69 102 45 900 
6200 2572 57 33220 76 61 45423 45842 167 37 122 145 110 124 196 157 240 246 153 49 38 128 45814 445 445 82 111 44 942 
6300 2829 66 35399 86 61 48921 49301 171 43 125 153 123 130 196 161 198 153 167 62 45 144 49270 476 476 91 125 53 1012 
6400 3008 72 35918 90 65 49789 50166 171 44 120 156 124 134 199 162 202 161 170 63 42 149 50134 484 484 91 122 60 1035 
6500 3034 75 36396 92 66 50527 50913 172 45 117 161 133 137 198 168 212 262 169 64 45 151 50875 492 492 98 124 61 1056 
6600 3189 76 37765 98 78 52560 52951 182 53 128 158 141 147 208 174 220 163 182 87 55 156 52912 512 512 102 139 58 1100 
6700 3462 96 40123 101 81 56293 56644 185 56 138 165 148 161 220 119 230 173 202 94 58 175 56610 544 544 123 161 69 1167 
6800 3520 110 40813 105 84 57511 57809 186 57 136 182 150 166 172 122 233 175 202 100 59 187 57772 555 555 130 167 77 1196 
6900 3645 111 41277 108 89 58493 58791 189 60 136 187 156 172 172 127 237 175 210 98 61 190 58754 563 563 129 172 79 1220 
7000 3870 123 43490 114 99 62298 62560 217 70 155 206 171 185 133 133 253 186 224 103 75 198 62522 596 596 134 193 87 1292 
7100 4412 128 45331 120 93 65627 65851 227 74 169 199 177 196 88 136 257 201 255 108 71 222 65814 622 622 150 212 93 1352 
7200 4718 142 46072 124 99 66883 67106 231 76 175 197 179 202 91 136 255 200 261 116 70 224 67064 633 633 151 219 102 1378 
7300 4949 143 46513 132 109 67598 67872 333 79 173 202 180 209 89 137 205 203 263 114 79 224 67831 640 640 155 220 101 1394 
7400 5350 282 48521 146 122 70859 71234 350 85 179 224 197 232 103 91 216 311 270 107 90 242 71172 668 668 168 231 106 1447 
7500 5603 224 50668 152 119 74632 74945 362 95 207 226 199 247 114 90 229 125 288 114 95 273 74900 699 699 174 259 122 1513 
7600 5668 337 51625 158 123 75795 76215 367 97 206 236 198 255 112 92 232 132 290 117 99 274 76162 712 712 181 268 123 1541 
7700 5779 342 52269 161 131 76895 77309 372 98 201 241 205 269 114 98 233 136 296 114 101 284 77264 722 722 183 271 126 1566 
7800 6275 276 53679 175 136 79244 79740 372 106 203 262 230 282 129 103 251 146 302 123 122 422 79690 745 745 194 277 134 1613 
7900 5770 277 55714 180 155 82146 82584 380 103 227 279 220 292 130 109 266 146 310 132 117 384 82539 774 774 200 297 156 1675 
8000 5385 284 55683 183 201 81897 82327 370 100 211 265 201 273 123 138 306 146 279 136 118 378 82292 777 777 190 292 244 1711 
8100 5338 284 55698 194 208 82331 82757 367 111 210 264 201 271 124 145 309 146 278 143 130 381 82727 780 780 201 303 266 1719 
8200 5410 295 56505 207 224 83896 84316 377 107 219 273 198 268 127 157 323 141 281 154 129 385 84293 795 795 202 307 303 1771 
8300 5086 309 57213 211 238 84650 85061 379 109 217 283 201 293 129 167 326 341 282 144 129 390 85038 807 807 209 312 324 1800 
8400 5007 338 57543 272 264 85296 85773 375 120 271 321 204 297 126 191 334 301 284 142 134 385 85732 816 816 218 308 382 1825 
8500 4853 364 56999 338 278 85152 85569 367 117 329 356 209 290 127 213 335 155 272 141 144 383 85539 816 816 234 306 442 1840 
8600 4735 368 56330 353 275 84224 84629 360 118 340 361 203 288 137 223 335 163 277 134 151 378 84628 809 809 236 311 459 1821 
8700 4533 377 57975 402 302 86999 87350 314 110 384 390 204 290 143 249 360 170 289 140 179 381 87356 837 837 242 327 537 1882 
8800 4547 334 58771 413 307 88705 88992 317 113 406 401 210 287 153 254 367 179 298 143 174 380 89019 852 852 237 346 565 1919 
8900 4664 291 59845 418 309 90762 90993 328 113 421 410 204 284 155 267 377 184 299 153 177 394 91025 869 869 245 367 586 1962 
9000 4868 300 59511 479 342 90706 90917 327 109 464 437 250 279 151 286 402 184 291 151 182 381 90972 871 871 269 364 672 2020 
9100 4618 307 58886 537 357 90703 90882 317 112 491 454 299 283 160 296 440 188 280 149 216 383 90949 872 872 263 358 725 2043 
9200 4620 302 59601 522 358 91828 92003 326 113 487 448 260 283 164 303 442 187 286 150 207 384 92075 882 882 258 360 729 2079 
9300 4842 309 59808 561 419 93358 93499 344 107 512 471 274 285 195 371 491 188 284 145 256 375 93591 896 896 264 383 836 2167 
9400 5279 301 59351 547 441 93864 93983 358 106 501 472 266 292 221 416 506 188 283 140 285 370 94091 896 896 262 419 901 2199 
9500 5939 287 58759 542 488 94674 94776 381 124 512 459 266 307 233 468 523 183 303 142 309 373 94919 897 897 252 450 976 2233 
9600 6550 278 58167 531 517 95223 95322 392 133 509 474 267 309 240 493 531 190 344 134 315 376 95496 896 896 245 468 1026 2264 
9700 6179 267 57735 512 525 94469 94592 382 138 497 481 261 303 253 498 524 187 407 131 295 413 94793 892 892 247 472 1035 2261 
9800 6232 255 57407 491 542 94377 94599 382 158 478 483 223 299 270 622 526 177 453 132 298 438 94829 892 892 241 493 1060 2271 
9900 6330 251 57210 465 585 94206 94517 379 154 526 592 223 301 277 636 529 202 407 130 290 436 94758 892 892 250 493 1060 2283 
10000 6810 252 57387 462 627 95452 95722 375 159 565 607 226 303 282 658 546 229 398 137 288 435 95994 901 901 259 499 1108 2338 
10100 7426 240 57066 461 683 96270 96575 474 183 593 601 212 289 300 638 557 283 394 131 284 445 96902 906 906 245 514 1194 2392 
10200 7668 235 56663 456 726 95743 96097 417 200 603 585 197 269 318 610 573 402 399 133 279 466 96523 902 902 232 523 1253 2415 
10300 7780 225 55992 469 794 95770 96181 362 220 617 573 186 239 339 657 703 418 461 136 276 500 96656 903 903 229 539 1354 2467 
10400 7574 228 55436 467 848 95993 96325 354 241 636 558 182 231 366 695 700 381 463 135 267 517 96816 902 902 223 541 1437 2492 
10500 7634 237 55388 482 874 96236 96611 352 246 665 497 185 233 372 805 714 395 470 144 301 520 97116 906 906 215 536 1517 2508 
10600 8316 244 55363 492 892 95846 96488 344 247 692 478 179 227 382 811 720 343 418 156 272 515 97018 904 904 213 536 1558 2518 
10700 8461 246 55162 493 919 95359 96138 341 256 695 461 166 539 393 828 722 352 422 152 273 522 96697 902 902 209 547 1593 2525 
10800 8676 251 55109 476 977 96057 96780 339 272 710 443 166 531 397 795 677 342 431 157 262 541 97392 906 906 209 573 1642 2569 
10900 8278 243 54760 471 1037 96713 97215 336 296 731 380 160 317 419 832 690 355 446 159 251 553 97871 909 909 207 597 1711 2615 
11000 7810 244 54702 472 1080 97589 97884 332 311 746 372 160 209 434 806 700 368 455 159 226 560 98581 916 916 217 613 1769 2657 
11100 7933 245 54761 483 1106 98015 98414 433 315 759 376 156 209 451 831 712 371 480 176 226 581 99137 922 922 217 627 1832 2696 
11200 7780 243 54761 481 1149 97954 98398 433 335 770 366 156 210 467 855 720 376 491 181 224 591 99160 926 926 211 645 1880 2727 
11300 7788 253 55189 491 1236 99625 100011 429 363 799 359 159 209 508 903 691 429 527 195 216 615 100822 942 942 188 694 1995 2819 
11400 7697 257 55616 499 1308 101086 101422 420 386 820 386 160 209 528 961 709 446 548 204 220 643 102281 957 957 183 723 2078 2879 
11500 7722 254 55925 555 1383 102567 102906 417 419 851 368 157 209 560 1014 735 451 578 212 215 668 103823 972 972 180 762 2191 2944 
11600 7800 250 56351 564 1410 103753 104093 421 428 873 374 157 211 578 1045 744 466 600 212 213 680 105057 984 984 179 768 2270 2991 
11700 7741 258 56592 559 1470 104895 105236 362 449 890 371 156 206 586 1088 757 476 613 218 214 691 106221 994 994 230 800 2336 3028 
11800 7717 262 56963 561 1528 106375 106662 313 469 928 367 158 209 614 1159 778 502 640 217 211 713 107705 1009 1009 226 829 2417 3096 
11900 7782 269 57339 565 1584 107666 108005 315 503 961 362 240 207 646 1215 785 500 667 219 200 740 109141 1023 1023 225 864 2504 3150 
12000 8330 280 58135 556 1682 110499 110806 311 544 1021 357 216 221 685 1324 813 510 684 220 243 774 111974 1048 1048 225 926 2632 3247 
12100 8039 278 57791 561 1680 109684 110072 310 534 1030 373 313 229 688 1313 927 611 690 221 245 772 111254 1046 1046 169 921 2666 3242 
12200 7489 289 58914 585 1821 113561 113828 301 580 1093 373 202 229 789 1434 974 650 746 230 226 817 115108 1083 1083 160 989 2845 3399 
12300 7325 290 58773 588 1830 114198 114356 302 584 1108 381 203 223 795 1437 985 656 766 234 205 826 115646 1086 1086 158 990 2878 3406 
12400 7563 298 59447 595 1923 115916 116209 300 618 1164 390 210 236 818 1514 1029 675 787 240 204 859 117589 1106 1106 261 1029 2996 3507 
12500 7485 304 59749 618 1972 117237 117485 246 635 1185 394 204 230 820 1552 1037 692 805 249 198 874 118893 1117 1117 258 1054 3049 3543 
12600 7575 305 60358 635 2131 120294 120412 239 666 1232 394 183 237 860 1652 967 620 844 274 221 908 121885 1143 1143 208 1105 3212 3662 
12700 7295 315 60414 633 2158 120521 120632 233 688 1258 401 179 239 871 1681 975 621 869 280 203 918 122138 1149 1149 204 1116 3276 3693 
12800 7314 320 60831 646 2227 121655 121851 230 768 1281 393 173 242 898 1746 1002 730 879 273 202 942 123449 1164 1164 150 1138 3367 3776 
12900 7634 326 61325 667 2308 124028 124222 226 788 1305 394 184 251 929 1811 1007 744 926 277 205 963 125842 1182 1182 155 1177 3457 3836 
13000 7475 378 62141 684 2382 125776 126126 220 818 1349 404 180 258 947 1869 1040 863 945 280 207 991 127803 1203 1203 151 1226 3568 3932 
13100 7517 381 62510 706 2458 127669 128016 223 852 1397 403 194 276 970 1914 1064 881 989 281 204 1023 129742 1221 1221 152 1265 3709 4006 
13200 7806 391 62688 715 2501 128784 129079 220 866 1433 411 194 302 988 1956 1091 835 1007 287 206 1050 130838 1230 1230 152 1276 3798 4059 
13300 8482 391 62994 708 2550 130370 130735 230 885 1450 409 202 329 1024 2028 1102 966 1028 288 209 1074 132533 1245 1245 157 1304 3881 4157 
13400 9101 352 63518 722 2655 134180 134418 224 876 1515 408 210 345 1268 2121 1146 975 1073 297 208 1102 136252 1270 1270 150 1387 4014 4255 
13500 9061 341 63792 728 2696 134934 135175 220 886 1540 421 219 355 1268 2146 1151 987 1101 300 211 1115 137047 1279 1279 150 1384 4076 4302 
13600 9455 356 65164 759 2863 138730 139139 251 953 1626 406 215 394 1376 2311 1182 1032 1135 302 221 1167 141118 1321 1321 153 1446 4292 4484 
13700 10187 364 65725 761 2938 140694 141053 249 983 1658 408 228 419 1493 2393 1200 1036 1155 298 445 1201 143077 1338 1338 154 1477 4435 4559 
13800 10108 365 66182 774 2980 141569 142023 252 992 1681 430 230 434 1552 2430 1223 1049 1183 298 450 1218 144107 1351 1351 153 1487 4523 4613 
13900 11032 369 66786 790 3066 144166 144644 238 1047 1746 419 256 454 1544 2554 1258 1028 1228 302 468 1259 146782 1374 1374 157 1545 4677 4766 
14000 10670 377 67499 809 3147 146883 147197 238 1070 1785 462 264 467 1519 2640 1280 946 1273 297 489 1300 149383 1398 1398 154 1574 4811 4852 
14100 11108 378 67689 825 3188 148205 148468 241 1151 1808 502 269 485 1525 2707 1291 922 1288 301 599 1326 150695 1412 1412 157 1650 4927 4938 
14200 10629 494 69114 836 3235 152253 152540 224 1199 1864 499 270 507 1469 2803 1333 928 1341 319 613 1371 154854 1450 1450 261 1639 5090 5064 
14300 10927 498 69494 830 3319 153685 153954 230 1204 1880 491 279 533 1493 2857 1344 939 1369 320 621 1383 156297 1464 1464 266 1655 5178 5109 
14400 10913 493 69922 819 3371 155699 156061 244 1232 1937 547 284 548 1645 2930 1378 974 1417 326 980 1416 158458 1484 1484 219 1693 5328 5198 
14500 10670 513 70544 828 3504 158460 158727 275 1256 1979 512 296 563 1679 3027 1404 985 1441 356 742 1465 161173 1510 1510 158 1749 5581 5350 
14600 10909 638 71937 938 3614 162001 162408 226 1297 2064 524 315 586 1714 3128 1464 1012 1516 360 759 1518 164945 1546 1546 157 1783 5660 5512 
14700 11121 535 72674 892 3696 164739 164870 222 1315 2214 516 335 589 1638 3405 1533 1038 1553 356 781 1598 167514 1568 1568 162 1816 5830 5695 
14800 11502 571 74188 939 3821 169745 169998 225 1365 2279 517 351 608 1888 3531 1576 1047 1629 378 913 1639 172741 1619 1619 170 1877 6104 5893 
14900 11761 569 75289 972 3842 170317 170663 228 1372 2277 517 348 620 1890 3585 1591 1048 1650 378 805 1698 173482 1629 1629 165 1943 6457 5935 
15000 11979 480 75164 934 3916 173181 173531 445 1392 2335 532 463 652 2045 3634 1621 1063 1705 389 935 1687 176344 1655 1655 169 1930 6315 6060 
15100 12117 488 76391 937 4039 177930 178298 446 1429 2429 533 488 660 1929 3754 1669 1109 1760 399 844 1740 181222 1695 1695 164 2010 6503 6251 
15200 12093 493 77071 947 4143 181734 182009 450 1459 2453 555 392 681 2001 3846 1682 1127 1798 414 816 1759 184979 1726 1726 174 2045 6692 6316 
15300 12137 516 77686 934 4187 184515 184576 451 1502 2514 522 403 697 2031 3954 1720 1108 1831 412 768 1780 187603 1747 1747 173 2064 6916 6423 
15400 11751 522 78929 966 4278 187217 187312 451 1528 2581 527 420 722 2087 4091 1750 1126 1883 415 695 1853 190469 1780 1780 179 2124 7089 6558 
15500 11893 525 79730 951 4353 188761 189100 337 1562 2607 532 555 747 2144 4169 1840 1179 1956 422 829 1896 192336 1808 1808 176 2150 7231 6703 
15600 11660 544 80380 944 4457 191962 192133 444 1605 2688 550 564 784 2186 4288 1908 1178 2004 429 892 1941 195426 1837 1837 188 2191 7415 6838 
15700 11647 564 81212 947 4525 195997 195984 448 1637 2757 545 585 809 2183 4409 1959 1140 2053 444 861 1987 199320 1869 1869 200 2229 7663 7006 
15800 11831 573 81902 935 4659 198395 198351 445 1667 2786 545 590 830 2324 4625 1937 1151 2101 443 771 2071 201783 1895 1895 203 2242 7796 7148 
15900 11538 573 82611 954 4713 201577 201407 551 1703 2833 534 605 840 2344 4690 1982 1150 2146 457 784 2093 204908 1922 1922 216 2255 7933 7262 
16000 12537 591 83321 967 4790 203505 203501 660 1746 2904 551 619 916 2382 4782 2017 1153 2171 456 816 2125 207056 1943 1943 331 2308 8086 7360 
16100 13174 622 84338 997 4919 208446 208269 560 1795 2971 568 644 945 2463 4843 2140 1175 2223 467 757 2181 211901 1983 1983 329 2371 8319 7550 
16200 14347 636 85480 1005 5011 212217 212083 546 1845 3050 564 750 966 2530 4945 2185 1195 2282 488 775 2209 215793 2020 2020 356 2418 8558 7747 
16300 14446 635 85965 1000 5050 213485 213294 652 1861 3097 633 772 962 2558 5025 2201 1224 2327 490 800 2249 217062 2039 2039 354 2442 8723 7809 
16400 14316 651 86958 1052 5201 218226 217923 760 1929 3239 690 798 980 2540 5411 2284 1251 2412 490 771 2317 221797 2084 2084 316 2508 9001 8007 
16500 14810 662 87572 1079 5279 220888 220515 756 1958 3284 680 814 1010 2580 5489 2308 1279 2447 494 788 2354 224435 2106 2106 260 2542 9130 8125 
16600 15743 668 88358 1075 5366 222786 222638 546 1969 3328 734 826 1083 2562 5658 2323 1288 2483 510 811 2495 226638 2130 2130 263 2553 9309 8263 
16700 16083 697 90006 1113 5534 228505 228358 334 2051 3437 752 838 1063 2715 5851 2403 1374 2618 520 836 2603 232518 2186 2186 287 2676 9590 8498 
16800 16998 732 91035 1111 5634 231567 231302 329 2095 3506 759 858 1099 2655 5748 2443 1353 2638 541 822 2561 235524 2211 2211 386 2725 9798 8610 
16900 17636 741 92448 1235 5758 234835 234624 429 2123 3588 779 814 1120 2712 5892 2507 1463 2701 539 849 2621 238952 2248 2248 421 2767 10169 8807 
17000 16462 765 93159 1147 5860 239491 239031 435 2168 3687 773 828 1160 2743 6103 2548 1434 2764 563 869 2535 243430 2286 2286 445 2814 10271 8986 
17100 17346 774 93968 1184 5914 241380 241117 430 2186 3763 754 843 1182 2766 6181 2545 1435 2807 566 877 2568 245548 2308 2308 452 2851 10431 9072 
17200 16452 872 95144 1207 6010 244983 244851 329 2249 3813 723 849 1191 2726 6274 2607 1441 2916 578 933 2626 249402 2347 2347 460 2875 10657 9262 
17300 16335 878 96335 1215 6168 249793 249673 338 2276 3894 714 854 1236 2772 6415 2657 1476 2981 604 1084 2692 254326 2392 2392 426 2946 10890 9460 
17400 16897 895 97036 1221 6334 251973 251907 446 2297 3957 719 811 1269 2818 6727 2684 1480 3046 603 1168 2752 256627 2418 2418 443 2963 11108 9585 
17500 17558 860 97988 1265 6466 255894 255684 666 2348 4045 741 841 1273 2876 6882 2731 1520 3110 619 1201 2758 260512 2454 2454 455 3033 11349 9760 
17600 17621 884 98493 1267 6522 257948 257804 674 2361 4100 746 850 1319 2967 7185 2974 1527 3149 634 1242 2779 262660 2476 2476 472 3031 11520 9874 
17700 17444 898 99812 1366 6621 260163 260103 779 2374 4160 788 852 1347 3033 7264 3001 1521 3192 691 1271 2872 265095 2500 2500 477 3083 11881 10005 
17800 16417 893 101824 1416 6861 266284 266027 676 2433 4259 819 823 1391 3171 7233 3185 1626 3304 746 1341 2993 271248 2559 2559 484 3197 12385 10275 
17900 17462 930 101910 1472 6890 268808 268662 775 2484 4369 779 837 1546 3176 7343 3207 1655 3359 720 1394 2998 273894 2585 2585 434 3296 12433 10387 
18000 17588 949 102455 1441 6902 271711 271550 781 2490 4407 801 856 1548 3191 7575 3415 1691 3418 728 1406 3133 276814 2611 2611 437 3385 12922 10529 
18100 18384 967 102853 1408 7074 273252 273147 674 2490 4461 829 864 1589 3252 7669 3438 1858 3456 732 1430 3076 278491 2629 2629 446 3302 12720 10650 
18200 19516 937 104039 1626 7270 278072 277937 568 2539 4577 847 894 1645 3320 7895 3500 1872 3529 756 1500 3353 283370 2675 2675 453 3528 13084 10865 
18300 20132 956 105573 1652 7304 282941 282769 577 2641 4677 887 905 1627 3421 8033 3607 1915 3613 776 1572 3429 288303 2723 2723 474 3603 13324 11040 
18400 19379 985 106052 1662 7388 286775 286437 582 2649 4738 916 912 1651 3453 7985 3771 1945 3669 809 1498 3463 292011 2752 2752 461 3637 13545 11200 
18500 19865 996 107377 1628 7500 290973 290523 583 2678 4825 940 926 1703 3539 8276 3931 1986 3715 807 1565 3538 296243 2789 2789 464 3712 13890 11391 
18600 18385 1000 107348 1647 7517 292333 291970 590 2699 4838 940 950 1696 3548 8233 3887 1998 3756 823 1574 3654 297717 2803 2803 478 3645 13875 11471 
18700 18479 1026 108435 1664 7626 294162 294026 642 2693 4895 956 1079 1731 3599 8708 4030 2019 3813 837 1603 3671 299861 2827 2827 479 3699 14205 11602 
18800 18638 1059 110004 1878 7817 301952 301598 612 2802 5084 942 1102 1809 3711 8991 4333 2085 3898 888 1657 3965 307596 2898 2898 508 3973 14645 11905 
18900 17326 1067 110683 2035 7906 305695 305252 618 2872 5118 981 1132 1782 3762 8929 4544 2115 4066 893 1683 4021 311349 2932 2932 535 4000 14674 12016 
19000 18071 1101 112233 1971 8042 308995 308483 658 2893 5189 1004 1078 1844 3818 9224 4605 2103 4067 923 1726 4009 314750 2966 2966 527 3976 15155 12193 
19100 17944 1113 112974 1778 8111 312596 311984 659 2953 5277 1007 1195 1862 3860 9334 4625 2149 4117 971 1769 4049 318308 2999 2999 538 4011 15556 12352 
19200 19031 1168 113012 1786 8181 315985 315065 601 3049 5379 1019 1105 1905 3890 9618 4628 2114 4145 989 1804 4041 321437 3026 3026 563 3939 15578 12528 
19300 19240 1171 114220 1804 8242 320505 319428 593 3041 5497 1094 1069 1952 4007 9676 4902 2152 4230 1023 1859 4095 325921 3071 3071 613 3953 17223 12780 
19400 19158 1178 115875 1642 8479 326955 326196 592 3076 5726 1141 1201 2213 4118 9763 5055 2184 4286 1095 1968 4129 332769 3139 3139 676 3967 24771 13141 
19500 18861 1185 116692 1641 8621 332735 331841 586 3078 5882 1203 1226 2255 4176 9724 5143 2179 4307 1174 2058 4181 338456 3188 3188 763 4043 32997 13426 
19600 18823 1217 117300 1670 8726 334954 334002 601 3067 5967 1238 1229 2287 4271 9635 5318 2273 4311 1189 2082 4230 340646 3210 3210 810 4090 36793 13555 
19700 20651 1241 117574 1671 8777 336749 335822 544 3075 6017 1233 1195 2343 4349 9659 5365 2279 4381 1194 2089 4278 342505 3226 3226 800 4102 36417 13695 
19800 20864 1257 118330 1567 8835 338883 338049 543 3111 6084 1247 1210 2376 4407 9933 5398 2303 4410 1209 2130 4178 344839 3251 3251 811 3975 35968 13798 
19900 21100 1277 120556 1627 8991 346797 345794 545 3167 6292 1327 1234 2443 4451 10126 5960 2286 4431 1296 2234 4285 352678 3327 3327 942 4105 43682 14164 
20000 20817 1289 122205 1607 9173 351604 350580 542 3205 6428 1379 1220 2536 4555 10084 6085 2270 4424 1367 2327 4371 357599 3374 3374 1013 4185 51541 14385 
20100 20528 1292 122062 1616 9410 353027 351892 754 3203 6463 1401 1248 2523 4536 10108 6184 2361 4445 1404 2406 4329 358940 3386 3386 1064 4210 55039 14487 
20200 19499 1320 121837 1604 9421 354817 353602 754 3230 6477 1410 1210 2481 4536 9993 6061 2365 4478 1401 2427 4425 360599 3398 3398 1051 4320 53987 14527 
20300 19480 1339 122318 1597 9420 358467 357255 760 3253 6522 1397 1341 2464 4562 10042 6206 2369 4520 1416 2715 4424 364245 3421 3421 1048 4324 53641 14643 
20400 20157 1354 122655 1617 9741 359690 358476 963 3256 6558 1398 1303 2490 4612 10078 6769 2365 4497 1455 2782 4532 365509 3436 3436 1134 4330 56770 14700 
20500 20258 1368 122630 1604 9815 361680 360376 970 3281 6616 1612 1334 2453 4638 10113 6944 2361 4534 1482 2842 4557 367443 3452 3452 1039 4329 61493 14810 
20600 20398 1370 122598 1627 9589 362010 360795 855 3282 6667 1611 1358 2506 4662 10137 6478 2363 4544 1523 3209 4599 367896 3461 3461 1045 4325 64010 14883 
20700 20058 1394 123065 1591 9637 362706 361508 1064 3340 6664 2055 1581 2958 4667 10478 6805 2379 4546 1534 3440 4633 368643 3469 3469 1047 4404 64674 14945 
20800 19281 1419 123083 1617 9629 364553 363265 1175 3337 6712 1857 1638 2986 4686 10441 6866 2426 4575 1539 3454 4514 370527 3485 3485 1011 4284 64558 15015 
20900 19935 1438 123532 1596 9671 366811 365414 1184 3375 6815 1883 1651 2989 4733 10569 6905 2431 4635 1581 3495 4562 372712 3506 3506 1047 4318 66621 15180 
21000 19755 1440 123810 1592 9678 367576 366303 974 3375 6852 1700 1653 3020 4747 10590 6958 2465 4642 1611 3571 4564 373674 3517 3517 1305 4334 71057 15248 
21100 19975 1434 123802 1605 9642 368875 367519 768 3401 6840 1829 1551 3026 4803 10709 6831 2359 4682 1685 3633 4626 374895 3532 3532 1255 4485 75255 15341 
21200 19112 1448 123369 1613 9702 369812 368233 710 3430 6862 1774 1456 2916 4763 10510 6543 2403 4698 1687 3976 4744 375608 3537 3537 1151 4488 76025 15322 
21300 19759 1470 123942 1591 9751 370989 369368 493 3420 6904 1777 1425 2800 4794 10398 6876 2358 4696 1716 3774 4882 376800 3546 3546 1147 4503 75753 15408 
21400 20310 1491 123871 1600 9701 370451 368851 508 3388 6918 1714 1429 2874 4850 10387 6589 2413 4656 1703 3744 4933 376286 3546 3546 1175 4553 75474 15420 
21500 20352 1497 123781 1574 9703 371287 369639 528 3362 6999 1734 1374 2947 4838 10372 6744 2456 4684 1677 3843 4992 377061 3553 3553 1194 4596 77243 15464 
21600 20074 1499 123652 1555 9694 371755 370160 483 3346 7002 1750 1352 3103 4982 10459 6659 2436 4696 1692 3972 5027 377640 3557 3557 1227 4625 79879 15497 
21700 20371 1605 123906 1569 9623 371069 369816 489 3470 6970 1794 1357 3129 5000 10445 6763 2528 4640 1832 3716 5155 377239 3557 3557 1283 4724 82400 15499 
21800 20561 1619 123753 1571 9650 371651 370149 333 3516 7042 1808 1407 3042 4986 10462 6793 2514 4747 1842 3598 5178 377544 3563 3563 1295 4731 82390 15594 
21900 21237 1610 123954 1648 9616 371951 370504 348 3521 7085 1811 1650 3057 4968 10470 6777 2474 4756 1937 4896 5196 377907 3573 3573 1352 4731 87319 15751 
22000 21655 1604 125300 1669 9701 372721 371471 349 3519 7145 1857 1725 3072 5377 10579 6695 2456 4760 1955 6195 5293 378982 3588 3588 1430 4554 91858 15819 
22100 19861 1610 124439 1674 9611 371767 370376 365 3487 7107 1881 1791 3331 5004 10535 6639 2463 4799 1953 6203 5275 377899 3578 3578 1453 4551 94961 15819 
22200 19132 1605 124951 1668 9686 372934 371298 486 3605 7133 1895 1797 3574 5251 10644 6475 2683 4664 1985 6005 5448 379020 3585 3585 1509 4789 96783 15858 
22300 19263 1607 124000 1706 9628 373196 371425 482 3651 7144 1905 1762 3580 5182 10561 6417 2689 4613 2001 5583 5341 379068 3585 3585 1507 4726 97352 15896 
22400 18991 1635 123867 1694 9630 373044 371244 503 3677 7202 2031 1721 3486 5163 10515 6438 2739 4776 2248 4787 5321 378926 3586 3586 1488 4760 98433 15967 
22500 18498 1610 123156 1695 9766 372653 371069 510 3686 7288 2057 1707 3366 5223 10383 6374 2624 4636 2275 4247 5292 378686 3583 3583 1498 4929 99720 15995 
22600 18185 1575 122656 1731 9644 373010 371231 530 3652 7325 2092 1687 3303 5207 10374 7257 2912 4610 2336 4131 5271 378813 3580 3580 1501 5048 101270 15952 
22700 18071 1571 121765 1733 9604 370970 369269 527 3672 7245 2088 1679 3208 5261 10284 7295 2910 4710 2307 4126 5427 376815 3562 3562 1454 5197 99101 15879 
22800 18136 1591 122713 1772 9657 371233 369536 524 3677 7238 2021 1694 3164 5218 10549 7394 2880 4729 2206 4244 5471 377114 3566 3566 1454 5263 98869 15867 
22900 18062 1615 122600 1792 9755 372976 371260 595 3694 7267 2129 1753 3249 5205 10561 7156 2869 4730 2255 4668 5463 378691 3580 3580 1538 5066 102350 15933 
23000 18130 1649 122637 1741 9702 373838 372182 599 3712 7313 2145 1813 3289 5153 10563 6575 2852 4758 2305 5032 5489 379561 3589 3589 1604 5035 106807 15980 
23100 18481 1796 123686 1756 9657 373287 371729 624 3716 7351 2149 2037 3457 5058 10836 6241 2831 4757 2385 5399 5498 379104 3589 3589 1659 4905 110500 15982 
23200 17424 1724 121583 1730 9535 369823 368120 518 3722 7269 2037 1991 3457 4968 10809 6150 2871 4731 2343 5238 5329 375414 3556 3556 1612 4823 107191 15838 
23300 18439 1683 122114 1719 9621 371367 369538 527 3915 7277 2072 1992 3477 5136 10726 6196 2987 4749 2295 4935 5376 376845 3564 3564 1646 5012 107014 15892 
23400 18112 1679 122103 1738 9654 372255 370324 527 3898 7308 2064 1997 3505 5140 10755 6241 2780 4774 2314 4661 5397 377653 3571 3571 1605 5067 107982 15939 
23500 18177 1679 121770 1736 9665 372135 370346 632 4080 7338 2084 1892 3524 5135 10770 6266 2807 4757 2360 4596 5404 377681 3573 3573 1620 5053 109980 15967 
23600 18500 1709 122207 1720 9783 370428 368809 593 3951 7311 2134 1785 3531 5165 10843 6310 3047 4823 2489 4237 5460 376156 3561 3561 1781 5074 110737 15907 
23700 19866 1812 122274 1755 9858 370683 369435 592 4050 7336 2285 1826 3583 5070 10786 6622 3158 4814 2539 4278 5396 376759 3569 3569 1776 5101 113600 15981 
23800 21927 1795 121898 1742 9719 371263 370141 625 4005 7373 2296 1835 3879 4999 10809 6591 3001 4784 2651 4623 5458 377428 3572 3572 1719 5331 115593 16035 
23900 21541 1840 122184 1741 9695 371851 370682 599 4055 7394 2401 1850 3921 5095 10675 6900 2914 4750 2793 4611 5459 378066 3579 3579 1728 5256 118936 16082 
24000 21208 1741 123584 1786 9846 371566 370485 607 4072 7460 2426 1852 3960 5104 10712 6665 3012 4691 2805 4676 5541 377938 3582 3582 1770 5176 122162 16135 
24100 20353 1682 123626 1785 9784 371835 370816 602 4066 7474 2416 1849 3897 5157 10608 6649 2993 4603 2857 4690 5559 378279 3585 3585 1800 5182 125616 16176 
24200 19707 1718 120939 1743 9702 369945 368613 610 3988 7453 2419 1839 3590 5066 10180 6491 2858 4521 2702 4447 5300 375989 3559 3559 1824 4961 122825 16047 
24300 20018 1748 120794 1746 9693 371201 369927 601 3964 7424 2451 1787 3601 5146 10280 6747 2719 4541 2969 4381 5355 377361 3572 3572 1783 4989 125352 16160 
24400 19643 1799 119682 1724 9516 371046 369655 611 4095 7388 2685 1747 3587 5064 10300 6721 2566 4562 3029 4482 5395 377093 3572 3572 1774 5045 127871 16202 
24500 19462 1827 119389 1721 9455 371549 369940 621 4061 7409 2734 1751 3568 4976 10357 6741 2526 4617 3078 4522 5302 377377 3577 3577 1771 4906 130122 16255 
24600 20309 1845 119502 1738 9422 371878 370280 635 4125 7437 2801 1810 3622 5226 10678 7238 2596 4632 3137 4620 5343 377711 3580 3580 1818 4934 132214 16337 
24700 20305 1849 118095 1948 9319 370672 369170 639 4452 7410 2787 1785 3546 5128 10506 6829 2581 4709 3124 4795 5328 376542 3570 3570 1848 4872 130696 16268 
24800 20446 1805 119497 1958 9325 370631 369157 854 4394 7383 2791 1780 3801 5206 10664 7064 2603 4613 3000 4674 5339 376574 3568 3568 1963 4934 132522 16213 
24900 20682 1829 119225 1954 9308 371526 369850 974 4305 7386 2894 1791 3819 5180 10660 7225 2592 4564 3136 4831 5312 377265 3573 3573 2024 4988 136453 16257 
25000 20814 1838 118984 1971 9299 371862 369866 895 4319 7375 2910 1748 3828 5194 10656 7251 2736 4530 3236 4670 5322 377226 3574 3574 2065 4988 138596 16234 
25100 20362 1860 118220 2001 9266 372146 370051 904 4285 7407 2932 1750 3812 5269 10310 7255 3449 4473 3335 4662 5215 377309 3572 3572 2108 4922 141516 16241 
25200 20875 1844 116564 1998 9246 370785 368636 774 4270 7360 2816 1709 3700 5194 10156 7301 3354 4448 3301 4854 5241 375852 3558 3558 2015 5226 140614 16174 
25300 19740 1869 116387 1838 9254 371558 369409 777 3824 7360 2794 1694 3702 5195 10130 7201 3312 4437 3208 4794 5284 376686 3564 3564 1996 5188 141688 16111 
25400 20574 2014 116290 1847 9228 372981 370731 830 3772 7445 2956 1721 3910 5149 10267 7244 3276 4473 3282 4985 5324 378007 3575 3575 2009 5103 144721 16215 
25500 19861 2012 115987 1822 9202 373509 371394 842 3875 7445 2899 1714 3811 5039 10326 6986 3285 4650 3271 4947 5328 378683 3580 3580 2040 5053 147325 16295 
25600 19695 1945 115462 1693 9166 374174 372185 832 3744 7480 2752 1811 3742 5041 10247 6621 3321 4469 3114 4729 5356 379456 3584 3584 2318 5079 151045 16359 
25700 20861 2035 114840 1694 9118 373738 371662 830 3782 7439 2713 1810 3752 4940 10160 6373 3210 4431 3103 4722 5319 378907 3567 3567 2313 4998 150170 16231 
25800 21231 2010 114771 1762 9167 372582 370437 1116 3791 7388 2691 1801 3711 4881 10344 6511 2944 4389 3151 4572 5323 377770 3557 3557 2297 4976 148362 16168 
25900 20706 1999 114335 1820 9168 373640 371249 1103 3794 7411 2682 1810 3767 4901 10164 6657 2456 4373 3133 4679 5365 378577 3564 3564 2272 4989 152047 16232 
26000 21388 2002 114072 1847 9151 374205 371989 1005 3822 7417 3066 1821 3713 4928 10141 6709 2392 4364 3209 4755 5401 379525 3572 3572 2274 5013 154670 16285 
26100 19744 2097 113450 1890 9204 373576 371293 841 4032 7391 2890 1841 3719 4823 9935 6775 2322 4571 3204 4775 5438 378679 3570 3570 2120 5019 157251 16267 
26200 19176 2105 112702 1886 9168 371527 369367 846 4397 7393 2856 1904 3768 4831 10052 6688 2320 4661 3263 4703 5438 376731 3553 3553 2331 5010 155344 16178 
26300 20205 2078 112417 1904 9096 373654 371313 892 4409 7412 2876 1901 3806 4751 9969 6695 2324 4671 3314 4533 5561 378577 3553 3553 2327 5018 157704 16174 
26400 21182 2105 112766 1915 9132 376402 374028 915 4341 7449 2904 1925 3828 4831 10057 6762 2355 4690 3352 4561 5615 381338 3569 3569 2126 5042 160639 16303 
26500 19992 2071 112468 1923 9099 375309 372919 907 4338 7486 2954 1992 3853 4857 10332 6814 2433 4694 3352 4452 5651 380262 3572 3572 2032 5065 161177 16350 
26600 18466 2121 112697 1933 9057 372596 370414 919 4158 7551 2991 2154 3871 4863 10474 6805 2594 4922 3428 4416 5948 377793 3572 3572 2063 5030 161757 16373 
26700 18087 2131 111410 1914 8967 370261 368110 852 4068 7514 3000 2120 3779 4853 10605 6917 2606 4759 3419 4311 5831 375406 3553 3553 2045 5003 160267 16307 
26800 18557 2124 111832 1977 9019 369526 367720 934 4254 7462 3009 2130 3750 4919 10637 6991 2592 4740 3443 4314 5896 375118 3555 3555 2057 5054 161728 16326 
26900 18474 2160 111397 2076 9030 370510 368447 950 4267 7494 3246 2123 4024 5037 10555 7099 2535 4729 3467 4431 5887 375876 3559 3559 2251 5059 164706 16380 
27000 19468 2208 111273 2241 9051 371102 369116 993 4294 7570 3052 2131 4084 5140 10543 7186 2564 4728 3530 4460 5898 376500 3567 3567 2259 5076 168768 16468 
27100 18330 2214 110733 2238 9010 371183 369038 982 4216 7596 2943 2195 4017 5126 10486 7222 2443 4695 3524 4362 5911 376385 3566 3566 2224 5083 170890 16507 
27200 17969 2237 110406 2219 9014 370616 368364 967 4093 7596 2909 2174 4005 5107 10325 7149 2404 4669 3504 4288 5878 375659 3553 3553 2182 5007 169156 16418 
27300 17944 2239 110243 2112 9023 370156 367960 970 3978 7610 2910 2436 4111 5072 10280 7098 2521 4660 3516 4334 5854 375202 3549 3549 2222 4994 169956 16396 
27400 17975 2267 109694 2117 8991 371404 368994 958 3951 7685 2837 2462 4191 4817 10113 6995 2705 4406 3524 4383 5697 376138 3554 3554 2296 4988 172874 16442 
27500 18109 2177 109335 2104 9075 372938 370483 982 3862 7753 2845 2501 4195 4790 9937 6963 2693 4401 3553 4471 5726 377581 3568 3568 2454 5019 178115 16598 
27600 17181 2154 108408 2123 8996 373560 371050 1107 3759 7828 2837 2397 4171 4856 9835 7143 2621 4334 3570 4551 5695 378078 3576 3576 2561 5000 182098 16654 
27700 17152 2171 108594 2130 8995 372169 369525 1156 3709 7805 2870 2219 4148 4893 9984 7336 2731 4398 3620 4661 5710 376625 3564 3564 2485 5181 181179 16610 
27800 16583 2137 107977 2131 8996 372751 369964 1131 3680 7780 2891 2159 4151 4881 9919 7231 2569 4304 3552 4636 5703 377081 3559 3559 2378 5147 182019 16564 
27900 16234 2130 107839 2150 9009 373092 370363 1133 3584 7741 2896 2138 4078 4867 9916 7364 2475 4188 3603 4582 5729 377479 3564 3564 2392 5266 186536 16659 
28000 16865 2128 107711 2161 9053 373610 370847 1142 3510 7714 2732 1976 4163 4841 9887 7486 2496 4181 3717 4613 5752 377965 3567 3567 2448 5331 189555 16744 
28100 16884 2071 107591 2153 9080 374237 371152 1165 3560 7658 2795 1965 4317 5052 10090 7851 2299 4152 3793 4686 5732 378311 3573 3573 2451 5318 193957 16832 
28200 17183 2079 106448 2177 8992 371627 368635 1177 3539 7625 2821 2013 4215 5100 10023 7742 2279 4126 3749 4643 5666 375713 3546 3546 2604 5244 191843 16694 
28300 17055 2077 106339 2294 8983 371579 368646 1132 3566 7596 2822 2218 4099 4978 10315 8204 2285 4153 3662 4656 5664 375701 3547 3547 2980 5248 192549 16680 
28400 17318 2115 106152 2356 8973 372767 369616 1139 3566 7623 2837 2199 4105 4972 10733 9044 2278 4125 3701 4620 5689 376652 3553 3553 2753 5248 197266 16697 
28500 17529 2175 105286 2397 8999 373653 370432 1157 3567 7678 2858 2221 4212 4912 11297 9714 2307 4111 3733 4747 5657 377430 3559 3559 2762 5251 199779 16707 
28600 18015 2223 105160 2410 8929 374583 371295 1161 3555 7711 2884 2256 4237 4840 11846 10551 2210 4110 4025 4653 5686 378322 3567 3567 2665 5202 203006 16760 
28700 19139 2229 104886 2430 8870 372787 370418 1178 3632 7695 2783 2223 4102 4824 12226 10560 2187 4805 4038 4654 5872 377513 3553 3553 2634 5378 202344 16669 
28800 19607 2218 104987 2386 8938 373612 371263 1036 3703 7719 2789 2216 4239 4848 11858 10155 2182 4790 4124 4688 5942 378406 3564 3564 2680 5539 203795 16730 
28900 19137 2182 105094 2398 9104 373683 371482 1046 3789 7755 2791 2165 4342 4832 11610 10015 2350 4749 4065 4767 6046 378560 3569 3569 2807 5564 205057 17003 
29000 19973 2155 104992 2395 9133 373815 371439 1064 3943 7753 2804 2153 4373 4797 10898 9197 2350 4357 4199 4867 6015 378450 3571 3571 2844 5521 205564 17090 
29100 19841 2116 104828 2389 9061 373483 371034 1076 3937 7735 2833 2151 4330 4880 10484 9174 2298 4303 4160 4948 5912 378047 3569 3569 2912 5499 208391 17095 
29200 19947 2099 104525 2307 9035 370543 368146 1091 3881 7677 2827 2126 4327 4923 10562 9405 2268 4280 4065 4948 5906 375212 3548 3548 2781 5737 207721 16997 
29300 18875 2170 104696 2298 9046 372552 370022 1093 3832 7698 2859 2139 4341 4963 10578 9452 2273 4306 4048 4976 5979 377134 3565 3565 2702 5743 209744 17070 
29400 18608 2222 104637 2322 9063 372856 370212 1087 3827 7685 2881 2138 4321 4977 10363 9290 2254 4410 3868 4981 5987 377333 3569 3569 2664 5741 211970 17100 
29500 18309 2243 104167 2360 9060 372716 369935 1064 3820 7698 2911 2146 4297 4968 10278 9455 2168 4441 3889 4970 5993 377061 3566 3566 2612 5724 213450 17065 
29600 18237 2277 104078 2335 9055 372812 370014 1048 3784 7693 2943 2149 4242 5035 10159 9284 2165 4342 3888 4935 6018 377220 3571 3571 2573 5899 213876 17101 
29700 17518 2240 103059 2305 8995 369839 366859 1026 3795 7609 3085 2239 4252 5018 9990 9491 2229 3955 3776 4848 5934 374037 3541 3541 2626 5935 210990 16833 
29800 17739 2271 103339 2325 9022 369703 366707 968 3786 7577 3089 2243 4143 5042 9788 9188 2238 3956 3723 4789 5978 373917 3540 3540 2583 5865 211310 16821 
29900 17652 2289 103010 2439 9001 370826 367608 978 3760 7549 3122 2294 4172 5003 9565 9184 2248 3943 3774 4839 6016 374828 3550 3550 2477 5911 214037 16922 
30000 18437 2303 102806 2408 9071 371327 368048 986 3919 7555 3162 2401 4219 5030 9567 9288 2195 3994 3804 4955 6114 375311 3556 3556 2512 5959 216573 17010 
30100 18099 2308 103186 2450 9120 372146 368640 1029 3664 7541 3267 2345 4677 5131 9934 9981 2186 3952 3935 5079 6314 375933 3562 3562 2536 6138 220887 17099 
30200 18530 2305 102937 2476 9087 370392 366879 1086 3641 7515 3352 2359 4942 5112 10186 10549 2175 3978 3958 4920 6451 374262 3549 3549 2602 6030 220092 16915 
30300 18752 2291 101508 2455 8943 371881 368270 988 3633 7542 3324 2477 4409 5041 9907 10292 2141 3980 3832 4923 6272 375615 3556 3556 2649 5919 221462 17039 
30400 18120 2309 101801 2435 9016 372765 369039 979 3625 7577 3248 2456 4418 5093 9969 9787 2182 3966 3887 4800 6287 376433 3563 3563 2641 5944 224053 17124 
30500 18472 2318 101535 2429 9015 372969 369316 973 3646 7604 3227 2474 4404 5068 10003 9893 2196 3933 3912 4880 6293 376652 3568 3568 2725 5994 226639 17238 
30600 18905 2391 101443 2447 9031 373324 369690 981 3890 7615 3235 2454 4414 5030 10006 9961 2219 3934 3967 4894 6404 377045 3573 3573 2797 6025 229691 17307 
30700 18963 2391 100831 2467 9150 372093 368620 966 3864 7587 3084 2354 4473 4936 9898 9870 2240 3913 4055 4973 6323 375961 3560 3560 2664 6231 229311 17277 
30800 17927 2393 100464 2456 9108 370356 366929 942 3858 7555 3145 2361 4479 4914 9869 9783 2236 3875 4041 4990 6306 374374 3547 3547 2630 6228 228831 17168 
30900 18689 2356 101005 2444 9161 370559 367193 973 3858 7609 3121 2334 4403 4978 10047 9781 2386 3895 4073 5034 6441 374734 3549 3549 2687 6174 231310 17173 
31000 18152 2361 101062 2432 9111 372208 368595 986 3810 7579 3148 2301 4517 5021 10049 9929 2377 3882 4051 5100 6456 376231 3560 3560 3021 6205 235725 17221 
31100 18216 2363 100604 2464 9043 373482 369729 1005 3838 7587 3097 2305 4632 5065 10008 10166 2577 3872 4074 5266 6563 377333 3565 3565 2740 6134 240614 17249 
31200 17626 2316 99495 2447 8991 371327 367362 1003 3835 7514 3103 2286 4572 5062 9905 10486 2482 4026 3949 5323 6583 374852 3538 3538 2766 6049 240239 17104 
31300 18014 2319 99872 2460 9047 371685 367352 1100 3832 7489 3121 2238 4515 5064 9755 10450 2410 3927 3957 5450 6484 374893 3535 3535 2956 6131 240988 17072 
31400 19103 2342 99992 2488 9212 373673 369347 1083 3970 7563 3125 2208 4562 5354 10238 11030 2436 3967 4059 5521 6554 376947 3556 3556 2960 6148 244414 17235 
31500 18306 2349 99734 2491 9157 373835 369574 1037 3879 7619 3140 2252 4588 5360 10048 11102 2665 3893 4106 5458 6578 377165 3561 3561 2937 6025 246508 17308 
31600 17998 2378 100135 2519 9143 374696 370057 1041 3948 7772 3243 2174 4636 5359 10132 11183 2561 4063 4230 5496 6623 377615 3563 3563 2920 5909 248658 17504 
31700 17928 2399 99545 2664 9104 372935 368480 1051 3822 8188 3279 2198 4714 5385 10218 11409 2560 4108 4197 5633 6627 376021 3550 3550 2783 5964 248414 17424 
31800 17279 2414 99179 2652 9069 372076 367680 1053 3798 8133 3247 2308 4733 5355 10153 11351 2566 4054 4148 5415 6568 375181 3543 3543 2876 5924 247573 17259 
31900 17298 2434 98375 2673 9027 372927 368556 1058 3811 8159 3256 2326 4770 5352 9939 11053 2603 4116 4177 5433 6611 375892 3547 3547 2758 6105 248816 17297 
32000 17680 2485 98490 2741 9002 373055 368946 1086 3800 8197 3271 2547 4706 5389 10022 10894 2525 4105 4266 5692 6656 376284 3556 3556 2914 5926 251273 17385 
32100 18045 2517 97661 2824 8845 373698 369705 1109 4027 8239 3303 2543 4949 5388 9950 10905 2588 3955 4279 5808 6685 376995 3561 3561 2985 5911 253790 17469 
32200 19236 2748 96759 3034 8820 371957 367913 1125 3986 8174 3467 2802 5116 5332 9881 11057 2581 3868 4158 5776 6666 375173 3549 3549 3234 6049 251478 17327 
32300 19460 2748 96836 3136 8846 371625 367603 1236 4493 8136 3421 2842 5315 5319 9861 11139 2697 3989 4255 5965 6780 374846 3549 3549 3217 6055 252293 17302 
32400 19507 2753 96431 3055 8852 372202 368209 1258 4882 8167 3448 2792 5406 5327 9694 11144 2718 4069 4286 5805 6870 375454 3557 3557 3237 6135 256004 17363 
32500 19596 2774 96689 3089 8889 372155 368377 1244 4919 8162 3503 2871 5726 5331 9662 11474 2851 4186 4349 5811 6954 375642 3568 3568 3337 6187 258897 17439 
32600 19044 2764 96238 3002 9038 373268 369106 1207 5242 8154 3527 2813 5603 5208 9680 11920 2898 4274 4404 5695 7272 376364 3574 3574 3354 6244 261070 17463 
32700 20685 2707 95574 2848 8913 370705 366317 1295 4820 8132 3450 2756 5523 5154 9483 11555 2887 4226 4364 5720 7213 373504 3551 3551 3387 6111 260349 17392 
32800 20707 2710 95490 2838 8853 370529 366195 1327 5249 8160 3448 3088 5567 5136 9707 11949 2859 4230 4379 5736 7320 373429 3552 3552 3555 6132 261379 17442 
32900 20721 2683 95473 2854 8827 370613 366246 1381 4797 8153 3454 3134 5381 5146 10610 12906 2817 4287 4375 5740 7530 373534 3557 3557 3509 6182 263388 17566 
33000 20250 2652 95416 2902 8812 371656 367107 1436 4680 8183 3484 3197 5334 5153 10944 13480 2787 4257 4433 5830 7556 374443 3563 3563 3504 6216 266186 17638 
33100 18884 2683 95065 2890 8743 371715 367150 1482 4537 8182 3636 3265 5307 5404 11435 13578 2965 4181 4619 5851 7555 374503 3568 3568 3362 6230 268098 17675 
33200 18872 2694 94414 2927 8792 370574 365332 1509 4607 8172 3433 3282 5094 5399 11916 14571 2855 4149 4356 5835 7434 372683 3546 3546 3381 6186 268400 17622 
33300 19166 2702 94384 2962 8829 370775 365435 1530 4302 7987 3452 3229 5018 5452 11887 14409 2860 4193 4378 5724 7434 372815 3548 3548 3342 6190 268403 17696 
33400 18896 2717 94327 2987 8821 371213 366194 1518 4172 7970 3485 3245 5016 5434 11133 13720 2865 4192 4355 5478 7330 373584 3554 3554 3350 6193 270256 17737 
33500 19024 2729 93900 2995 8827 371522 366529 1538 4113 7787 3541 3181 5045 5373 10919 13383 2830 4224 4379 5507 7221 373924 3557 3557 3268 6186 272359 17759 
33600 19178 2754 94161 2967 8840 371408 366664 1556 4143 7786 3693 3173 5119 5387 10725 13167 2721 4459 4524 5643 7149 374098 3564 3564 3316 6248 273921 17786 
33700 18683 2787 93996 3018 8802 370086 365319 1521 4192 7852 3704 3140 5118 5474 10440 12718 2868 4404 4577 5645 7099 372778 3551 3551 3334 6261 274916 17774 
33800 18259 2761 94038 2954 8691 368333 363761 1523 4202 7857 3703 3329 5169 5484 10334 12796 2896 4471 4571 5628 7195 371213 3541 3541 3556 6233 273776 17689 
33900 18409 2750 93708 2922 8575 369260 364762 1521 4105 7847 3642 3333 5225 5478 10385 12904 2825 4419 4604 5660 7226 372161 3547 3547 3690 6235 275863 17754 
34000 18252 2770 93190 2935 8565 370363 365863 1532 4088 7831 3733 3522 5285 5494 10423 13389 2862 4485 4836 5643 7251 373240 3556 3556 3898 6252 278577 17830 
34100 17322 2695 92669 2952 8617 371166 366552 1547 4074 7808 3740 3681 5264 5769 10270 13474 2899 4424 4697 5629 7234 373955 3561 3561 3889 6324 280726 17808 
34200 18019 2767 92751 2957 8940 370071 365478 1742 4045 7791 3594 3633 5549 5699 10347 13834 2786 4563 4765 5605 7297 372913 3547 3547 4171 6308 281664 17909 
34300 17876 2796 92593 2934 8931 369318 364890 1791 4162 7783 3512 3611 5612 5608 10369 14193 2763 4530 4802 5643 7348 372409 3541 3541 4188 6309 281331 17806 
34400 18131 2833 92310 2911 8899 369540 365007 1770 4180 7748 3463 3627 5637 5589 10931 14724 2723 4547 4693 5643 7519 372559 3546 3546 4188 6268 282559 17827 
34500 18795 2963 92622 2957 9090 371230 366723 2037 4189 7743 3488 3903 6033 5465 11702 15453 2697 4524 4924 5593 7553 374272 3557 3557 4098 6222 286131 17953 
34600 19237 3014 92023 3091 8752 372626 368057 2074 4182 7760 3504 3919 5597 5385 11783 16118 2688 4334 4677 5646 7476 375740 3567 3567 4157 6147 288706 18037 
34700 19424 3007 91353 3017 8549 372654 367947 2016 4209 7766 3556 3764 5476 5396 11916 16336 2645 4308 4832 5633 7753 375766 3564 3564 4156 6151 290819 17997 
34800 20104 2997 90722 2994 8500 371668 366779 2013 4184 7659 3536 3597 5618 5351 11614 15970 2853 4216 4827 5553 7657 374525 3538 3538 4003 6133 288771 17904 
34900 20441 2974 90321 3006 8489 373309 368089 1915 4074 7684 3513 3599 5702 5312 11834 16027 3493 4222 4761 5606 7867 375754 3546 3546 4188 6185 291139 17876 
35000 20550 3052 90246 3033 8512 374403 369484 1872 3895 7759 3525 3674 5749 5415 11586 15515 3968 4269 4756 5585 7578 377151 3557 3557 4248 6336 293177 17947 
35100 20002 3059 90088 2992 8601 374380 369716 1905 3950 7807 3511 3801 5713 5281 11568 15179 4322 4266 4789 5614 7596 377348 3559 3559 4178 6511 294625 17975 
35200 21575 3035 90010 3055 8649 373077 368727 1945 4085 7835 3488 3824 5671 5421 11526 15012 4075 4597 4751 5613 7652 376303 3549 3549 4259 6414 294582 18059 
35300 22137 3031 90137 3041 8744 371491 366951 1884 4118 7910 3552 3805 5656 5462 11304 14856 4420 4698 4747 5637 7716 374493 3538 3538 4266 6363 293080 18024 
35400 22166 3011 91729 3103 8796 371345 367032 1890 4373 8005 3664 4105 5961 5533 11398 14915 4351 4771 5028 6014 8139 374606 3543 3543 4450 6358 294270 18049 
35500 22016 3050 91683 3162 8753 372725 368377 1871 4491 8055 3690 4213 5965 5709 11007 14654 4153 4751 5031 6055 8158 375951 3556 3556 4636 6386 297294 18090 
35600 22136 3048 91481 3319 8783 373889 369557 1882 4425 8046 3714 4247 5988 5798 10372 14474 3957 4699 5005 6094 8199 377067 3564 3564 4520 6263 299855 18131 
35700 22748 3087 91190 3268 8738 373149 368915 2026 4324 7935 3651 4324 6193 5854 10278 14369 4164 4581 4935 6118 8180 376457 3557 3557 4547 6240 300106 18068 
35800 23327 3107 91607 3362 8720 371007 366932 2323 4297 7851 3765 4187 6204 5731 10447 14603 4277 4658 4858 6231 8435 374538 3544 3544 4526 6382 299235 18112 
35900 23310 3034 92153 3316 8874 371382 367397 2532 4345 7875 3785 4095 6314 5857 10422 14672 4272 4700 5114 6195 8356 374958 3548 3548 4488 6407 299961 18145 
36000 24275 3033 91359 3207 8939 372389 368642 2751 4260 7835 3724 4039 6387 5837 10357 14810 4296 4436 5150 5978 8688 376102 3559 3559 4296 6326 301732 18260 
36100 23367 2979 90844 3438 8886 373104 369088 2742 4272 7806 3776 4019 6509 5848 10451 15177 4286 4519 5382 5948 8792 376501 3562 3562 4162 6363 303459 18152 
36200 22287 3005 89575 3261 8759 374213 369706 2929 4175 7767 3768 4102 6231 5852 10621 15783 4145 4541 5358 5690 8851 377156 3559 3559 4148 6263 304770 18044 
36300 21649 2965 89713 3206 8760 372100 367470 2989 4078 7710 3702 4179 6354 5902 10885 16483 4269 4560 5438 5625 9203 374932 3538 3538 4232 6452 302675 17916 
36400 21775 2946 89688 3329 8761 373862 369232 2779 4058 7687 3729 4196 6430 5993 10769 16202 4761 4557 5383 5614 9155 376735 3550 3550 4277 6343 304980 17937 
36500 22582 2939 89608 3411 8791 374752 370212 2882 4101 7725 3770 4320 6528 6110 10782 15743 5059 4987 5425 5658 9074 377721 3559 3559 4346 6490 307045 17911 
36600 24616 2951 89570 3456 8849 375605 370964 2750 4095 7756 3801 4365 6591 6054 10836 15765 5435 4981 5319 5764 8967 378508 3567 3567 4401 6409 309484 17883 
36700 24693 2926 88912 3478 8780 375205 370289 2464 4064 7725 3781 4043 6437 6196 10794 15647 6032 4794 5674 5687 9008 377880 3554 3554 4342 6389 309221 17812 
36800 24133 2883 88524 3483 8713 372772 367882 2480 3960 7671 3807 4025 6403 6043 10954 15313 5915 4808 5304 5779 8923 375523 3531 3531 4299 6443 307336 17704 
36900 24476 2969 89001 3430 8641 373389 368445 2463 4318 7699 3816 4038 6550 6204 10860 15093 5825 4841 5579 6012 8858 375999 3538 3538 4325 6599 308257 17764 
37000 25064 2948 88943 3468 8797 373744 368942 2360 4288 7725 3833 4053 6568 6291 10713 14391 5732 4856 5709 6076 8851 376500 3544 3544 4327 6659 309690 17828 
37100 26151 2962 89294 3513 8834 375139 370298 2385 4187 7773 3773 4080 6689 6328 10801 14475 5545 4850 5532 6139 8848 377778 3556 3556 4356 6802 311652 17897 
37200 27025 2953 89264 3559 8812 375970 371147 2360 4163 7811 3793 4090 6750 6307 10739 14540 5615 4817 5609 6137 8910 379025 3551 3551 4383 6823 313268 17941 
37300 26669 2952 89176 3532 8770 373471 368577 2292 4477 7766 3878 4160 6729 6094 10648 14707 5607 4845 5442 6255 8845 376385 3529 3529 4468 6687 311387 17826 
37400 26042 2955 88738 3539 8805 375601 370508 2264 4410 7760 3928 4155 6732 6131 10711 14887 5539 4805 5590 6245 8903 378442 3542 3542 4424 6775 315235 17878 
37500 25988 2981 88318 3436 8799 377461 372042 2387 4513 7743 3938 4063 7021 6092 10788 14936 5305 5015 5650 6179 8896 380002 3546 3546 4298 6830 318125 17891 
37600 25774 3015 88327 3462 8807 378227 372780 2459 4454 7782 3976 4090 7008 6004 11004 15215 5327 5083 5655 6208 8931 380780 3556 3556 4308 6911 320197 17941 
37700 23406 3047 88248 3480 8822 376952 371475 2450 4443 7739 3905 4202 6912 6230 11008 15898 4938 4896 5661 6121 9055 379502 3552 3552 4399 6977 320598 17906 
37800 23569 3012 87689 3466 8766 375011 369627 2548 4372 7709 4107 4115 6845 6409 10910 16177 4924 4878 5817 6037 9028 377577 3535 3535 4226 6958 319053 17855 
37900 22123 2937 86547 3442 8656 374756 369225 2465 4182 7618 4057 4042 6840 6154 10514 15160 4785 4865 5480 5846 8853 376965 3531 3531 4306 6951 318380 17883 
38000 22601 2983 86687 3444 8686 375589 370074 2487 4238 7657 4071 4057 7121 6106 10378 15118 4695 4831 5609 5841 8958 377658 3543 3543 4447 7255 320200 17977 
38100 21738 3042 86762 3462 8667 376909 371326 2498 4182 7674 4229 4166 7162 6185 10011 14843 4615 4845 5503 5815 8975 378979 3554 3554 4473 7236 321933 18080 
38200 22771 3061 86277 3444 8685 376340 371098 2558 4172 7693 4099 4154 7283 6077 10016 14881 5520 4828 5777 5750 9390 378756 3555 3555 4867 7331 323039 18115 
38300 25056 3052 86595 3512 8750 374836 369960 2482 4199 7658 4072 4336 7639 6022 10182 14638 5816 4961 5683 5803 9566 377630 3541 3541 5138 7542 322364 18002 
38400 26402 3037 86199 3511 8717 377075 371922 2288 4186 7667 4105 4432 7609 6063 10320 15100 5713 5174 5717 5824 9588 379595 3549 3549 5127 7498 325698 18077 
38500 27402 3051 85411 3496 8612 379164 373954 2222 4235 7669 4146 4431 7566 6080 10241 15132 6100 5158 5732 5810 9597 381615 3552 3552 5152 7491 328867 18132 
38600 27100 3063 84778 3451 8516 380489 375113 2125 4274 7692 4181 4367 7458 6065 10354 15301 5994 4796 5730 5857 9541 382778 3556 3556 5187 7447 332339 18184 
38700 25190 3061 84332 3480 8587 377651 372288 2118 4192 7584 4427 4364 7441 6093 10045 14991 6234 4407 5685 5929 9496 380032 3554 3554 5197 7510 331222 18233 
38800 24678 3053 84080 3495 8440 372840 367337 2214 4244 7547 4525 4584 7209 6034 9946 15421 5904 4398 5603 5832 9479 375120 3521 3521 5508 7637 326516 18063 
38900 25058 3060 84831 3688 8550 375098 369728 2104 4235 7560 4576 4723 7437 6073 10205 15693 5767 4509 5662 5821 9738 377586 3541 3541 5581 7760 329563 18152 
39000 25102 3074 85870 3940 8800 375516 370526 2184 4208 7571 4764 4761 8204 6241 10708 16184 5472 4762 5793 5916 10394 378303 3553 3553 5641 8023 331751 18187 
39100 24743 3117 85526 3913 8870 375941 371188 2175 4337 7570 4700 4807 8265 6139 10667 16283 5076 4657 5773 5935 10449 379007 3563 3563 5586 8028 333856 18250 
39200 23287 3111 84915 3946 8809 375152 370278 2144 4294 7579 4732 4696 8357 6135 10668 16227 5179 4642 5798 5995 10423 378084 3562 3562 5340 7945 334991 18283 
39300 23277 3109 83635 3896 8694 372001 367132 2124 4460 7548 4693 4587 8292 5916 10544 15412 5156 4589 5922 5912 10290 374824 3532 3532 4982 7436 330737 18151 
39400 22854 3142 83708 3898 8716 371347 366317 2232 4451 7513 4783 4493 8655 6120 10753 15378 5119 4682 6051 5776 10499 373962 3521 3521 4891 7554 330678 18098 
39500 22405 3185 84071 3902 8860 373151 367949 2258 4426 7543 4778 4501 8638 6111 10940 15609 5339 4699 5895 5793 10394 375581 3539 3539 5008 7559 332711 18205 
39600 21807 3227 83495 3887 8819 375102 369287 2381 4267 7597 4808 4464 8375 6017 10692 15549 5275 4650 5658 6031 10373 376912 3552 3552 4923 7444 334236 18305 
39700 23060 3217 83371 3930 8742 374876 369411 2466 4294 7580 4815 4476 8464 6036 10833 15593 5479 4856 5786 6017 10377 377072 3560 3560 5034 7467 334637 18260 
39800 22733 3196 82981 3915 8711 372147 366724 2560 4298 7532 4783 4506 8429 6009 10863 15394 5614 4899 5692 5950 10407 374423 3535 3535 4976 7654 331974 18134 
39900 22300 3178 82517 3908 8706 372200 366717 2529 4328 7537 4798 4308 8253 6041 10895 15151 5906 4912 5723 5982 10356 374418 3534 3534 4775 7515 332558 18125 
40000 23175 3184 81901 3926 8730 374930 369543 2658 4386 7576 4685 4355 7716 6114 10618 15072 6019 4732 5702 6041 9967 377253 3548 3548 4784 7392 335510 18259 
40100 24143 3184 82533 3905 8731 376853 371338 2704 4651 7618 4850 4512 8116 6264 11005 15281 6271 4702 5842 6354 10227 379054 3559 3559 4808 7642 339148 18380 
40200 25396 3253 83226 3807 8677 377220 372520 2725 4719 7686 4847 4449 8013 6255 10911 15202 6672 4673 5824 6360 10026 380171 3562 3562 4781 7807 341540 18460 
40300 25564 3230 83089 3798 8995 374413 369854 2609 4669 7659 4847 4434 8706 6199 11266 15681 6805 4632 5777 6537 10193 377469 3540 3540 4757 7731 340198 18372 
40400 25032 3350 82654 3717 8928 373669 369057 2713 4821 7671 4871 4628 8607 6180 11161 16002 6826 4581 5667 6447 10104 376612 3530 3530 5049 7834 339546 18326 
40500 24839 3340 82385 3724 8864 375109 370941 2635 4835 7750 4929 4541 8854 6239 10604 15932 7008 4355 5625 6296 9950 378539 3542 3542 4871 7720 342884 18410 
40600 26924 3331 82711 3733 8883 376233 372475 2644 4888 7820 5065 4423 8847 6198 11028 15980 7085 4244 5722 6325 10045 380132 3554 3554 4848 7818 346129 18486 
40700 26773 3258 82579 3775 8844 377490 373558 2604 4895 7795 4867 4366 9436 6153 11300 16220 7563 4226 5684 6304 10118 381315 3561 3561 4737 7908 349805 18496 
40800 27224 3254 83665 3739 8975 374267 370500 2645 4803 7728 4841 4410 9529 6293 11690 15493 7608 4360 5954 6450 10504 378352 3533 3533 4267 7916 348662 18445 
40900 25532 3258 83132 3768 9019 375104 370660 2629 5001 7713 4751 4390 9650 6281 11748 15651 7413 4378 5922 6485 10577 378553 3536 3536 4376 7948 348910 18460 
41000 26321 3310 83324 3878 9041 376947 372669 2647 4988 7755 4803 4450 9678 6296 11874 15649 7413 4424 5893 6585 10778 380611 3554 3554 4407 8034 351329 18584 
41100 25104 3310 83098 3921 8963 377788 373004 2506 4787 7753 4723 4477 9775 6281 12159 15455 7422 4433 6004 6627 10899 381021 3558 3558 4497 8146 353890 18616 
41200 23366 3473 82297 3945 8887 376944 371740 2369 4770 7698 4729 4516 9687 6260 12155 14937 7512 4426 6092 6566 10991 379709 3557 3557 4517 8040 354039 18584 
41300 22821 3494 81026 3857 8929 375458 369615 2310 4878 7601 4778 4390 9977 6258 12024 15012 7232 4507 6195 6584 11150 377548 3533 3533 4473 7988 352211 18388 
41400 22417 3625 81141 3810 9007 375755 370070 2345 4930 7669 4788 4371 10083 6292 12006 15318 6884 4619 6501 6590 11253 378013 3540 3540 4514 8015 353586 18449 
41500 21263 3630 81045 3811 9046 374530 369002 2247 5068 7713 4789 4318 10166 6272 11934 15575 6760 4631 6835 6606 11307 376979 3541 3541 4546 7920 353914 18425 
41600 21896 3654 80847 3855 8996 375696 370087 2386 5112 7707 4820 4171 10243 6292 11858 15823 6925 4593 6670 6644 11385 378083 3548 3548 4478 7931 355352 18460 
41700 22979 3671 81900 4082 8951 373915 368565 2289 5100 7916 4824 4269 10494 6544 11894 16112 6799 4573 7134 6725 11562 376695 3547 3547 4804 8571 356065 18648 
41800 23043 3662 81459 4056 8844 372014 366605 2163 5109 7943 4762 4211 10303 6625 11834 15740 7006 4374 6967 6685 11523 374797 3534 3534 4772 8499 353646 18536 
41900 22642 3692 81372 3908 8968 372397 366888 2184 4967 7960 4747 4139 10305 6605 11948 15575 7211 4391 7217 6635 11517 375047 3533 3533 4659 8505 354186 18487 
42000 23617 3722 81459 3916 9058 373551 368154 2191 4944 7985 4758 4134 10301 6653 11942 15838 7374 4455 7143 6567 11615 376269 3542 3542 4736 8495 356442 18529 
42100 23185 3640 80506 3986 9006 374228 368633 2436 4922 7936 4714 4261 10105 6541 12103 16153 7506 4531 7221 6507 11522 376682 3543 3543 4692 8115 356221 18402 
42200 21749 3609 80056 4000 9097 376297 370551 2456 4846 7936 4739 4159 10086 6460 12210 16147 7657 4549 8011 6419 11590 378621 3556 3556 4615 8131 358803 18443 
42300 22598 3574 79069 4007 9050 374602 368570 2351 4779 7824 4719 4127 9795 6346 12333 15868 7862 4517 7361 6484 11567 376677 3533 3533 4530 8062 356572 18366 
42400 22550 3515 78861 4043 8979 374986 368864 2375 4789 7834 4757 4146 10140 6233 12288 16746 8346 4519 7310 6496 11707 376985 3538 3538 4740 8192 356514 18423 
42500 23246 3372 78526 4076 8818 376098 369957 2398 4669 7844 4676 4069 10070 6259 12400 16343 7970 4440 7148 6395 11814 378011 3541 3541 4498 8138 358310 18481 
42600 22997 3360 78501 4138 8831 377251 371160 2428 4736 7833 4700 4042 10171 6310 12280 16392 8081 4534 7233 6428 11925 379290 3546 3546 4505 8172 359805 18522 
42700 21228 3489 78828 4236 8979 376099 369983 2409 4725 7838 4707 4129 10609 6361 12415 16190 8046 4552 6756 6433 12160 378251 3547 3547 4494 8268 359315 18517 
42800 23759 3548 78516 4276 9059 374209 368210 2465 4697 7806 4712 4108 10959 6376 12608 16413 7790 4624 6705 6501 12219 376237 3531 3531 4448 8377 357467 18471 
42900 24963 3478 78265 4237 9052 375082 369078 2482 4680 7767 4752 4117 11035 6348 12596 16586 7432 4619 6943 6467 12191 377024 3531 3531 4596 8385 358226 18490 
43000 25537 3533 77853 4203 9076 377842 371640 2513 4689 7747 4800 3952 10922 6368 12441 16024 7038 4693 6922 6331 12198 379567 3539 3539 4460 8483 361134 18591 
43100 27327 3667 77864 4120 9138 379886 373657 2622 4938 7916 5003 3883 10794 6452 12360 16347 6732 4749 6914 6392 12080 381440 3548 3548 4432 8531 364149 18710 
43200 26665 3615 77666 4314 9125 379226 372855 2679 4723 7970 5049 3920 10619 6457 12173 17235 6695 4864 6718 6423 11962 380781 3550 3550 4701 8352 363684 18716 
43300 26108 3524 76347 4458 9056 379839 373503 2570 4585 7911 5003 3826 10580 6550 11869 17062 6757 4798 6669 6219 11740 381366 3530 3530 4727 8096 363686 18566 
43400 31255 3544 76010 4475 8994 387608 381225 2485 4590 7927 5038 3851 10396 6443 11774 17046 7147 4777 6475 6181 11631 389132 3533 3533 4724 8045 371287 18602 
43500 34206 3557 76009 4465 9005 389270 382995 2477 4587 7935 5025 3870 10368 6431 11712 17011 7253 4790 6476 6052 11620 390933 3531 3531 4721 8025 372975 18577 
43600 35965 3590 75641 4482 9001 392205 385746 2447 4777 7835 5049 3901 10346 6311 11736 16904 6955 4830 6491 6057 11755 393800 3537 3537 4526 7769 375522 18477 
43700 33711 3607 75509 4608 9049 390219 383893 2318 4806 7780 5067 3797 10635 6309 11738 16826 6885 4794 6228 6032 11980 391924 3542 3542 4334 7657 374999 18510 
43800 32515 3610 75263 4596 9022 388726 382102 2265 4711 7742 5089 3865 10670 6231 11801 16786 6757 4640 6251 6237 12180 390537 3534 3534 4330 7549 372659 18498 
43900 30828 3612 74888 4546 8973 386572 380037 2232 4812 7691 5114 3742 10851 6314 11899 16481 6903 4706 6151 6250 12184 388390 3530 3530 4127 7647 371602 18472 
44000 30327 3618 74974 4453 8989 385587 378917 2226 4757 7633 5186 3724 10860 6334 11725 16359 6952 4685 6050 6307 12288 387323 3537 3537 4148 7661 371350 18539 
44100 29821 3614 74712 4454 9065 386346 379742 2189 4813 7621 5162 3592 10479 6302 11682 16208 6854 4707 6053 6354 12252 387930 3549 3549 3972 7696 373104 18621 
44200 28079 3628 74541 4520 9071 385731 378982 2285 4826 7578 5139 3585 10542 6303 11863 16131 7174 4721 5991 6395 12343 387160 3556 3556 3938 7772 374259 18674 
44300 31518 3831 74413 4604 9174 387229 380688 2222 4821 7548 5273 3610 10846 6318 11777 17571 7827 4967 5909 6210 12447 389285 3548 3548 3935 7818 376292 18673 
44400 34662 3843 73917 4600 9145 389469 383046 2214 5197 7509 5274 3511 10841 6330 11719 17508 7812 4989 5880 6172 12370 391576 3533 3533 3906 7796 377952 18590 
44500 35198 3893 73722 4607 9301 390197 383806 2212 5067 7489 5191 3494 10800 6270 11673 17480 7806 4917 5874 6167 12276 392274 3525 3525 3912 7713 378742 18582 
44600 35678 3892 73820 4621 9321 391686 385326 2240 5078 7499 5259 3694 10776 6273 11598 17601 7827 4927 5866 6113 12296 393810 3530 3530 3953 7744 380341 18612 
44700 34834 4071 74913 4780 9380 391148 384812 2244 5233 7503 5277 3658 10920 6321 11925 17643 8127 5009 6054 6386 12501 393366 3537 3537 3887 7973 381635 18689 
44800 34670 4138 75260 4860 9396 393336 386713 2258 5253 7517 5289 3765 11267 6371 12048 17617 7960 5014 5993 6442 12750 395392 3555 3555 4034 8183 384473 18782 
44900 35885 4119 74837 5080 9364 393666 387054 2277 5273 7472 5242 3648 10937 6354 12112 17415 7906 4971 6199 6378 12721 395649 3545 3545 3992 8350 385346 18718 
45000 38795 4127 74598 4984 9347 397378 390732 2332 5359 7473 5195 3659 11074 6397 12112 17259 7877 4989 6077 6638 12772 399275 3551 3551 4023 8428 389862 18804 
45100 41122 4133 74681 4992 9941 397792 392017 2358 5389 7499 5235 3935 11193 6426 12118 17109 7853 4872 6083 6548 12813 400586 3557 3557 4042 8391 391811 18820 
45200 37463 4060 73785 4761 9828 393693 388239 2367 5091 7502 5233 3807 11358 6572 12250 16404 8274 4903 5999 6421 13114 396530 3554 3554 4081 8372 388338 18848 
45300 36062 4067 73806 4983 9607 391745 385932 2359 5092 7492 5238 4024 11801 6572 12643 16706 8262 5013 5961 6568 13177 394291 3549 3549 3927 8412 386683 18804 
45400 40543 4063 74003 5083 9592 393274 387373 2364 4968 7450 5342 3964 12317 6544 12815 16887 8376 5128 5936 6455 13396 395665 3537 3537 3959 8490 388607 18766 
45500 44223 4051 73910 5158 9351 397512 391367 2379 4999 7461 5385 4080 12333 6532 12812 17285 8565 5155 5956 6458 13346 399680 3536 3536 3944 8493 392569 18786 
45600 42502 4064 73801 5165 9323 396778 390632 2366 5003 7458 5400 4072 12137 6512 12737 17364 8617 5093 5956 6462 13352 399028 3539 3539 4117 8445 391960 18823 
45700 45393 4101 73536 5150 9337 401440 395122 2406 5091 7512 5464 3948 11814 6620 12563 17271 8856 5045 5897 6522 13186 403542 3548 3548 4180 8376 397598 18937 
45800 45142 3985 73438 5039 9439 396722 390528 2415 4928 7508 5520 3932 11905 6790 12639 17250 9351 5091 5807 6470 13383 399014 3541 3541 4016 8372 393560 19002 
45900 45233 3874 73871 5156 9432 397815 391850 2404 4962 7538 5516 3941 11988 6629 12610 17429 9276 5091 5807 6470 13465 400365 3553 3553 3927 8420 395307 19067 
46000 48109 3855 73701 5119 9479 398076 392196 2390 4965 7532 5635 3962 11943 6613 12612 17732 9386 5090 5798 6464 13436 400699 3551 3551 3974 8373 395612 19085 
46100 44672 3776 73249 5278 9634 396485 390372 2414 5005 7575 5489 3846 11751 6612 12581 17777 9484 5041 5837 6482 13263 398704 3553 3553 3978 8265 394923 19112 
46200 42308 3794 73263 5384 9894 396055 389947 2424 5228 7609 5552 3821 11650 6591 12336 17521 9690 5322 6044 6725 13284 398099 3564 3564 4105 8446 394833 19211 
46300 40197 3993 72629 5422 9752 395819 389664 2461 5507 7572 5567 3766 11449 6633 12174 17639 9790 5269 5756 6751 13042 397773 3562 3562 3970 8586 396021 19243 
46400 41044 3949 72957 5560 9694 394932 388663 2478 5494 7519 5647 3763 11742 6629 12390 17562 9925 5389 5840 6725 13343 396879 3553 3553 4024 8687 395824 19196 
46500 39627 3819 72489 5513 9656 392031 385789 2448 5510 7486 5568 3773 11543 6533 12291 17026 9639 5370 5807 6722 13262 393993 3544 3544 4010 8562 393543 19166 
46600 38946 3813 71965 5280 9731 392131 385833 2441 5658 7452 5541 3756 11289 6514 12178 17085 9584 5324 5794 6740 13037 393789 3549 3549 4337 8609 393617 19189 
46700 41442 3822 71936 5284 9739 392604 386291 2474 5561 7459 5681 3988 11390 6754 12273 16851 9426 5357 5803 6805 13258 394421 3555 3555 4333 8764 395289 19425 
46800 42487 3756 72054 5248 9790 392604 386099 2511 5758 7478 5732 3978 11304 6910 12210 16954 9481 5287 5766 6716 13240 394201 3545 3545 4335 9221 396030 19541 
46900 41394 3719 71314 5187 9612 391472 384726 2494 5764 7436 5682 3994 11132 6980 11960 16959 9344 5108 5937 6644 13145 392830 3525 3525 4157 9151 395176 19427 
47000 46413 3752 71403 5196 9848 397936 391160 2548 5799 7487 5709 4022 10962 6973 12177 16681 9248 5169 5997 6663 13414 399673 3528 3528 4170 9161 401981 19461 
47100 48972 3779 71194 5131 10075 401657 394818 2576 5738 7518 5728 3939 10977 6997 12311 17563 9419 6058 6046 6662 13456 403346 3533 3533 4198 9196 406512 19478 
47200 47681 3786 70153 5019 10458 400684 393756 2602 5647 7492 5762 4067 10841 7059 12034 17899 9337 5899 6199 6653 13000 402104 3543 3543 4361 9016 406920 19528 
47300 46704 3791 69938 5138 10250 400378 393559 2609 5972 7460 5706 4089 10958 7154 11945 17728 9353 5929 6206 6672 13021 401997 3550 3550 4184 8902 407922 19551 
47400 45938 3769 70547 5019 10555 400492 393450 2609 6267 7451 5886 4069 11177 7184 12227 18078 9254 6001 6517 6979 13267 401881 3554 3554 4188 9031 408432 19573 
47500 46039 3954 70283 5112 10426 399605 392914 2622 6089 7464 5810 4217 10975 7071 12158 17592 9349 5794 6526 7077 13033 401192 3551 3551 4238 8805 407991 19557 
47600 43435 3881 69922 4984 10052 399020 392142 2625 6152 7470 5689 4266 11081 7066 12149 17515 9032 5761 6878 7042 12951 400402 3553 3553 4284 8801 407753 19569 
47700 41983 3825 69800 4938 10019 398729 391955 2730 6490 7489 5553 4188 11260 6858 12234 17743 9111 5826 7160 7065 13192 400254 3561 3561 4302 8686 409087 19517 
47800 38830 3865 69497 4809 9674 398705 391635 2716 6319 7504 5516 4109 11698 6886 12112 18078 8886 5724 7549 7074 13153 399898 3566 3566 4248 8662 408787 19503 
47900 38686 3968 70277 5034 9492 396500 389535 2733 6600 7462 5466 4046 11924 7338 12396 18835 8891 5714 7408 7167 13145 397898 3561 3561 4484 8784 406332 19312 
48000 36581 3958 70026 4955 9486 392919 385997 2725 6605 7410 5554 3952 12014 7285 12531 18248 8808 5127 7301 7135 13168 394360 3551 3551 4477 8800 403002 19241 
48100 36501 4043 70614 4999 9558 393522 386293 2743 6297 7530 5527 4009 12046 7389 12505 17871 8940 5168 7334 7066 13354 394667 3560 3560 4575 8842 403641 19340 
48200 34658 4054 70247 4998 9534 389650 382640 2729 6458 7517 5564 3981 11968 7712 12679 18150 9219 5124 6917 7073 13372 390919 3560 3560 4494 8890 399712 19330 
48300 31578 4031 69890 4955 9514 387602 380441 2670 6271 7468 5531 3940 11733 7712 12502 17868 9029 5002 6503 7005 13184 388708 3556 3556 4486 8814 397621 19251 
48400 39811 4106 70298 4859 9464 395881 388697 2805 6413 7554 5779 4171 12239 7849 12732 18616 9052 5126 6695 7255 13582 397030 3555 3555 4689 9051 406204 19296 
48500 39102 4112 69802 4846 9286 397861 390570 2805 6353 7550 5782 4056 12036 7844 12589 18473 9001 5059 6626 7272 13352 398897 3547 3547 4651 8982 407661 19246 
48600 33829 4108 69527 4934 9137 392699 385495 2774 6415 7524 5752 4019 12023 7902 12423 18356 8875 5002 6662 7287 13245 393733 3539 3539 4597 8949 402354 19129 
48700 33325 4040 69244 4979 9092 393143 386108 2803 6335 7560 5812 4171 12138 7489 12289 17850 9054 5108 6679 7163 13770 394346 3548 3548 4564 8895 402949 19144 
48800 34189 3976 69569 4945 9143 394747 387745 2776 6254 7585 6070 4251 12673 7482 12739 18345 8854 5062 6955 7178 13911 396017 3544 3544 4492 9150 405354 19118 
48900 36470 4017 69393 5126 9086 400379 393278 2798 6490 7609 6080 4317 12893 7706 12763 18851 8992 5104 7035 7221 13989 401573 3548 3548 4525 9057 411086 19173 
49000 39558 4036 70634 5140 9250 406008 398728 2820 6516 7659 6194 4355 13251 7776 12724 19274 8917 5158 7055 7244 14096 407082 3557 3557 4575 9112 416637 19213 
49100 46304 4044 70214 5150 9248 411424 404154 2911 6430 7666 6247 4325 13260 7765 12552 19174 8862 5150 6918 7409 13845 412521 3564 3564 4606 9045 422233 19293 
49200 41201 4028 69126 5088 9107 405529 398357 3040 6304 7619 6110 4254 13081 7762 12420 18716 8823 5376 6923 7287 13567 406636 3562 3562 4564 8875 416581 19244 
49300 41810 4007 68918 4942 9111 407520 400465 2915 6316 7680 6110 4312 13646 7723 12641 19741 8955 5555 6795 7255 13464 408691 3565 3565 4511 9061 419616 19320 
49400 41083 3979 68746 4848 9026 408179 401002 2924 6304 7640 6008 4367 13583 7693 12563 19729 9077 5475 6978 7198 13304 409246 3564 3564 4519 8958 420387 19257 
49500 42622 3955 68887 4843 8952 409718 402557 3040 6242 7663 6037 4401 13687 7931 12623 19625 9083 5491 7012 7215 13357 410858 3564 3564 4653 8994 421758 19218 
49600 43129 3921 68680 4868 8923 410203 403020 2917 6255 7671 6091 4333 13644 7952 12741 19593 9200 5513 7030 7018 13374 411458 3562 3562 4605 8940 423013 19198 
49700 38874 3949 68815 4969 8884 403794 396727 2891 6148 7641 5983 4320 13266 7804 12856 19334 8964 5479 6917 6978 13518 405118 3560 3560 4681 8976 416590 19129 
49800 39207 3860 68617 5311 8966 404553 397504 2785 6290 7651 6071 4265 13319 7821 13127 19536 8905 5517 6931 6922 13516 405816 3566 3566 4728 8897 417845 19172 
49900 41381 3881 68606 5220 9000 406932 399855 2790 6288 7668 6079 4284 13357 7879 13174 19416 8902 5432 6948 6935 13599 408154 3571 3571 4783 8923 420578 19235 
50000 42880 3876 68506 5158 9166 409321 402275 2747 6256 7672 5970 4297 13375 7846 13176 19101 9111 5438 6834 6923 13709 410593 3570 3570 4762 8905 422933 19239 
