# Avida time data
# Fri Jan 27 10:06:50 2017
#  1: update
#  2: avida time
#  3: average generation
#  4: num_executed?

0 0 0 30 
10 0.103093 0 30 
20 0.206186 1 60 
30 0.309278 2 120 
40 0.412371 3 210 
50 0.515464 3.22222 240 
60 0.618297 4 480 
70 0.721436 5 870 
80 0.824318 5.87234 1260 
90 0.927025 6.23077 1470 
100 1.02952 6.95775 2130 
110 1.13284 7.91919 2970 
120 1.23555 8.84091 3780 
130 1.33838 9.45205 4260 
140 1.44077 9.93373 4950 
150 1.54341 10.8578 6120 
160 1.64598 11.8008 7350 
170 1.74845 12.4291 8040 
180 1.85085 12.9383 9120 
190 1.9528 13.7806 10770 
200 2.05484 14.7338 12450 
210 2.15729 15.5254 13860 
220 2.25906 16.0338 14910 
230 2.3609 16.7796 16740 
240 2.4624 17.738 18750 
250 2.56363 18.492 20400 
260 2.66421 19.0877 21570 
270 2.76485 19.774 23730 
280 2.86551 20.6939 26430 
290 2.96604 21.4927 28380 
300 3.06638 22.1126 30150 
310 3.16608 22.7881 32640 
320 3.26552 23.6388 35010 
330 3.36543 24.4481 37590 
340 3.46513 25.1216 39930 
350 3.5649 25.7417 42120 
360 3.66438 26.526 44820 
370 3.76356 27.3285 47790 
380 3.86215 28 49920 
390 3.96057 28.7177 53100 
400 4.05877 29.4778 55950 
410 4.1564 30.2824 58680 
420 4.25355 30.9664 61470 
430 4.35058 31.6837 64680 
440 4.44699 32.4231 67710 
450 4.54315 33.1961 70830 
460 4.63923 33.897 74010 
470 4.73494 34.6554 77640 
480 4.83059 35.3497 81180 
490 4.926 36.0598 84930 
500 5.02119 36.8045 88560 
510 5.11656 37.5244 91290 
520 5.21163 38.2005 94230 
530 5.30638 38.8929 96300 
540 5.40081 39.6317 98490 
550 5.49509 40.3458 100320 
560 5.58904 41.0129 102000 
570 5.68329 41.7505 103110 
580 5.77693 42.4625 104340 
590 5.87023 43.1781 105450 
600 5.9636 43.8503 106050 
610 6.05719 44.6032 106500 
620 6.15104 45.3139 107280 
630 6.24475 45.9905 107640 
640 6.33855 46.7396 107640 
650 6.43245 47.4513 107880 
660 6.52621 48.1515 107940 
670 6.61979 48.8891 107970 
680 6.71323 49.6189 107790 
690 6.80663 50.3217 107940 
700 6.89991 51.0142 107850 
710 6.99309 51.7178 107880 
720 7.08594 52.4708 107970 
730 7.17832 53.211 107940 
740 7.27017 53.908 107910 
750 7.3618 54.6656 107850 
760 7.45293 55.3685 107940 
770 7.54392 56.0745 107910 
780 7.6347 56.7809 107880 
790 7.72503 57.5291 107940 
800 7.81484 58.2334 107970 
810 7.90424 58.9411 107850 
820 7.99315 59.69 107880 
830 8.08196 60.4144 107880 
840 8.17041 61.0937 107850 
850 8.25889 61.8501 107880 
860 8.3468 62.6152 107700 
870 8.43415 63.3432 107940 
880 8.52119 64.1162 107970 
890 8.60798 64.9302 107850 
900 8.69464 65.6586 107910 
910 8.78129 66.4242 107880 
920 8.86687 67.2736 107880 
930 8.95216 68.0289 107880 
940 9.03718 68.8869 107940 
950 9.12171 69.6921 107940 
960 9.20574 70.3325 107850 
970 9.28873 71.0848 107910 
980 9.37148 71.8028 107910 
990 9.45439 72.6711 107910 
1000 9.5356 73.525 107850 
1010 9.61626 74.3075 107820 
1020 9.69563 75.1032 107850 
1030 9.77427 75.9811 107880 
1040 9.85279 76.8255 107790 
1050 9.9309 77.7346 107850 
1060 10.0087 78.709 107910 
1070 10.086 79.6507 107940 
1080 10.163 80.7442 107970 
1090 10.2391 81.6566 107880 
1100 10.3147 82.5694 107880 
1110 10.3891 83.7013 107760 
1120 10.4619 85.0637 107940 
1130 10.5334 86.2435 107880 
1140 10.6042 87.4833 107910 
1150 10.6741 89.0581 107910 
1160 10.7431 90.5377 107940 
1170 10.8108 91.8626 107910 
1180 10.8774 93.4065 107940 
1190 10.9426 95.0189 107910 
1200 11.0073 96.4994 107880 
1210 11.0708 97.7316 107940 
1220 11.1333 99.7011 107910 
1230 11.1942 101.399 107910 
1240 11.2533 103.273 107970 
1250 11.3115 105.236 107940 
1260 11.3682 106.975 107820 
1270 11.423 108.593 107940 
1280 11.4762 110.562 107850 
1290 11.5285 112.13 107940 
1300 11.5778 113.918 107940 
1310 11.6226 115.843 107880 
1320 11.6422 119.189 107820 
1330 11.6477 123.447 107820 
1340 11.6511 127.937 107910 
1350 11.6538 132.179 107970 
1360 11.656 136.528 107910 
1370 11.658 140.674 107940 
1380 11.6599 145.304 107940 
1390 11.6615 150.515 107880 
1400 11.6628 154.93 107820 
1410 11.6641 158.786 107790 
1420 11.6653 162.691 107760 
1430 11.6664 166.34 107790 
1440 11.6675 170.657 107760 
1450 11.6685 174.697 107700 
1460 11.6695 178.79 107520 
1470 11.6704 182.847 107520 
1480 11.6713 187.617 107580 
1490 11.6721 192.877 107640 
1500 11.673 197.852 107700 
1510 11.6738 201.606 107670 
1520 11.6745 205.338 107760 
1530 11.6753 209.232 107730 
1540 11.676 212.998 107910 
1550 11.6767 217.118 107970 
1560 11.6774 221.149 107910 
1570 11.678 225.633 107970 
1580 11.6786 230.717 107940 
1590 11.6792 234.916 107730 
1600 11.6798 238.743 107790 
1610 11.6804 243.056 107820 
1620 11.681 246.804 108000 
1630 11.6816 250.423 107790 
1640 11.6821 254.527 107880 
1650 11.6826 257.883 107940 
1660 11.6832 261.311 107760 
1670 11.6837 264.619 107760 
1680 11.6842 267.703 107820 
1690 11.6847 270.42 107610 
1700 11.6852 273.273 107760 
1710 11.6856 275.63 107790 
1720 11.6861 278.544 107640 
1730 11.6866 280.962 107790 
1740 11.6871 283.406 107820 
1750 11.6876 285.885 107910 
1760 11.688 287.934 107880 
1770 11.6885 290.224 107820 
1780 11.6889 292.476 107730 
1790 11.6894 294.673 107850 
1800 11.6898 297.02 107820 
1810 11.6903 298.883 107880 
1820 11.6907 300.664 107730 
1830 11.6912 303.072 107850 
1840 11.6916 305.34 107880 
1850 11.692 307.41 107700 
1860 11.6925 309.419 107850 
1870 11.6929 311.407 107850 
1880 11.6933 313.469 107820 
1890 11.6938 315.209 107760 
1900 11.6942 316.46 107850 
1910 11.6946 317.765 107790 
1920 11.6951 319.102 107760 
1930 11.6955 320.486 107880 
1940 11.6959 321.653 107760 
1950 11.6964 322.999 107880 
1960 11.6968 324.083 107820 
1970 11.6972 325.772 107970 
1980 11.6976 327.134 107790 
1990 11.698 328.529 107850 
2000 11.6985 329.581 107910 
2010 11.6989 330.772 107820 
2020 11.6993 332.074 107820 
2030 11.6997 333.286 107760 
2040 11.7001 334.451 107760 
2050 11.7005 335.89 107880 
2060 11.701 336.902 107880 
2070 11.7014 338.017 107760 
2080 11.7018 339.408 107880 
2090 11.7022 340.248 107820 
2100 11.7026 341.321 107730 
2110 11.703 342.378 107820 
2120 11.7034 343.511 107790 
2130 11.7038 344.481 107910 
2140 11.7042 345.353 107880 
2150 11.7046 346.426 107880 
2160 11.705 347.282 107820 
2170 11.7054 348.164 107850 
2180 11.7058 349.145 107700 
2190 11.7062 350.075 107910 
2200 11.7066 350.96 107790 
2210 11.707 351.887 107910 
2220 11.7074 352.846 107790 
2230 11.7077 353.66 107850 
2240 11.7081 354.58 107760 
2250 11.7085 355.527 107910 
2260 11.7089 356.525 107880 
2270 11.7093 357.43 107910 
2280 11.7097 358.309 107730 
2290 11.7101 359.333 107880 
2300 11.7105 360.352 107940 
2310 11.7108 361.475 107880 
2320 11.7112 362.643 107760 
2330 11.7116 363.969 107760 
2340 11.7119 365.299 107850 
2350 11.7122 366.769 107850 
2360 11.7125 368.332 107820 
2370 11.7127 369.946 107760 
2380 11.713 371.523 107760 
2390 11.7132 373.446 107970 
2400 11.7135 374.968 107880 
2410 11.7137 376.538 107850 
2420 11.7139 378.464 107970 
2430 11.7141 380.653 107910 
2440 11.7143 383.213 107910 
2450 11.7145 385.404 107760 
2460 11.7147 387.661 107820 
2470 11.7149 390.203 107850 
2480 11.715 392.108 107910 
2490 11.7152 394.504 107730 
2500 11.7154 397.013 107820 
2510 11.7155 399.481 107850 
2520 11.7156 401.735 107820 
2530 11.7158 404.603 107910 
2540 11.7159 407.392 107820 
2550 11.716 409.957 107880 
2560 11.7162 412.349 107850 
2570 11.7163 415.242 107820 
2580 11.7164 417.808 107880 
2590 11.7165 420.36 107880 
2600 11.7166 423.343 107730 
2610 11.7167 425.493 107640 
2620 11.7169 428.263 107730 
2630 11.717 430.849 107760 
2640 11.7171 433.673 107790 
2650 11.7172 436.048 107820 
2660 11.7173 438.528 107640 
2670 11.7173 441.617 107550 
2680 11.7174 444.279 107700 
2690 11.7175 447.301 107850 
2700 11.7176 450.299 107730 
2710 11.7177 452.957 107880 
2720 11.7178 456.198 107760 
2730 11.7179 459.72 107790 
2740 11.718 462.646 107940 
2750 11.718 465.735 107670 
2760 11.7181 468.225 107700 
2770 11.7182 470.801 107820 
2780 11.7183 472.987 107730 
2790 11.7183 475.886 107700 
2800 11.7184 478.896 107700 
2810 11.7185 482.114 107880 
2820 11.7185 484.299 107790 
2830 11.7186 486.084 107820 
2840 11.7187 488.325 107790 
2850 11.7187 491.077 107850 
2860 11.7188 493.045 107880 
2870 11.7189 494.968 107640 
2880 11.7189 496.6 107760 
2890 11.719 498.54 107610 
2900 11.7191 500.44 107820 
2910 11.7191 502.346 107760 
2920 11.7192 504.204 107760 
2930 11.7192 505.823 107790 
2940 11.7193 507.47 107760 
2950 11.7194 508.891 107760 
2960 11.7194 510.753 107580 
2970 11.7195 512.473 107760 
2980 11.7195 514.015 107700 
2990 11.7196 515.599 107820 
3000 11.7197 517.603 107820 
3010 11.7197 520.113 107820 
3020 11.7198 522.576 107760 
3030 11.7198 524.987 107850 
3040 11.7198 527.791 107850 
3050 11.7199 529.955 107850 
3060 11.7199 531.751 107580 
3070 11.72 534.095 107520 
3080 11.72 536.613 107790 
3090 11.72 538.506 107760 
3100 11.7201 540.428 107730 
3110 11.7201 542.528 107640 
3120 11.7201 544.248 107640 
3130 11.7201 545.957 107580 
3140 11.7202 547.972 107700 
3150 11.7202 549.515 107730 
3160 11.7202 550.979 107670 
3170 11.7202 552.636 107460 
3180 11.7203 554.035 107400 
3190 11.7203 555.583 107580 
3200 11.7203 556.679 107760 
3210 11.7203 558.476 107760 
3220 11.7204 559.542 107460 
3230 11.7204 560.971 107310 
3240 11.7204 562.35 107490 
3250 11.7204 563.589 107520 
3260 11.7205 564.413 107520 
3270 11.7205 565.685 107730 
3280 11.7205 566.718 107550 
3290 11.7205 568.58 107490 
3300 11.7206 569.962 107700 
3310 11.7206 571.287 107610 
3320 11.7206 572.427 107640 
3330 11.7206 573.178 107610 
3340 11.7206 574.236 107370 
3350 11.7206 575.301 107430 
3360 11.7207 576.736 107520 
3370 11.7207 578.188 107370 
3380 11.7207 579.803 107220 
3390 11.7207 581.696 107340 
3400 11.7207 582.605 107340 
3410 11.7207 584.153 107580 
3420 11.7208 585.751 107550 
3430 11.7208 587.92 107220 
3440 11.7208 590.633 107460 
3450 11.7208 592.635 107490 
3460 11.7208 595.201 107340 
3470 11.7208 597.45 107640 
3480 11.7208 598.773 107460 
3490 11.7208 600.493 107280 
3500 11.7209 602.778 107460 
3510 11.7209 604.828 107310 
3520 11.7209 607.519 107490 
3530 11.7209 609.236 107460 
3540 11.7209 610.754 107430 
3550 11.7209 613.296 107580 
3560 11.7209 615.521 107550 
3570 11.7209 617.389 107460 
3580 11.7209 618.835 107370 
3590 11.7209 620.366 107220 
3600 11.721 623.542 107340 
3610 11.721 626.053 107340 
3620 11.721 627.995 107340 
3630 11.721 629.793 107220 
3640 11.721 632.172 107550 
3650 11.721 634.174 107460 
3660 11.721 635.654 107610 
3670 11.721 638.884 107550 
3680 11.721 640.593 107370 
3690 11.721 642.964 107340 
3700 11.721 645.117 107520 
3710 11.721 647.275 107580 
3720 11.721 650.013 107310 
3730 11.721 651.664 107100 
3740 11.721 654.114 107070 
3750 11.7211 655.61 107190 
3760 11.7211 659.141 107190 
3770 11.7211 660.87 107280 
3780 11.7211 663.067 107220 
3790 11.7211 665.196 107040 
3800 11.7211 666.102 106830 
3810 11.7211 668.237 106890 
3820 11.7211 673.202 106980 
3830 11.7211 675.678 107070 
3840 11.7211 677.504 107130 
3850 11.7211 679.979 107220 
3860 11.7211 681.54 106800 
3870 11.7211 683.403 106980 
3880 11.7211 685.106 106740 
3890 11.7211 687.462 106890 
3900 11.7211 689.657 106620 
3910 11.7211 692.232 106830 
3920 11.7211 694.944 106740 
3930 11.7211 696.454 106950 
3940 11.7211 698.501 106890 
3950 11.7211 703.736 107340 
3960 11.7211 708.202 106980 
3970 11.7211 709.202 106680 
3980 11.7211 712.54 106680 
3990 11.7211 714.535 106860 
4000 11.7211 718.362 106800 
4010 11.7211 720.745 106800 
4020 11.7211 722.363 106890 
4030 11.7211 724.443 106830 
4040 11.7211 725.806 106770 
4050 11.7211 728.786 106890 
4060 11.7211 733.586 106920 
4070 11.7211 736.496 106830 
4080 11.7211 738.073 106800 
4090 11.7211 740.642 106830 
4100 11.7211 742.837 106860 
4110 11.7211 744.049 106860 
4120 11.7211 747.087 106800 
4130 11.7211 750.467 106830 
4140 11.7211 752.379 106590 
4150 11.7211 759.208 106620 
4160 11.7211 761.33 106770 
4170 11.7211 764.402 106590 
4180 11.7211 767.646 106590 
4190 11.7211 773.919 106410 
4200 11.7211 778.978 106590 
4210 11.7211 781.007 106650 
4220 11.7211 784.676 106620 
4230 11.7211 788.271 106620 
4240 11.7211 792.251 106830 
4250 11.7211 797.294 106800 
4260 11.7211 803.765 106650 
4270 11.7211 814.218 106620 
4280 11.7211 818.092 106590 
4290 11.7211 822.484 106500 
4300 11.7211 826.344 106590 
4310 11.7211 827.701 106620 
4320 11.7211 830.309 106470 
4330 11.7211 836.243 106530 
4340 11.7211 838.093 106410 
4350 11.7211 842.795 106440 
4360 11.7211 844.464 106470 
4370 11.7211 846.461 106350 
4380 11.7211 852.046 106470 
4390 11.7211 855.594 106590 
4400 11.7211 856.179 106410 
4410 11.7211 862.813 106440 
4420 11.7211 866.145 106620 
4430 11.7211 868.491 106590 
4440 11.7211 870.674 106590 
4450 11.7211 872.85 106740 
4460 11.7211 875.3 106380 
4470 11.7211 876.045 106260 
4480 11.7211 878.457 106080 
4490 11.7211 881.29 106380 
4500 11.7211 883.025 106110 
4510 11.7211 887.072 106410 
4520 11.7211 894.671 106380 
4530 11.7211 902.939 106290 
4540 11.7211 912.429 106290 
4550 11.7211 918.38 106290 
4560 11.7211 920.295 106320 
4570 11.7211 928.118 106350 
4580 11.7211 932.09 106140 
4590 11.7211 937.418 106320 
4600 11.7211 941.602 106230 
4610 11.7211 944.84 105990 
4620 11.7211 948.455 106200 
4630 11.7211 954.204 106080 
4640 11.7211 960.279 106260 
4650 11.7211 962.959 106230 
4660 11.7211 965.009 106290 
4670 11.7211 969.224 106080 
4680 11.7211 975.333 105990 
4690 11.7211 981.021 106470 
4700 11.7211 982.707 106230 
4710 11.7211 991.355 106350 
4720 11.7211 997.849 106290 
4730 11.7211 1000.22 106230 
4740 11.7211 1003.38 106260 
4750 11.7211 1006.69 106260 
4760 11.7211 1010.55 106200 
4770 11.7211 1014.01 106320 
4780 11.7211 1019.86 106290 
4790 11.7211 1026.24 106260 
4800 11.7211 1037.37 106290 
4810 11.7211 1044.86 106500 
4820 11.7211 1050.02 106530 
4830 11.7211 1052.09 106350 
4840 11.7211 1056.34 106290 
4850 11.7211 1061.09 106290 
4860 11.7211 1067.31 106110 
4870 11.7211 1072.39 106170 
4880 11.7211 1077.37 105750 
4890 11.7211 1086.18 105840 
4900 11.7211 1089.9 105990 
4910 11.7211 1089.93 105630 
4920 11.7211 1092.23 105600 
4930 11.7211 1102.85 105600 
4940 11.7211 1112.09 105810 
4950 11.7211 1113.2 105510 
4960 11.7211 1119.69 105690 
4970 11.7211 1122.84 105750 
4980 11.7211 1130.74 105720 
4990 11.7211 1134.95 105750 
5000 11.7211 1139.11 106050 
5010 11.7211 1140.82 105990 
5020 11.7211 1141.45 105660 
5030 11.7211 1146.86 105900 
5040 11.7211 1151.59 105870 
5050 11.7211 1155.27 105780 
5060 11.7211 1159.23 105780 
5070 11.7211 1163.2 106110 
5080 11.7211 1167.97 105840 
5090 11.7211 1171.56 105900 
5100 11.7211 1175.99 105900 
5110 11.7211 1182.98 106050 
5120 11.7211 1186.52 105870 
5130 11.7211 1195.36 105720 
5140 11.7211 1199.62 105390 
5150 11.7211 1205.01 105840 
5160 11.7211 1208.21 105780 
5170 11.7211 1210.22 105840 
5180 11.7211 1218.63 106080 
5190 11.7211 1223.67 106170 
5200 11.7211 1233.5 105900 
5210 11.7211 1236.59 105720 
5220 11.7211 1239.87 105750 
5230 11.7211 1244.52 105870 
5240 11.7211 1245.62 105750 
5250 11.7211 1249.25 105660 
5260 11.7211 1251.5 105960 
5270 11.7211 1257.51 105870 
5280 11.7211 1264.72 106260 
5290 11.7211 1267.58 106470 
5300 11.7211 1270.06 106560 
5310 11.7211 1275.39 106380 
5320 11.7211 1283.84 106230 
5330 11.7211 1289.58 106080 
5340 11.7211 1293.25 106080 
5350 11.7211 1300.85 105720 
5360 11.7211 1306.08 105510 
5370 11.7211 1318.23 105750 
5380 11.7211 1322.4 105720 
5390 11.7211 1323.15 105510 
5400 11.7211 1326.99 105540 
5410 11.7211 1331.57 106050 
5420 11.7211 1336.53 106110 
5430 11.7211 1344.36 106140 
5440 11.7211 1349.29 105990 
5450 11.7211 1350.72 105840 
5460 11.7211 1353.6 105930 
5470 11.7211 1357.44 106020 
5480 11.7211 1360.28 105840 
5490 11.7211 1361.72 105720 
5500 11.7211 1366.23 105840 
5510 11.7211 1368.37 105870 
5520 11.7211 1373.5 105960 
5530 11.7211 1379.44 105900 
5540 11.7211 1391.36 106050 
5550 11.7211 1405.77 106050 
5560 11.7211 1409.66 105810 
5570 11.7211 1417.44 105570 
5580 11.7211 1423.21 105600 
5590 11.7211 1428.65 105390 
5600 11.7211 1432.38 105420 
5610 11.7211 1437.4 105210 
5620 11.7211 1444.49 105510 
5630 11.7211 1445.95 105480 
5640 11.7211 1450.14 105420 
5650 11.7211 1454.53 105210 
5660 11.7211 1467.47 105060 
5670 11.7211 1473.64 105150 
5680 11.7211 1476.49 105000 
5690 11.7211 1480.62 105060 
5700 11.7211 1484.62 104940 
5710 11.7211 1489.15 105150 
5720 11.7211 1493.28 105240 
5730 11.7211 1495.58 105360 
5740 11.7211 1499.51 105360 
5750 11.7211 1500.08 105240 
5760 11.7211 1504.71 105390 
5770 11.7211 1508.94 105180 
5780 11.7211 1514.64 105210 
5790 11.7211 1520.15 105240 
5800 11.7211 1520.73 105090 
5810 11.7211 1524.25 104970 
5820 11.7211 1531.76 105180 
5830 11.7211 1537.26 105810 
5840 11.7211 1542.7 105900 
5850 11.7211 1543.63 105750 
5860 11.7211 1546.9 105690 
5870 11.7211 1551.22 105660 
5880 11.7211 1559.55 105570 
5890 11.7211 1563.2 105780 
5900 11.7211 1566.69 105690 
5910 11.7211 1571.05 105660 
5920 11.7211 1581.29 105690 
5930 11.7211 1590.03 105660 
5940 11.7211 1598.39 105270 
5950 11.7211 1605.59 105360 
5960 11.7211 1608.53 105330 
5970 11.7211 1609.79 105090 
5980 11.7211 1613.46 104940 
5990 11.7211 1622.62 105210 
6000 11.7211 1624.78 105090 
6010 11.7211 1637.65 105060 
6020 11.7211 1642.64 104850 
6030 11.7211 1651.64 104910 
6040 11.7211 1655.42 105000 
6050 11.7211 1659.19 105270 
6060 11.7211 1659.21 105060 
6070 11.7211 1662.16 105180 
6080 11.7211 1663.83 104700 
6090 11.7211 1667.33 104910 
6100 11.7211 1669.53 104760 
6110 11.7211 1667 103890 
6120 11.7211 1677.02 104100 
6130 11.7211 1681.47 104310 
6140 11.7211 1686.56 104280 
6150 11.7211 1692.2 104310 
6160 11.7211 1695.01 104460 
6170 11.7211 1701.2 104370 
6180 11.7211 1706.76 104310 
6190 11.7211 1711.93 104340 
6200 11.7211 1717.33 104400 
6210 11.7211 1722.5 104580 
6220 11.7211 1727.4 104250 
6230 11.7211 1731.71 104760 
6240 11.7211 1733.97 104820 
6250 11.7211 1735.32 104340 
6260 11.7211 1741.05 104400 
6270 11.7211 1746.5 104760 
6280 11.7211 1754.77 104730 
6290 11.7211 1758.83 104670 
6300 11.7211 1762.45 104520 
6310 11.7211 1763.09 104610 
6320 11.7211 1761.84 104310 
6330 11.7211 1764.79 104250 
6340 11.7211 1766.81 104280 
6350 11.7211 1773.03 104640 
6360 11.7211 1776.63 104670 
6370 11.7211 1778.66 104550 
6380 11.7211 1780.15 104640 
6390 11.7211 1783.46 104550 
6400 11.7211 1792.02 104880 
6410 11.7211 1794.21 105000 
6420 11.7211 1794.8 104790 
6430 11.7211 1796.79 104730 
6440 11.7211 1799.48 104760 
6450 11.7211 1801.74 104670 
6460 11.7211 1806.81 104700 
6470 11.7211 1810.29 104640 
6480 11.7211 1814.63 104640 
6490 11.7211 1817.84 104490 
6500 11.7211 1821.37 104610 
6510 11.7211 1824.53 104820 
6520 11.7211 1829.27 104700 
6530 11.7211 1833.44 104790 
6540 11.7211 1839.91 104670 
6550 11.7211 1847.45 104520 
6560 11.7211 1860.99 104730 
6570 11.7211 1864.89 105300 
6580 11.7211 1867.3 105210 
6590 11.7211 1871.34 105330 
6600 11.7211 1873.36 105090 
6610 11.7211 1875.29 105300 
6620 11.7211 1879.1 105030 
6630 11.7211 1881.4 105210 
6640 11.7211 1885.55 105150 
6650 11.7211 1886.48 105030 
6660 11.7211 1891.73 105210 
6670 11.7211 1894.11 105150 
6680 11.7211 1895.69 104910 
6690 11.7211 1898.48 104910 
6700 11.7211 1902.49 104910 
6710 11.7211 1908.19 104940 
6720 11.7211 1911.61 104790 
6730 11.7211 1916.85 105240 
6740 11.7211 1921.9 105090 
6750 11.7211 1921.93 105150 
6760 11.7211 1927.75 105390 
6770 11.7211 1935.42 105030 
6780 11.7211 1939.91 105120 
6790 11.7211 1941.53 105060 
6800 11.7211 1943.41 104940 
6810 11.7211 1944.07 104910 
6820 11.7211 1946.29 104700 
6830 11.7211 1950.83 104790 
6840 11.7211 1953.48 105120 
6850 11.7211 1958.6 105060 
6860 11.7211 1960.04 104850 
6870 11.7211 1963.99 104760 
6880 11.7211 1966.03 104850 
6890 11.7211 1969.72 104850 
6900 11.7211 1971.87 104820 
6910 11.7211 1974.45 104880 
6920 11.7211 1978.82 104730 
6930 11.7211 1983.78 104730 
6940 11.7211 1987.98 105030 
6950 11.7211 1991.3 105000 
6960 11.7211 1992.2 104850 
6970 11.7211 1997.33 104880 
6980 11.7211 1998.95 104460 
6990 11.7211 2001.44 104160 
7000 11.7211 2011.14 104280 
7010 11.7211 2015.34 104880 
7020 11.7211 2017.93 104940 
7030 11.7211 2019.16 105060 
7040 11.7211 2021.4 105090 
7050 11.7211 2027.03 105270 
7060 11.7211 2026.74 105090 
7070 11.7211 2030.38 104970 
7080 11.7211 2033.9 104820 
7090 11.7211 2034.02 104610 
7100 11.7211 2041.28 104970 
7110 11.7211 2044.42 105000 
7120 11.7211 2048.98 104850 
7130 11.7211 2053.85 105210 
7140 11.7211 2059.07 105450 
7150 11.7211 2061.54 105240 
7160 11.7211 2064.08 105330 
7170 11.7211 2066.3 105300 
7180 11.7211 2067.82 105300 
7190 11.7211 2069.77 105300 
7200 11.7211 2072.54 105120 
7210 11.7211 2083.24 105030 
7220 11.7211 2086.3 105300 
7230 11.7211 2087.6 105300 
7240 11.7211 2090.17 105270 
7250 11.7211 2091.15 105000 
7260 11.7211 2093.44 105060 
7270 11.7211 2095.65 105120 
7280 11.7211 2103.91 104820 
7290 11.7211 2104.59 104880 
7300 11.7211 2109.9 105150 
7310 11.7211 2112.42 105210 
7320 11.7211 2114.16 105300 
7330 11.7211 2116.59 105000 
7340 11.7211 2120.33 105090 
7350 11.7211 2120.45 105060 
7360 11.7211 2123.3 104970 
7370 11.7211 2125.14 104880 
7380 11.7211 2125.77 104430 
7390 11.7211 2127.72 104490 
7400 11.7211 2130.32 104340 
7410 11.7211 2135.69 104580 
7420 11.7211 2136.59 104430 
7430 11.7211 2138.24 104850 
7440 11.7211 2140.75 105090 
7450 11.7211 2143.18 105090 
7460 11.7211 2147.74 105030 
7470 11.7211 2149.29 104880 
7480 11.7211 2151.43 104790 
7490 11.7211 2152.42 104400 
7500 11.7211 2154.32 104670 
7510 11.7211 2156.06 104760 
7520 11.7211 2158.3 104790 
7530 11.7211 2162.29 104940 
7540 11.7211 2163.33 104850 
7550 11.7211 2167.94 105150 
7560 11.7211 2168.53 104760 
7570 11.7211 2169.84 104970 
7580 11.7211 2171.67 104640 
7590 11.7211 2173.07 104730 
7600 11.7211 2179.15 104850 
7610 11.7211 2180.59 104910 
7620 11.7211 2182.88 104790 
7630 11.7211 2185.37 104910 
7640 11.7211 2189.66 105000 
7650 11.7211 2193.92 104760 
7660 11.7211 2195.54 104670 
7670 11.7211 2200.79 104790 
7680 11.7211 2200.52 104610 
7690 11.7211 2205.26 105090 
7700 11.7211 2206.52 104970 
7710 11.7211 2210.24 104850 
7720 11.7211 2212.33 104970 
7730 11.7211 2215.01 105090 
7740 11.7211 2217.41 105330 
7750 11.7211 2219.15 105300 
7760 11.7211 2220.69 105240 
7770 11.7211 2222.87 105300 
7780 11.7211 2225.74 105090 
7790 11.7211 2229.49 105090 
7800 11.7211 2230.94 104880 
7810 11.7211 2232.85 104820 
7820 11.7211 2233.71 104820 
7830 11.7211 2238.03 105120 
7840 11.7211 2240.79 105420 
7850 11.7211 2245.09 105510 
7860 11.7211 2246.64 105510 
7870 11.7211 2247.08 105420 
7880 11.7211 2251.7 105630 
7890 11.7211 2254.05 105360 
7900 11.7211 2255.34 105060 
7910 11.7211 2257.45 105030 
7920 11.7211 2257.8 104760 
7930 11.7211 2260.45 104880 
7940 11.7211 2263.01 104940 
7950 11.7211 2267.4 105030 
7960 11.7211 2270.02 105210 
7970 11.7211 2271.6 105270 
7980 11.7211 2273.28 105240 
7990 11.7211 2275.58 105240 
8000 11.7211 2277.42 105330 
8010 11.7211 2278.66 105330 
8020 11.7211 2280.13 105420 
8030 11.7211 2291.1 105300 
8040 11.7211 2295.54 105270 
8050 11.7211 2297.11 105300 
8060 11.7211 2298.93 105330 
8070 11.7211 2307.5 105300 
8080 11.7211 2307.9 105030 
8090 11.7211 2310.52 105060 
8100 11.7211 2313.24 104910 
8110 11.7211 2314.86 105180 
8120 11.7211 2318.03 104880 
8130 11.7211 2319.17 104730 
8140 11.7211 2322.21 104790 
8150 11.7211 2324.16 104640 
8160 11.7211 2326.43 104670 
8170 11.7211 2330.25 104880 
8180 11.7211 2332.75 104880 
8190 11.7211 2334.59 105120 
8200 11.7211 2336.33 105270 
8210 11.7211 2338.34 105570 
8220 11.7211 2339.32 105570 
8230 11.7211 2342.3 105360 
8240 11.7211 2343.28 105090 
8250 11.7211 2345.18 105210 
8260 11.7211 2346.96 105450 
8270 11.7211 2348.48 105510 
8280 11.7211 2350.25 105540 
8290 11.7211 2354.49 105420 
8300 11.7211 2356.07 105450 
8310 11.7211 2356.63 105120 
8320 11.7211 2357.69 105150 
8330 11.7211 2359.07 105000 
8340 11.7211 2359.23 104970 
8350 11.7211 2359.07 104580 
8360 11.7211 2360.21 104730 
8370 11.7211 2361.19 104370 
8380 11.7211 2361.99 104370 
8390 11.7211 2362.86 104610 
8400 11.7211 2363.05 104460 
8410 11.7211 2365.7 104670 
8420 11.7211 2368.77 104910 
8430 11.7211 2370 104790 
8440 11.7211 2372.83 104700 
8450 11.7211 2374.83 104880 
8460 11.7211 2375.81 104970 
8470 11.7211 2376.84 105060 
8480 11.7211 2381.03 104670 
8490 11.7211 2383.02 104460 
8500 11.7211 2384.34 104730 
8510 11.7211 2386.64 104640 
8520 11.7211 2388.45 104580 
8530 11.7211 2396.09 104700 
8540 11.7211 2397.19 104640 
8550 11.7211 2399.06 104550 
8560 11.7211 2399.22 104610 
8570 11.7211 2400.86 104430 
8580 11.7211 2402.43 104400 
8590 11.7211 2403.38 104340 
8600 11.7211 2405.42 104100 
8610 11.7211 2409.87 104670 
8620 11.7211 2409.58 104760 
8630 11.7211 2410.7 104430 
8640 11.7211 2411.06 104310 
8650 11.7211 2414.69 105090 
8660 11.7211 2414.94 105180 
8670 11.7211 2415.27 105000 
8680 11.7211 2420.52 105060 
8690 11.7211 2423.56 105030 
8700 11.7211 2423.39 104850 
8710 11.7211 2423.71 104910 
8720 11.7211 2425.33 104880 
8730 11.7211 2428.98 104850 
8740 11.7211 2431.93 104880 
8750 11.7211 2432.72 104760 
8760 11.7211 2432.95 104670 
8770 11.7211 2434 105000 
8780 11.7211 2433.71 104820 
8790 11.7211 2437.28 104610 
8800 11.7211 2443.05 105030 
8810 11.7211 2443.25 105090 
8820 11.7211 2445.08 105480 
8830 11.7211 2446.28 105510 
8840 11.7211 2447.13 105450 
8850 11.7211 2447.7 105300 
8860 11.7211 2447.69 105090 
8870 11.7211 2450.76 105060 
8880 11.7211 2451.4 105090 
8890 11.7211 2450.92 105000 
8900 11.7211 2451.78 105090 
8910 11.7211 2453.5 105480 
8920 11.7211 2455.21 105390 
8930 11.7211 2464.65 105150 
8940 11.7211 2471.37 105120 
8950 11.7211 2473.23 105390 
8960 11.7211 2472.68 105270 
8970 11.7211 2473.4 105180 
8980 11.7211 2474.61 105120 
8990 11.7211 2474.71 105300 
9000 11.7211 2476.17 105150 
9010 11.7211 2480.66 105270 
9020 11.7211 2481.31 104820 
9030 11.7211 2485.36 104880 
9040 11.7211 2484.62 104880 
9050 11.7211 2485.12 104940 
9060 11.7211 2487.76 104820 
9070 11.7211 2488 104670 
9080 11.7211 2492.03 104430 
9090 11.7211 2492.61 104280 
9100 11.7211 2494.98 104370 
9110 11.7211 2498.2 104790 
9120 11.7211 2498.31 104940 
9130 11.7211 2499.4 104790 
9140 11.7211 2501.02 104760 
9150 11.7211 2504.73 105120 
9160 11.7211 2507.07 105390 
9170 11.7211 2507.06 105630 
9180 11.7211 2507.87 105600 
9190 11.7211 2508.57 105660 
9200 11.7211 2508.67 105660 
9210 11.7211 2513.48 105810 
9220 11.7211 2514.85 105480 
9230 11.7211 2517.79 105540 
9240 11.7211 2517.68 105240 
9250 11.7211 2518.5 105090 
9260 11.7211 2518.6 104730 
9270 11.7211 2520.55 105030 
9280 11.7211 2521.98 105090 
9290 11.7211 2524.86 105240 
9300 11.7211 2524.59 105270 
9310 11.7211 2525.24 105480 
9320 11.7211 2525.9 105270 
9330 11.7211 2526.58 105510 
9340 11.7211 2527.47 105240 
9350 11.7211 2528.15 105090 
9360 11.7211 2529.06 105360 
9370 11.7211 2530.13 105360 
9380 11.7211 2530.97 105240 
9390 11.7211 2531.55 105450 
9400 11.7211 2534.21 105570 
9410 11.7211 2534.79 105360 
9420 11.7211 2535.82 105360 
9430 11.7211 2536.5 105150 
9440 11.7211 2538.41 104940 
9450 11.7211 2539.49 104940 
9460 11.7211 2540.35 104670 
9470 11.7211 2540.98 104910 
9480 11.7211 2540.88 105060 
9490 11.7211 2540.36 104910 
9500 11.7211 2542.53 104970 
9510 11.7211 2544.23 104970 
9520 11.7211 2545.66 104820 
9530 11.7211 2545.77 104850 
9540 11.7211 2547.09 104610 
9550 11.7211 2547.9 104730 
9560 11.7211 2549.04 104910 
9570 11.7211 2548.07 104820 
9580 11.7211 2549.1 104850 
9590 11.7211 2549.96 105030 
9600 11.7211 2551.17 104940 
9610 11.7211 2553.82 104790 
9620 11.7211 2554.42 104850 
9630 11.7211 2555.14 104670 
9640 11.7211 2557.13 104550 
9650 11.7211 2558.53 104880 
9660 11.7211 2558.8 104820 
9670 11.7211 2558.7 104610 
9680 11.7211 2559.31 104550 
9690 11.7211 2559.91 104460 
9700 11.7211 2561.55 104370 
9710 11.7211 2561.94 104670 
9720 11.7211 2562.55 104700 
9730 11.7211 2562.61 104790 
9740 11.7211 2564.53 105090 
9750 11.7211 2565.18 105150 
9760 11.7211 2565.33 104610 
9770 11.7211 2567.91 104910 
9780 11.7211 2568.51 104790 
9790 11.7211 2569.82 104910 
9800 11.7211 2570.73 104820 
9810 11.7211 2571.52 104730 
9820 11.7211 2572.17 104910 
9830 11.7211 2573.25 105270 
9840 11.7211 2573.81 105150 
9850 11.7211 2574.05 105090 
9860 11.7211 2575.15 105060 
9870 11.7211 2575.92 104910 
9880 11.7211 2580.44 104970 
9890 11.7211 2580.96 104700 
9900 11.7211 2581.31 104850 
9910 11.7211 2583.47 105060 
9920 11.7211 2584.54 104850 
9930 11.7211 2585.91 104580 
9940 11.7211 2588.1 104700 
9950 11.7211 2588.7 104820 
9960 11.7211 2588.43 104670 
9970 11.7211 2589.2 104790 
9980 11.7211 2590.98 104700 
9990 11.7211 2591.58 104880 
10000 11.7211 2592.53 104400 
10010 11.7211 2593.87 104490 
10020 11.7211 2595.16 104460 
10030 11.7211 2595.19 104700 
10040 11.7211 2596.87 104430 
10050 11.7211 2597.02 104160 
10060 11.7211 2598.33 104130 
10070 11.7211 2599.41 104370 
10080 11.7211 2601.19 104640 
10090 11.7211 2601.09 104910 
10100 11.7211 2602.86 104730 
10110 11.7211 2604.36 104640 
10120 11.7211 2606.31 104400 
10130 11.7211 2606.62 104100 
10140 11.7211 2607.26 104280 
10150 11.7211 2607.78 104340 
10160 11.7211 2607.9 104430 
10170 11.7211 2608.28 104640 
10180 11.7211 2610.55 104310 
10190 11.7211 2616.39 104490 
10200 11.7211 2617.63 104520 
10210 11.7211 2618.51 104580 
10220 11.7211 2620.24 104640 
10230 11.7211 2621.6 104490 
10240 11.7211 2621.17 104490 
10250 11.7211 2624.09 104790 
10260 11.7211 2625.36 104940 
10270 11.7211 2625.84 105090 
10280 11.7211 2626.47 105030 
10290 11.7211 2626.72 104520 
10300 11.7211 2635.43 104610 
10310 11.7211 2635.13 104520 
10320 11.7211 2635.29 104730 
10330 11.7211 2636.29 104730 
10340 11.7211 2637.54 104400 
10350 11.7211 2638.42 104190 
10360 11.7211 2639.32 104040 
10370 11.7211 2640.21 104190 
10380 11.7211 2643.86 104370 
10390 11.7211 2645.43 104400 
10400 11.7211 2647.04 104730 
10410 11.7211 2648.09 104550 
10420 11.7211 2648.76 104640 
10430 11.7211 2651.27 104970 
10440 11.7211 2652.82 104940 
10450 11.7211 2654.1 104850 
10460 11.7211 2655.18 104850 
10470 11.7211 2656.98 105090 
10480 11.7211 2657.95 104970 
10490 11.7211 2659.37 104790 
10500 11.7211 2659.97 104670 
10510 11.7211 2659.82 104880 
10520 11.7211 2660.46 105090 
10530 11.7211 2662.34 105180 
10540 11.7211 2661.95 105150 
10550 11.7211 2662.12 105150 
10560 11.7211 2666.31 104760 
10570 11.7211 2666.68 104730 
10580 11.7211 2667.17 104760 
10590 11.7211 2668.52 104550 
10600 11.7211 2669.72 104640 
10610 11.7211 2669.81 104400 
10620 11.7211 2671 104340 
10630 11.7211 2670.87 104340 
10640 11.7211 2670.82 104280 
10650 11.7211 2671.42 104790 
10660 11.7211 2673.47 105000 
10670 11.7211 2675 105270 
10680 11.7211 2674.91 105390 
10690 11.7211 2676.19 105210 
10700 11.7211 2676.23 104880 
10710 11.7211 2676.99 105060 
10720 11.7211 2677.99 104970 
10730 11.7211 2679.84 105150 
10740 11.7211 2680.64 104910 
10750 11.7211 2682.12 105030 
10760 11.7211 2682.75 105180 
10770 11.7211 2683.84 105030 
10780 11.7211 2685.09 105090 
10790 11.7211 2685.17 104670 
10800 11.7211 2685.85 104550 
10810 11.7211 2685.61 104310 
10820 11.7211 2685.84 104670 
10830 11.7211 2686.69 104490 
10840 11.7211 2687.33 104580 
10850 11.7211 2687.49 104370 
10860 11.7211 2688.73 104610 
10870 11.7211 2690.32 104880 
10880 11.7211 2691.19 104940 
10890 11.7211 2691.02 104970 
10900 11.7211 2690.56 104910 
10910 11.7211 2690.75 104670 
10920 11.7211 2693.08 104550 
10930 11.7211 2693.32 104430 
10940 11.7211 2694.57 104340 
10950 11.7211 2694.91 104610 
10960 11.7211 2695.05 104670 
10970 11.7211 2695.42 104910 
10980 11.7211 2696.12 104880 
10990 11.7211 2696.1 104880 
11000 11.7211 2697.36 104910 
11010 11.7211 2698.03 105180 
11020 11.7211 2697.78 105330 
11030 11.7211 2696.14 105420 
11040 11.7211 2697 105150 
11050 11.7211 2697.75 105180 
11060 11.7211 2698.21 105060 
11070 11.7211 2699.85 104910 
11080 11.7211 2700.07 104970 
11090 11.7211 2701.17 104970 
11100 11.7211 2703 104790 
11110 11.7211 2703.4 104850 
11120 11.7211 2703.86 104850 
11130 11.7211 2703.51 104790 
11140 11.7211 2705.25 104820 
11150 11.7211 2705.92 104490 
11160 11.7211 2707.51 103860 
11170 11.7211 2708.27 103860 
11180 11.7211 2707.91 103800 
11190 11.7211 2708.9 104250 
11200 11.7211 2709.7 104220 
11210 11.7211 2710.17 104970 
11220 11.7211 2710.93 104610 
11230 11.7211 2710.78 104730 
11240 11.7211 2710.85 104910 
11250 11.7211 2712.02 105060 
11260 11.7211 2712.94 104970 
11270 11.7211 2713.43 105120 
11280 11.7211 2714.07 105060 
11290 11.7211 2714.9 105120 
11300 11.7211 2715.17 105000 
11310 11.7211 2715.29 105240 
11320 11.7211 2714.75 104760 
11330 11.7211 2716.71 104640 
11340 11.7211 2715.79 104760 
11350 11.7211 2716.52 104640 
11360 11.7211 2717.94 104640 
11370 11.7211 2718.29 104940 
11380 11.7211 2717.94 104910 
11390 11.7211 2718.65 104550 
11400 11.7211 2719.63 104280 
11410 11.7211 2721.1 104460 
11420 11.7211 2722.39 104280 
11430 11.7211 2723.68 104100 
11440 11.7211 2725.34 104160 
11450 11.7211 2726.36 104370 
11460 11.7211 2726.46 104430 
11470 11.7211 2728.05 104340 
11480 11.7211 2728.96 103950 
11490 11.7211 2729.57 104010 
11500 11.7211 2731.49 104160 
11510 11.7211 2732.51 104520 
11520 11.7211 2733.37 104490 
11530 11.7211 2734.74 104610 
11540 11.7211 2734.93 104550 
11550 11.7211 2736.11 104430 
11560 11.7211 2737.1 104520 
11570 11.7211 2737.09 104580 
11580 11.7211 2737.71 104520 
11590 11.7211 2738.99 104640 
11600 11.7211 2739.95 104730 
11610 11.7211 2740.23 104640 
11620 11.7211 2740.76 104550 
11630 11.7211 2741.83 104970 
11640 11.7211 2741.67 104640 
11650 11.7211 2742.56 104550 
11660 11.7211 2743.4 104550 
11670 11.7211 2745.17 104820 
11680 11.7211 2747.11 104970 
11690 11.7211 2748.9 104760 
11700 11.7211 2749.45 105000 
11710 11.7211 2751.51 104970 
11720 11.7211 2752.64 105210 
11730 11.7211 2753.34 105210 
11740 11.7211 2754.72 105210 
11750 11.7211 2755.82 105120 
11760 11.7211 2757.41 105240 
11770 11.7211 2757.71 105150 
11780 11.7211 2758.17 105000 
11790 11.7211 2759.72 105150 
11800 11.7211 2760.7 105000 
11810 11.7211 2761.24 104880 
11820 11.7211 2760.53 104370 
11830 11.7211 2760.92 104640 
11840 11.7211 2761.94 104790 
11850 11.7211 2762.41 104580 
11860 11.7211 2764.06 104580 
11870 11.7211 2766.56 104460 
11880 11.7211 2767.32 104430 
11890 11.7211 2767.61 104280 
11900 11.7211 2768.91 104100 
11910 11.7211 2769.56 104220 
11920 11.7211 2771.06 104070 
11930 11.7211 2771.9 104460 
11940 11.7211 2773.15 104610 
11950 11.7211 2773.77 104490 
11960 11.7211 2775.34 104310 
11970 11.7211 2776.04 104190 
11980 11.7211 2776.79 104070 
11990 11.7211 2778.09 104280 
12000 11.7211 2778.71 103950 
12010 11.7211 2779.4 103710 
12020 11.7211 2779.96 103650 
12030 11.7211 2780.41 104160 
12040 11.7211 2780.89 104520 
12050 11.7211 2780.69 104430 
12060 11.7211 2781.22 104520 
12070 11.7211 2782.89 104670 
12080 11.7211 2785.73 104430 
12090 11.7211 2789.1 104520 
12100 11.7211 2790.21 104550 
12110 11.7211 2790.46 104520 
12120 11.7211 2791.36 104790 
12130 11.7211 2791.19 105030 
12140 11.7211 2792.76 104880 
12150 11.7211 2793.59 104880 
12160 11.7211 2793.94 105120 
12170 11.7211 2794.61 104820 
12180 11.7211 2795.35 105090 
12190 11.7211 2796.5 105390 
12200 11.7211 2797.34 105090 
12210 11.7211 2798.66 105330 
12220 11.7211 2799.89 105270 
12230 11.7211 2801.1 105360 
12240 11.7211 2801.89 105240 
12250 11.7211 2804.6 105330 
12260 11.7211 2807.09 105240 
12270 11.7211 2807.41 105240 
12280 11.7211 2807.91 105180 
12290 11.7211 2809.13 105180 
12300 11.7211 2810.2 105120 
12310 11.7211 2811.86 105120 
12320 11.7211 2811.7 104610 
12330 11.7211 2811.74 104790 
12340 11.7211 2814.36 104670 
12350 11.7211 2815.34 105120 
12360 11.7211 2817.37 105300 
12370 11.7211 2818.44 105180 
12380 11.7211 2820.32 104940 
12390 11.7211 2820.92 104940 
12400 11.7211 2821.18 104700 
12410 11.7211 2823.24 104460 
12420 11.7211 2825.13 104550 
12430 11.7211 2827.7 104790 
12440 11.7211 2827.96 104790 
12450 11.7211 2829.08 104520 
12460 11.7211 2831.49 104910 
12470 11.7211 2833.38 104910 
12480 11.7211 2834.4 104850 
12490 11.7211 2837.8 105030 
12500 11.7211 2841.41 105000 
12510 11.7211 2842.49 104820 
12520 11.7211 2842.46 104940 
12530 11.7211 2844.05 105150 
12540 11.7211 2845.61 105030 
12550 11.7211 2848.67 105030 
12560 11.7211 2848.16 104820 
12570 11.7211 2850.03 105060 
12580 11.7211 2852.98 104970 
12590 11.7211 2854.47 104970 
12600 11.7211 2855.24 104700 
12610 11.7211 2857.77 104640 
12620 11.7211 2859.76 104430 
12630 11.7211 2861.13 104550 
12640 11.7211 2863.39 104760 
12650 11.7211 2863.45 104460 
12660 11.7211 2864.96 104700 
12670 11.7211 2865.63 104700 
12680 11.7211 2866.8 105030 
12690 11.7211 2867.44 104970 
12700 11.7211 2868.9 105240 
12710 11.7211 2870.16 104970 
12720 11.7211 2871.55 104910 
12730 11.7211 2870.81 105030 
12740 11.7211 2872.96 104940 
12750 11.7211 2873.11 105060 
12760 11.7211 2873.43 104700 
12770 11.7211 2875.19 104460 
12780 11.7211 2875.5 104730 
12790 11.7211 2876.06 104520 
12800 11.7211 2877.46 104610 
12810 11.7211 2878.23 104400 
12820 11.7211 2880.59 104610 
12830 11.7211 2881.27 104910 
12840 11.7211 2880.67 104730 
12850 11.7211 2882.94 105030 
12860 11.7211 2883.75 104970 
12870 11.7211 2884.3 105000 
12880 11.7211 2885.17 104970 
12890 11.7211 2887.37 105000 
12900 11.7211 2888.49 104760 
12910 11.7211 2890.03 104730 
12920 11.7211 2889.64 104790 
12930 11.7211 2891.73 104490 
12940 11.7211 2892.84 104580 
12950 11.7211 2894.25 104850 
12960 11.7211 2895.13 104790 
12970 11.7211 2895.44 104700 
12980 11.7211 2895.7 104730 
12990 11.7211 2898.99 104910 
13000 11.7211 2900.71 104790 
13010 11.7211 2900.86 104580 
13020 11.7211 2901.46 104730 
13030 11.7211 2903.12 104910 
13040 11.7211 2903.96 104640 
13050 11.7211 2903.47 104490 
13060 11.7211 2904.14 104460 
13070 11.7211 2904.72 104700 
13080 11.7211 2905.94 104760 
13090 11.7211 2906.62 104760 
13100 11.7211 2906.98 104640 
13110 11.7211 2909.09 104640 
13120 11.7211 2910.35 104790 
13130 11.7211 2911.19 104490 
13140 11.7211 2911.56 104280 
13150 11.7211 2913.05 104550 
13160 11.7211 2913.02 104400 
13170 11.7211 2914.42 104460 
13180 11.7211 2915.13 104670 
13190 11.7211 2917.03 104520 
13200 11.7211 2918.21 104520 
13210 11.7211 2918.72 104700 
13220 11.7211 2919.1 104700 
13230 11.7211 2920.28 105150 
13240 11.7211 2921.39 104970 
13250 11.7211 2924.48 104970 
13260 11.7211 2926.21 104640 
13270 11.7211 2926.26 104790 
13280 11.7211 2927.17 104880 
13290 11.7211 2928.15 104970 
13300 11.7211 2929.15 105000 
13310 11.7211 2928.43 104730 
13320 11.7211 2929.95 104700 
13330 11.7211 2930.53 104580 
13340 11.7211 2931.77 104370 
13350 11.7211 2932.88 104640 
13360 11.7211 2933.62 104250 
13370 11.7211 2934.8 104220 
13380 11.7211 2935.9 104520 
13390 11.7211 2936.5 104700 
13400 11.7211 2934.95 104580 
13410 11.7211 2935.3 104820 
13420 11.7211 2936.66 105030 
13430 11.7211 2938.35 105150 
13440 11.7211 2939.25 105150 
13450 11.7211 2939.82 104970 
13460 11.7211 2941.22 105150 
13470 11.7211 2941.81 105450 
13480 11.7211 2942.68 105360 
13490 11.7211 2943.76 105240 
13500 11.7211 2943.87 105090 
13510 11.7211 2945.01 105270 
13520 11.7211 2945.53 105150 
13530 11.7211 2946.5 105090 
13540 11.7211 2947 105060 
13550 11.7211 2946.56 104790 
13560 11.7211 2946.53 104520 
13570 11.7211 2946.62 104700 
13580 11.7211 2946.73 104850 
13590 11.7211 2948.29 104910 
13600 11.7211 2949.23 104970 
13610 11.7211 2947.04 104910 
13620 11.7211 2947.99 104820 
13630 11.7211 2950.22 105090 
13640 11.7211 2950.53 105120 
13650 11.7211 2950.94 105390 
13660 11.7211 2951.33 105390 
13670 11.7211 2951.88 105120 
13680 11.7211 2953.72 105120 
13690 11.7211 2954.81 104820 
13700 11.7211 2955.97 104910 
13710 11.7211 2955.12 105240 
13720 11.7211 2952.98 105090 
13730 11.7211 2953.62 105180 
13740 11.7211 2955.71 105060 
13750 11.7211 2956.31 105240 
13760 11.7211 2957.23 105060 
13770 11.7211 2958.7 104700 
13780 11.7211 2959.68 104880 
13790 11.7211 2960.34 104850 
13800 11.7211 2960.19 104610 
13810 11.7211 2960.93 104790 
13820 11.7211 2961.59 104640 
13830 11.7211 2959.47 104730 
13840 11.7211 2959.46 104940 
13850 11.7211 2958.82 105090 
13860 11.7211 2960.78 104940 
13870 11.7211 2960.95 104910 
13880 11.7211 2960.26 104580 
13890 11.7211 2961.54 104790 
13900 11.7211 2962.73 104790 
13910 11.7211 2964.17 104970 
13920 11.7211 2965.87 104670 
13930 11.7211 2966.15 104580 
13940 11.7211 2965.32 104550 
13950 11.7211 2967.35 104760 
13960 11.7211 2966 104700 
13970 11.7211 2965.51 104700 
13980 11.7211 2965.78 104640 
13990 11.7211 2967.48 104610 
14000 11.7211 2967.73 104610 
14010 11.7211 2968.93 104490 
14020 11.7211 2969.69 104430 
14030 11.7211 2969.47 104220 
14040 11.7211 2971.85 104460 
14050 11.7211 2973.29 104640 
14060 11.7211 2974.84 105090 
14070 11.7211 2975.74 105150 
14080 11.7211 2976.39 105300 
14090 11.7211 2978.05 105120 
14100 11.7211 2978.71 105150 
14110 11.7211 2978.68 105150 
14120 11.7211 2978.93 104880 
14130 11.7211 2979.87 105150 
14140 11.7211 2980.67 104820 
14150 11.7211 2979.91 104940 
14160 11.7211 2980.72 104760 
14170 11.7211 2982.26 104820 
14180 11.7211 2986.22 104970 
14190 11.7211 2986.51 104760 
14200 11.7211 2987.34 104850 
14210 11.7211 2989.42 105420 
14220 11.7211 2990.36 105060 
14230 11.7211 2990.63 104970 
14240 11.7211 2990.4 104850 
14250 11.7211 2988.97 105000 
14260 11.7211 2990.98 104880 
14270 11.7211 2992.06 104730 
14280 11.7211 2994.57 104670 
14290 11.7211 2994.86 105600 
14300 11.7211 2995.33 105300 
14310 11.7211 2997.53 105390 
14320 11.7211 2999.5 105330 
14330 11.7211 3000.7 105030 
14340 11.7211 3003.73 104910 
14350 11.7211 3005.38 104550 
14360 11.7211 3006.96 104400 
14370 11.7211 3007.44 104940 
14380 11.7211 3008.69 105150 
14390 11.7211 3007.48 104880 
14400 11.7211 3007.25 104970 
14410 11.7211 3008.79 104910 
14420 11.7211 3009.79 104730 
14430 11.7211 3010.93 104490 
14440 11.7211 3010.99 104520 
14450 11.7211 3011.96 104760 
14460 11.7211 3012.23 104520 
14470 11.7211 3011.86 104430 
14480 11.7211 3013.2 104520 
14490 11.7211 3013.19 104820 
14500 11.7211 3013.04 104730 
14510 11.7211 3016.21 104790 
14520 11.7211 3016.21 104850 
14530 11.7211 3015.98 105030 
14540 11.7211 3016.49 105150 
14550 11.7211 3017.56 105210 
14560 11.7211 3017.78 105150 
14570 11.7211 3018.88 104700 
14580 11.7211 3019.47 104700 
14590 11.7211 3019.62 104850 
14600 11.7211 3020.43 105000 
14610 11.7211 3020.69 105060 
14620 11.7211 3023.86 105210 
14630 11.7211 3024.86 105270 
14640 11.7211 3027.35 105030 
14650 11.7211 3026.86 104460 
14660 11.7211 3028.42 104520 
14670 11.7211 3028.8 104880 
14680 11.7211 3030.36 105000 
14690 11.7211 3033.53 105150 
14700 11.7211 3032.87 105000 
14710 11.7211 3032.42 105000 
14720 11.7211 3033.94 105270 
14730 11.7211 3034.31 105090 
14740 11.7211 3036.14 104970 
14750 11.7211 3036.11 104790 
14760 11.7211 3038.57 104640 
14770 11.7211 3041.37 104790 
14780 11.7211 3045.1 104490 
14790 11.7211 3045.59 104280 
14800 11.7211 3047.64 104400 
14810 11.7211 3047.65 104580 
14820 11.7211 3050.11 104730 
14830 11.7211 3051.36 104790 
14840 11.7211 3052.68 104550 
14850 11.7211 3055.25 104340 
14860 11.7211 3056.53 104370 
14870 11.7211 3057.73 104580 
14880 11.7211 3060.09 104790 
14890 11.7211 3062.37 104820 
14900 11.7211 3062.64 105000 
14910 11.7211 3065.58 105240 
14920 11.7211 3062.87 105480 
14930 11.7211 3065.21 105330 
14940 11.7211 3065.37 104640 
14950 11.7211 3065.69 104640 
14960 11.7211 3066.12 104490 
14970 11.7211 3068.75 104310 
14980 11.7211 3069.5 104070 
14990 11.7211 3070.73 104070 
15000 11.7211 3072.4 104010 
15010 11.7211 3073 104310 
15020 11.7211 3072.64 104520 
15030 11.7211 3073.96 104340 
15040 11.7211 3075.37 103860 
15050 11.7211 3075.53 103920 
15060 11.7211 3076.33 104190 
15070 11.7211 3078.71 104400 
15080 11.7211 3078.12 104220 
15090 11.7211 3079.36 103890 
15100 11.7211 3079.58 103830 
15110 11.7211 3080.19 104100 
15120 11.7211 3080.52 104430 
15130 11.7211 3081.03 104670 
15140 11.7211 3077.7 104730 
15150 11.7211 3079.7 104700 
15160 11.7211 3081.94 104700 
15170 11.7211 3082.5 104820 
15180 11.7211 3085.41 104670 
15190 11.7211 3085.81 104580 
15200 11.7211 3087.44 104460 
15210 11.7211 3088.96 104520 
15220 11.7211 3088.77 104520 
15230 11.7211 3090.09 104910 
15240 11.7211 3090 104880 
15250 11.7211 3092.42 105150 
15260 11.7211 3092.79 104970 
15270 11.7211 3090.18 104970 
15280 11.7211 3091.26 104760 
15290 11.7211 3091.33 104670 
15300 11.7211 3091.5 104670 
15310 11.7211 3093.64 104640 
15320 11.7211 3093.79 104910 
15330 11.7211 3095.53 104790 
15340 11.7211 3096.24 104430 
15350 11.7211 3098.28 104700 
15360 11.7211 3098.15 104700 
15370 11.7211 3098.38 104910 
15380 11.7211 3100.65 104640 
15390 11.7211 3100.96 104520 
15400 11.7211 3102.41 104730 
15410 11.7211 3102.17 104790 
15420 11.7211 3103.83 104940 
15430 11.7211 3104.37 104910 
15440 11.7211 3104.01 104820 
15450 11.7211 3104.32 104880 
15460 11.7211 3104.45 104610 
15470 11.7211 3105.56 104550 
15480 11.7211 3107.69 105060 
15490 11.7211 3109.19 104850 
15500 11.7211 3108.39 105240 
15510 11.7211 3109.59 105030 
15520 11.7211 3111.86 104790 
15530 11.7211 3112.54 104940 
15540 11.7211 3115.35 104970 
15550 11.7211 3116.1 105000 
15560 11.7211 3117.67 105180 
15570 11.7211 3119.74 105270 
15580 11.7211 3121.09 105600 
15590 11.7211 3121.74 105420 
15600 11.7211 3120.42 105180 
15610 11.7211 3122.99 104940 
15620 11.7211 3123.73 105000 
15630 11.7211 3123.53 105180 
15640 11.7211 3124.2 105360 
15650 11.7211 3123.76 104970 
15660 11.7211 3127.28 105300 
15670 11.7211 3129.2 105330 
15680 11.7211 3131.36 105300 
15690 11.7211 3131.97 105390 
15700 11.7211 3131.59 105300 
15710 11.7211 3132.98 105300 
15720 11.7211 3134.71 105150 
15730 11.7211 3131.87 105030 
15740 11.7211 3133.79 105090 
15750 11.7211 3135.29 105210 
15760 11.7211 3138.56 105270 
15770 11.7211 3138.46 105210 
15780 11.7211 3139.67 104970 
15790 11.7211 3140.75 104760 
15800 11.7211 3142.97 104790 
15810 11.7211 3143.4 104850 
15820 11.7211 3144.49 105240 
15830 11.7211 3144.91 105180 
15840 11.7211 3145.44 105150 
15850 11.7211 3145.81 105030 
15860 11.7211 3145.35 105180 
15870 11.7211 3145.71 105420 
15880 11.7211 3146.91 105150 
15890 11.7211 3147.31 105510 
15900 11.7211 3147.83 105450 
15910 11.7211 3148.89 105540 
15920 11.7211 3149.56 105570 
15930 11.7211 3149.62 105570 
15940 11.7211 3150.13 105090 
15950 11.7211 3150.96 105300 
15960 11.7211 3152.86 105270 
15970 11.7211 3155.33 105330 
15980 11.7211 3156.42 105420 
15990 11.7211 3157.79 105660 
16000 11.7211 3158.18 105510 
16010 11.7211 3162.83 105330 
16020 11.7211 3163.81 105060 
16030 11.7211 3165.16 104910 
16040 11.7211 3164.67 105030 
16050 11.7211 3164.75 105150 
16060 11.7211 3165.58 105240 
16070 11.7211 3166.15 105360 
16080 11.7211 3167.43 105690 
16090 11.7211 3168.27 105750 
16100 11.7211 3169.45 105570 
16110 11.7211 3169.83 105600 
16120 11.7211 3169.66 105420 
16130 11.7211 3169.41 105660 
16140 11.7211 3169.67 105720 
16150 11.7211 3169.42 105420 
16160 11.7211 3167.43 105240 
16170 11.7211 3170 105120 
16180 11.7211 3171.64 105090 
16190 11.7211 3174.76 105150 
16200 11.7211 3174.76 105210 
16210 11.7211 3174.66 105420 
16220 11.7211 3174.98 105330 
16230 11.7211 3175.82 105390 
16240 11.7211 3178.71 105180 
16250 11.7211 3179.58 105390 
16260 11.7211 3180.24 105420 
16270 11.7211 3180.99 105540 
16280 11.7211 3183.57 105210 
16290 11.7211 3183.68 104970 
16300 11.7211 3184.12 104910 
16310 11.7211 3186.15 105120 
16320 11.7211 3186.53 105180 
16330 11.7211 3188.18 105240 
16340 11.7211 3190 105660 
16350 11.7211 3191.76 105810 
16360 11.7211 3192.05 105690 
16370 11.7211 3193.09 105510 
16380 11.7211 3193.86 105450 
16390 11.7211 3195.02 105390 
16400 11.7211 3195.88 105360 
16410 11.7211 3198.3 105180 
16420 11.7211 3198.72 105090 
16430 11.7211 3199.93 105180 
16440 11.7211 3201.08 105210 
16450 11.7211 3204.31 104970 
16460 11.7211 3204.94 104850 
16470 11.7211 3206.2 105060 
16480 11.7211 3208.06 105030 
16490 11.7211 3211.56 104970 
16500 11.7211 3213.44 104850 
16510 11.7211 3215.43 105090 
16520 11.7211 3216.27 105030 
16530 11.7211 3217.42 104970 
16540 11.7211 3217.35 104760 
16550 11.7211 3219.05 104640 
16560 11.7211 3218.82 104220 
16570 11.7211 3218.49 103950 
16580 11.7211 3220.02 104220 
16590 11.7211 3220.97 104340 
16600 11.7211 3221.54 104730 
16610 11.7211 3223.2 105060 
16620 11.7211 3223.63 104910 
16630 11.7211 3224.33 104670 
16640 11.7211 3225.79 104490 
16650 11.7211 3226.09 104370 
16660 11.7211 3226.85 104070 
16670 11.7211 3227.14 104070 
16680 11.7211 3228.58 104400 
16690 11.7211 3231.61 104760 
16700 11.7211 3235.66 104820 
16710 11.7211 3236.14 104970 
16720 11.7211 3236.27 104580 
16730 11.7211 3237.31 104550 
16740 11.7211 3238.75 104340 
16750 11.7211 3238.92 104370 
16760 11.7211 3242.53 104460 
16770 11.7211 3244.94 104280 
16780 11.7211 3247.01 104430 
16790 11.7211 3246.45 104490 
16800 11.7211 3247.39 104460 
16810 11.7211 3247.23 104520 
16820 11.7211 3247.67 104400 
16830 11.7211 3249.32 104340 
16840 11.7211 3253.29 104520 
16850 11.7211 3255.23 104190 
16860 11.7211 3255.33 103800 
16870 11.7211 3257.34 103860 
16880 11.7211 3257.95 103890 
16890 11.7211 3259.04 103980 
16900 11.7211 3260.02 104160 
16910 11.7211 3262.95 104070 
16920 11.7211 3265.44 104640 
16930 11.7211 3268.18 104700 
16940 11.7211 3271.12 104730 
16950 11.7211 3268.12 105300 
16960 11.7211 3269.28 105060 
16970 11.7211 3269.71 104760 
16980 11.7211 3272.26 104640 
16990 11.7211 3271.04 104730 
17000 11.7211 3270.09 104610 
17010 11.7211 3271.04 104850 
17020 11.7211 3271.12 104550 
17030 11.7211 3272.84 104880 
17040 11.7211 3272.69 104820 
17050 11.7211 3276.18 105150 
17060 11.7211 3276.39 104850 
17070 11.7211 3278.82 105120 
17080 11.7211 3280.69 104820 
17090 11.7211 3282.84 105030 
17100 11.7211 3283.35 104610 
17110 11.7211 3287.7 104730 
17120 11.7211 3291.9 104700 
17130 11.7211 3292.66 104640 
17140 11.7211 3291.98 104520 
17150 11.7211 3294.2 104700 
17160 11.7211 3293.49 104640 
17170 11.7211 3294.32 104520 
17180 11.7211 3296.98 104610 
17190 11.7211 3297.86 104430 
17200 11.7211 3300.64 104400 
17210 11.7211 3303.63 104430 
17220 11.7211 3303.73 104430 
17230 11.7211 3305.24 104520 
17240 11.7211 3305.58 104550 
17250 11.7211 3307.3 104850 
17260 11.7211 3307.45 104520 
17270 11.7211 3308.15 104430 
17280 11.7211 3308.56 104400 
17290 11.7211 3309.67 104370 
17300 11.7211 3308.32 104220 
17310 11.7211 3308.17 104490 
17320 11.7211 3308.76 104520 
17330 11.7211 3310.18 104220 
17340 11.7211 3312.39 104340 
17350 11.7211 3312.31 104400 
17360 11.7211 3312.72 104610 
17370 11.7211 3311.59 104160 
17380 11.7211 3311.98 104430 
17390 11.7211 3313.07 104610 
17400 11.7211 3314.52 104730 
17410 11.7211 3316.36 104910 
17420 11.7211 3317.09 104670 
17430 11.7211 3318.24 104700 
17440 11.7211 3318.6 104760 
17450 11.7211 3318.96 105060 
17460 11.7211 3320.65 105090 
17470 11.7211 3322.01 105180 
17480 11.7211 3322.69 104970 
17490 11.7211 3323.55 104580 
17500 11.7211 3323.02 104430 
17510 11.7211 3323.72 104550 
17520 11.7211 3324.42 104580 
17530 11.7211 3326.14 104700 
17540 11.7211 3327.48 104760 
17550 11.7211 3329.26 104880 
17560 11.7211 3330.34 104970 
17570 11.7211 3331 104880 
17580 11.7211 3331.82 104850 
17590 11.7211 3334.6 104910 
17600 11.7211 3338.39 104970 
17610 11.7211 3336.81 105150 
17620 11.7211 3339.33 105060 
17630 11.7211 3339.65 105180 
17640 11.7211 3340.58 105090 
17650 11.7211 3341.27 104940 
17660 11.7211 3343.15 104760 
17670 11.7211 3344.92 104760 
17680 11.7211 3345.38 104850 
17690 11.7211 3347.72 104790 
17700 11.7211 3349.03 104790 
17710 11.7211 3349.18 104910 
17720 11.7211 3349.85 105060 
17730 11.7211 3351.4 105240 
17740 11.7211 3351.15 105300 
17750 11.7211 3353.85 105180 
17760 11.7211 3356.8 105060 
17770 11.7211 3359.77 104790 
17780 11.7211 3361.15 104760 
17790 11.7211 3361.79 104880 
17800 11.7211 3362.59 104850 
17810 11.7211 3363.97 105120 
17820 11.7211 3365.15 105000 
17830 11.7211 3366.8 105060 
17840 11.7211 3369.35 104970 
17850 11.7211 3370.98 104910 
17860 11.7211 3371.72 104850 
17870 11.7211 3373.92 104730 
17880 11.7211 3375.07 104520 
17890 11.7211 3375.58 104400 
17900 11.7211 3375.72 104100 
17910 11.7211 3377.31 104190 
17920 11.7211 3379.27 103980 
17930 11.7211 3379.8 103710 
17940 11.7211 3380.06 104130 
17950 11.7211 3380.7 104160 
17960 11.7211 3380.72 103920 
17970 11.7211 3381.46 104430 
17980 11.7211 3383.14 104520 
17990 11.7211 3385.84 104640 
18000 11.7211 3384.36 104550 
18010 11.7211 3384.21 104400 
18020 11.7211 3383.52 104220 
18030 11.7211 3385.29 104370 
18040 11.7211 3385.9 104640 
18050 11.7211 3387.61 104610 
18060 11.7211 3390.4 104490 
18070 11.7211 3392.85 104640 
18080 11.7211 3392.88 104880 
18090 11.7211 3391.06 104940 
18100 11.7211 3390.64 104970 
18110 11.7211 3392.62 105270 
18120 11.7211 3394.8 105150 
18130 11.7211 3396.4 104760 
18140 11.7211 3397.97 104730 
18150 11.7211 3398.92 104610 
18160 11.7211 3398.42 104310 
18170 11.7211 3398.82 104280 
18180 11.7211 3399.65 103800 
18190 11.7211 3400.56 103890 
18200 11.7211 3402.34 103620 
18210 11.7211 3402.63 103800 
18220 11.7211 3401.43 103710 
18230 11.7211 3401.01 103740 
18240 11.7211 3401.66 104070 
18250 11.7211 3401.95 104130 
18260 11.7211 3402.5 104040 
18270 11.7211 3403.42 104460 
18280 11.7211 3404.95 104700 
18290 11.7211 3405.58 104640 
18300 11.7211 3406.18 104730 
18310 11.7211 3406.91 104880 
18320 11.7211 3408.83 104790 
18330 11.7211 3410.05 105030 
18340 11.7211 3410.88 104790 
18350 11.7211 3411.78 105000 
18360 11.7211 3411.66 104760 
18370 11.7211 3412.52 104550 
18380 11.7211 3413.47 104400 
18390 11.7211 3415.15 104700 
18400 11.7211 3415.44 104490 
18410 11.7211 3412.12 104700 
18420 11.7211 3412.99 104610 
18430 11.7211 3413.37 104580 
18440 11.7211 3414.37 104340 
18450 11.7211 3414.61 104520 
18460 11.7211 3416.55 104610 
18470 11.7211 3415.56 104460 
18480 11.7211 3417.17 104220 
18490 11.7211 3416.71 104670 
18500 11.7211 3417.12 104850 
18510 11.7211 3417.92 104880 
18520 11.7211 3418.59 104820 
18530 11.7211 3419.22 105000 
18540 11.7211 3418.69 104940 
18550 11.7211 3420.41 105030 
18560 11.7211 3421.65 104730 
18570 11.7211 3421.11 105030 
18580 11.7211 3421.88 104970 
18590 11.7211 3422.91 105000 
18600 11.7211 3423.66 105150 
18610 11.7211 3423.92 105000 
18620 11.7211 3424.37 104850 
18630 11.7211 3424.68 105210 
18640 11.7211 3425.99 105000 
18650 11.7211 3427.61 104850 
18660 11.7211 3428.5 104670 
18670 11.7211 3429.68 104400 
18680 11.7211 3429.17 104790 
18690 11.7211 3431.04 104910 
18700 11.7211 3431.25 104610 
18710 11.7211 3433.24 104850 
18720 11.7211 3434.22 104730 
18730 11.7211 3432.17 104730 
18740 11.7211 3431.18 104910 
18750 11.7211 3432.48 104970 
18760 11.7211 3433.16 105000 
18770 11.7211 3433.67 104850 
18780 11.7211 3434.43 104850 
18790 11.7211 3435.35 104640 
18800 11.7211 3435.98 104250 
18810 11.7211 3435.67 104520 
18820 11.7211 3431.82 104580 
18830 11.7211 3432.63 104550 
18840 11.7211 3433.55 104670 
18850 11.7211 3434.61 104580 
18860 11.7211 3434.7 104910 
18870 11.7211 3436.3 104790 
18880 11.7211 3436.04 105060 
18890 11.7211 3437.54 105000 
18900 11.7211 3437.22 104760 
18910 11.7211 3438.74 104820 
18920 11.7211 3439.09 104760 
18930 11.7211 3440.53 104550 
18940 11.7211 3442.04 104460 
18950 11.7211 3442.64 104430 
18960 11.7211 3441.86 104460 
18970 11.7211 3442.72 104580 
18980 11.7211 3443.97 104430 
18990 11.7211 3444.25 104850 
19000 11.7211 3445.07 105060 
19010 11.7211 3446.56 104940 
19020 11.7211 3445.81 104940 
19030 11.7211 3445.83 105120 
19040 11.7211 3445.89 105060 
19050 11.7211 3448.21 105330 
19060 11.7211 3450.05 105420 
19070 11.7211 3450.28 105480 
19080 11.7211 3450.55 105570 
19090 11.7211 3449.78 105510 
19100 11.7211 3451.28 105480 
19110 11.7211 3452.09 105210 
19120 11.7211 3454.82 105150 
19130 11.7211 3456.7 105360 
19140 11.7211 3457.27 105210 
19150 11.7211 3457.52 105300 
19160 11.7211 3457.16 105180 
19170 11.7211 3458.66 105240 
19180 11.7211 3459.63 105150 
19190 11.7211 3461.72 105090 
19200 11.7211 3464.44 104820 
19210 11.7211 3465.87 104850 
19220 11.7211 3466.75 104850 
19230 11.7211 3468.73 105180 
19240 11.7211 3467.69 104970 
19250 11.7211 3468.44 104820 
19260 11.7211 3469.18 104610 
19270 11.7211 3470.6 104490 
19280 11.7211 3472.24 104730 
19290 11.7211 3473.35 104790 
19300 11.7211 3475.1 104640 
19310 11.7211 3474.99 104850 
19320 11.7211 3477.28 104880 
19330 11.7211 3478.42 104940 
19340 11.7211 3479.69 104760 
19350 11.7211 3480.64 104310 
19360 11.7211 3481.92 104190 
19370 11.7211 3482.05 103980 
19380 11.7211 3482.93 104100 
19390 11.7211 3483.06 104100 
19400 11.7211 3482.16 104310 
19410 11.7211 3482.66 104670 
19420 11.7211 3483.54 104790 
19430 11.7211 3483.93 105060 
19440 11.7211 3484.21 104520 
19450 11.7211 3483.3 104760 
19460 11.7211 3483.94 104850 
19470 11.7211 3484.53 105330 
19480 11.7211 3485.29 105150 
19490 11.7211 3487.26 105030 
19500 11.7211 3488.34 105000 
19510 11.7211 3490.34 105090 
19520 11.7211 3491.19 105060 
19530 11.7211 3492.06 104820 
19540 11.7211 3492.49 104730 
19550 11.7211 3491.85 104490 
19560 11.7211 3494.88 104430 
19570 11.7211 3493.83 104190 
19580 11.7211 3495.52 104220 
19590 11.7211 3496.98 104730 
19600 11.7211 3498.55 104280 
19610 11.7211 3499.29 104310 
19620 11.7211 3499.72 104100 
19630 11.7211 3502.75 103980 
19640 11.7211 3503.82 103890 
19650 11.7211 3503.36 104040 
19660 11.7211 3505.8 104280 
19670 11.7211 3505.89 104280 
19680 11.7211 3506.5 104310 
19690 11.7211 3508.09 104340 
19700 11.7211 3507.64 104340 
19710 11.7211 3508.54 104280 
19720 11.7211 3509.07 104490 
19730 11.7211 3510.35 104550 
19740 11.7211 3511.93 104580 
19750 11.7211 3513.97 104580 
19760 11.7211 3514.88 104610 
19770 11.7211 3516.79 104760 
19780 11.7211 3516.94 104730 
19790 11.7211 3517.41 104700 
19800 11.7211 3517.89 104760 
19810 11.7211 3517.72 104670 
19820 11.7211 3519.48 104940 
19830 11.7211 3520.92 104910 
19840 11.7211 3521.6 104460 
19850 11.7211 3523.29 104880 
19860 11.7211 3524.38 104940 
19870 11.7211 3524.94 104640 
19880 11.7211 3526.38 104850 
19890 11.7211 3528.75 105000 
19900 11.7211 3528.91 104850 
19910 11.7211 3528.57 104880 
19920 11.7211 3528.82 104790 
19930 11.7211 3529.24 104730 
19940 11.7211 3529.81 104790 
19950 11.7211 3530.31 104760 
19960 11.7211 3531.68 104730 
19970 11.7211 3532.64 104820 
19980 11.7211 3534.24 104670 
19990 11.7211 3533.86 104730 
20000 11.7211 3535.19 104760 
20010 11.7211 3534.97 104970 
20020 11.7211 3536.19 104850 
20030 11.7211 3537.67 104700 
20040 11.7211 3538.7 104700 
20050 11.7211 3540.85 104640 
20060 11.7211 3542.58 104460 
20070 11.7211 3541.83 104910 
20080 11.7211 3543.09 105030 
20090 11.7211 3542.52 105120 
20100 11.7211 3542.05 105090 
20110 11.7211 3543.22 104880 
20120 11.7211 3543.35 104880 
20130 11.7211 3544.03 105060 
20140 11.7211 3546.28 105060 
20150 11.7211 3547.34 105360 
20160 11.7211 3547.54 104880 
20170 11.7211 3546.99 104970 
20180 11.7211 3546.97 105150 
20190 11.7211 3547.76 105150 
20200 11.7211 3547.63 104820 
20210 11.7211 3548.46 104580 
20220 11.7211 3548.92 104940 
20230 11.7211 3551.63 104880 
20240 11.7211 3551.22 104700 
20250 11.7211 3552.09 104820 
20260 11.7211 3550.3 104970 
20270 11.7211 3550.32 105030 
20280 11.7211 3550.9 104940 
20290 11.7211 3551.15 105000 
20300 11.7211 3552.58 105090 
20310 11.7211 3553.72 105210 
20320 11.7211 3554.59 105150 
20330 11.7211 3555.59 105480 
20340 11.7211 3555.53 105420 
20350 11.7211 3554.68 105180 
20360 11.7211 3555.28 104790 
20370 11.7211 3554.41 104820 
20380 11.7211 3555.21 104640 
20390 11.7211 3555.19 104580 
20400 11.7211 3555.35 104700 
20410 11.7211 3555.74 104550 
20420 11.7211 3556.27 104910 
20430 11.7211 3556.72 104940 
20440 11.7211 3555.94 105180 
20450 11.7211 3556.81 104940 
20460 11.7211 3557.01 104970 
20470 11.7211 3556.61 104910 
20480 11.7211 3557.29 104610 
20490 11.7211 3557.82 104850 
20500 11.7211 3559.78 104730 
20510 11.7211 3559.38 104850 
20520 11.7211 3559.57 104640 
20530 11.7211 3560.15 104940 
20540 11.7211 3560.35 104760 
20550 11.7211 3561.26 104610 
20560 11.7211 3562.2 104550 
20570 11.7211 3564.61 104280 
20580 11.7211 3565.3 104520 
20590 11.7211 3565.54 104760 
20600 11.7211 3565.89 104730 
20610 11.7211 3565.09 104670 
20620 11.7211 3564.09 104730 
20630 11.7211 3565.87 104970 
20640 11.7211 3566.89 104910 
20650 11.7211 3568.55 105090 
20660 11.7211 3569.48 105030 
20670 11.7211 3569.89 104850 
20680 11.7211 3570.93 104790 
20690 11.7211 3571.69 105180 
20700 11.7211 3571.13 104640 
20710 11.7211 3571.86 104880 
20720 11.7211 3571.93 104610 
20730 11.7211 3572.65 104490 
20740 11.7211 3573.44 104370 
20750 11.7211 3576.57 104190 
20760 11.7211 3575.91 104340 
20770 11.7211 3576.04 104160 
20780 11.7211 3577 104430 
20790 11.7211 3577.22 104820 
20800 11.7211 3577.71 104850 
20810 11.7211 3578.86 105090 
20820 11.7211 3579.19 104940 
20830 11.7211 3579.91 104730 
20840 11.7211 3580.19 104790 
20850 11.7211 3581.35 104640 
20860 11.7211 3582.44 104550 
20870 11.7211 3583.06 104610 
20880 11.7211 3583.48 104700 
20890 11.7211 3584.23 104700 
20900 11.7211 3585.11 104520 
20910 11.7211 3583.81 104580 
20920 11.7211 3584.83 104550 
20930 11.7211 3584.71 104430 
20940 11.7211 3587.26 104220 
20950 11.7211 3586.94 104310 
20960 11.7211 3588.14 104400 
20970 11.7211 3589.97 104790 
20980 11.7211 3592.18 104790 
20990 11.7211 3593.26 104580 
21000 11.7211 3594.31 104970 
21010 11.7211 3594.16 105030 
21020 11.7211 3594.1 105000 
21030 11.7211 3595.81 105000 
21040 11.7211 3596.87 105000 
21050 11.7211 3597.48 105210 
21060 11.7211 3598.06 105240 
21070 11.7211 3599.21 105000 
21080 11.7211 3599.61 104640 
21090 11.7211 3599.31 104580 
21100 11.7211 3599.81 104460 
21110 11.7211 3601.29 104640 
21120 11.7211 3601.07 104370 
21130 11.7211 3599.55 104820 
21140 11.7211 3600.02 104910 
21150 11.7211 3601.98 105150 
21160 11.7211 3602.58 105030 
21170 11.7211 3602.52 104820 
21180 11.7211 3601.49 104970 
21190 11.7211 3603.39 104940 
21200 11.7211 3603.04 104790 
21210 11.7211 3607.05 104910 
21220 11.7211 3607.8 104820 
21230 11.7211 3608.68 104490 
21240 11.7211 3609.83 104340 
21250 11.7211 3609.42 104280 
21260 11.7211 3610.07 104430 
21270 11.7211 3611.87 104580 
21280 11.7211 3611 104610 
21290 11.7211 3611.73 104760 
21300 11.7211 3611.99 105090 
21310 11.7211 3610.61 105210 
21320 11.7211 3610.81 105030 
21330 11.7211 3610.9 105120 
21340 11.7211 3611.68 105180 
21350 11.7211 3613.16 105210 
21360 11.7211 3614.2 105360 
21370 11.7211 3615.13 105240 
21380 11.7211 3616.24 105180 
21390 11.7211 3616.06 104640 
21400 11.7211 3616.69 104460 
21410 11.7211 3617.26 104250 
21420 11.7211 3617.81 103830 
21430 11.7211 3618.95 104190 
21440 11.7211 3618.75 104130 
21450 11.7211 3618.76 104340 
21460 11.7211 3619.3 104730 
21470 11.7211 3618.65 104460 
21480 11.7211 3620.04 104370 
21490 11.7211 3620.4 104340 
21500 11.7211 3621.25 104280 
21510 11.7211 3621.99 104460 
21520 11.7211 3624.59 104520 
21530 11.7211 3624.79 104340 
21540 11.7211 3625.09 104010 
21550 11.7211 3624.78 104310 
21560 11.7211 3623.46 104310 
21570 11.7211 3620.51 104370 
21580 11.7211 3622.96 104160 
21590 11.7211 3624.59 104190 
21600 11.7211 3624.53 104310 
21610 11.7211 3624.24 104520 
21620 11.7211 3624.77 104370 
21630 11.7211 3625.03 104370 
21640 11.7211 3627.36 104580 
21650 11.7211 3627.36 104820 
21660 11.7211 3630.06 104580 
21670 11.7211 3632.01 104610 
21680 11.7211 3633.41 104700 
21690 11.7211 3634.4 104550 
21700 11.7211 3634.58 104070 
21710 11.7211 3635.47 104190 
21720 11.7211 3637.11 104040 
21730 11.7211 3635.97 104040 
21740 11.7211 3638.72 104430 
21750 11.7211 3640.56 104940 
21760 11.7211 3641.31 104970 
21770 11.7211 3639.31 104940 
21780 11.7211 3637.97 104640 
21790 11.7211 3638.38 104940 
21800 11.7211 3636.75 104760 
21810 11.7211 3639.42 104730 
21820 11.7211 3642.26 104790 
21830 11.7211 3643.28 104670 
21840 11.7211 3643.91 104940 
21850 11.7211 3643.65 104580 
21860 11.7211 3644.11 104460 
21870 11.7211 3645.06 104520 
21880 11.7211 3646.29 104400 
21890 11.7211 3647.08 104730 
21900 11.7211 3648.36 104940 
21910 11.7211 3648.99 104910 
21920 11.7211 3648.71 104700 
21930 11.7211 3648.02 104400 
21940 11.7211 3649.49 104490 
21950 11.7211 3650.22 104730 
21960 11.7211 3651.46 104730 
21970 11.7211 3653.09 104730 
21980 11.7211 3654.33 104370 
21990 11.7211 3653.55 104550 
22000 11.7211 3653.77 104460 
22010 11.7211 3653.83 104520 
22020 11.7211 3654.76 104130 
22030 11.7211 3656.26 104610 
22040 11.7211 3657.38 104640 
22050 11.7211 3657.61 104790 
22060 11.7211 3656.54 104940 
22070 11.7211 3655.17 104910 
22080 11.7211 3654.09 105060 
22090 11.7211 3654.5 105300 
22100 11.7211 3654.46 105270 
22110 11.7211 3654.92 104910 
22120 11.7211 3656.1 104760 
22130 11.7211 3658.29 104700 
22140 11.7211 3657 104280 
22150 11.7211 3656.58 104460 
22160 11.7211 3656.78 104760 
22170 11.7211 3657.73 105150 
22180 11.7211 3658.95 104790 
22190 11.7211 3659.83 104790 
22200 11.7211 3660.4 104790 
22210 11.7211 3661.74 104730 
22220 11.7211 3662.62 104880 
22230 11.7211 3663.86 104640 
22240 11.7211 3664.72 104730 
22250 11.7211 3665.84 104670 
22260 11.7211 3666.93 104520 
22270 11.7211 3667.87 104790 
22280 11.7211 3668.77 104610 
22290 11.7211 3668.18 104550 
22300 11.7211 3668.88 104430 
22310 11.7211 3670.25 104460 
22320 11.7211 3671.01 104580 
22330 11.7211 3670.01 104430 
22340 11.7211 3671.02 104370 
22350 11.7211 3671.06 104310 
22360 11.7211 3671.26 104520 
22370 11.7211 3670.49 104490 
22380 11.7211 3670.24 104370 
22390 11.7211 3671.14 104760 
22400 11.7211 3671.26 104490 
22410 11.7211 3669.15 104340 
22420 11.7211 3671.25 104280 
22430 11.7211 3671.56 104310 
22440 11.7211 3671.43 104280 
22450 11.7211 3672.49 104550 
22460 11.7211 3672.92 104280 
22470 11.7211 3673.81 104580 
22480 11.7211 3674.25 104640 
22490 11.7211 3675.16 104940 
22500 11.7211 3675.42 104730 
22510 11.7211 3675.9 104850 
22520 11.7211 3676.88 104670 
22530 11.7211 3678.74 104640 
22540 11.7211 3680.51 104400 
22550 11.7211 3679.19 104490 
22560 11.7211 3679.05 104490 
22570 11.7211 3680.92 104820 
22580 11.7211 3683.23 104940 
22590 11.7211 3684.53 104760 
22600 11.7211 3685.49 104430 
22610 11.7211 3686.73 104310 
22620 11.7211 3688.33 104160 
22630 11.7211 3689.81 104490 
22640 11.7211 3691.43 104460 
22650 11.7211 3690.62 104070 
22660 11.7211 3691.56 104160 
22670 11.7211 3693.8 104550 
22680 11.7211 3695.2 104370 
22690 11.7211 3696.46 104310 
22700 11.7211 3695.95 104220 
22710 11.7211 3695.87 104100 
22720 11.7211 3696.97 104160 
22730 11.7211 3695.6 104220 
22740 11.7211 3695.85 104100 
22750 11.7211 3696.21 104370 
22760 11.7211 3699.31 104640 
22770 11.7211 3701.53 104640 
22780 11.7211 3703.74 104670 
22790 11.7211 3703.28 104700 
22800 11.7211 3704.23 104670 
22810 11.7211 3706.34 104730 
22820 11.7211 3706.48 104370 
22830 11.7211 3706.72 104340 
22840 11.7211 3707.66 104250 
22850 11.7211 3710.09 104640 
22860 11.7211 3710.39 104550 
22870 11.7211 3710.8 104580 
22880 11.7211 3709.24 104550 
22890 11.7211 3712.04 104490 
22900 11.7211 3712.84 104340 
22910 11.7211 3712.97 104430 
22920 11.7211 3712.68 104310 
22930 11.7211 3712.75 104610 
22940 11.7211 3714.43 104580 
22950 11.7211 3715.03 104580 
22960 11.7211 3711.73 104370 
22970 11.7211 3711.24 104280 
22980 11.7211 3711.59 104010 
22990 11.7211 3713.22 104100 
23000 11.7211 3713.35 104430 
23010 11.7211 3715.94 104460 
23020 11.7211 3716.87 104400 
23030 11.7211 3717.75 104340 
23040 11.7211 3718.27 104370 
23050 11.7211 3718.98 104310 
23060 11.7211 3718.67 104310 
23070 11.7211 3718.42 104280 
23080 11.7211 3720.32 104220 
23090 11.7211 3723.38 104100 
23100 11.7211 3724.17 104340 
23110 11.7211 3726.09 104460 
23120 11.7211 3727.09 104040 
23130 11.7211 3726.91 104520 
23140 11.7211 3728.64 104820 
23150 11.7211 3728.86 104820 
23160 11.7211 3728.84 104880 
23170 11.7211 3728.53 104790 
23180 11.7211 3730.48 104460 
23190 11.7211 3731.46 104460 
23200 11.7211 3732.77 104250 
23210 11.7211 3732.59 104400 
23220 11.7211 3732.86 104430 
23230 11.7211 3734.75 104400 
23240 11.7211 3737.62 104490 
23250 11.7211 3737.24 104520 
23260 11.7211 3738.62 104850 
23270 11.7211 3737.77 104880 
23280 11.7211 3738.69 104460 
23290 11.7211 3738.33 104100 
23300 11.7211 3740.66 103830 
23310 11.7211 3742.06 104220 
23320 11.7211 3742.24 104400 
23330 11.7211 3740.08 104280 
23340 11.7211 3738.48 104040 
23350 11.7211 3737.81 104460 
23360 11.7211 3737.31 104160 
23370 11.7211 3738.21 104400 
23380 11.7211 3738.27 104670 
23390 11.7211 3738.68 104640 
23400 11.7211 3741.51 104790 
23410 11.7211 3741.02 104850 
23420 11.7211 3741.38 105030 
23430 11.7211 3742.95 105330 
23440 11.7211 3743.87 105060 
23450 11.7211 3744.74 105090 
23460 11.7211 3745.7 104850 
23470 11.7211 3746.59 104910 
23480 11.7211 3748.33 104970 
23490 11.7211 3748.13 104850 
23500 11.7211 3748.62 104610 
23510 11.7211 3748.87 104520 
23520 11.7211 3748.82 104580 
23530 11.7211 3749.83 104640 
23540 11.7211 3750.58 104370 
23550 11.7211 3750.3 104160 
23560 11.7211 3752.08 104280 
23570 11.7211 3753.83 104550 
23580 11.7211 3754.6 104460 
23590 11.7211 3754.99 104730 
23600 11.7211 3756.01 104490 
23610 11.7211 3757.29 104310 
23620 11.7211 3758.33 104430 
23630 11.7211 3759 104490 
23640 11.7211 3759.42 104250 
23650 11.7211 3759.94 104640 
23660 11.7211 3761.79 104370 
23670 11.7211 3763.45 104460 
23680 11.7211 3764.69 104580 
23690 11.7211 3765.21 104580 
23700 11.7211 3766.37 104460 
23710 11.7211 3766.45 104730 
23720 11.7211 3767.95 104730 
23730 11.7211 3768.35 104820 
23740 11.7211 3768.36 104460 
23750 11.7211 3771 104610 
23760 11.7211 3772.15 104850 
23770 11.7211 3772.06 104700 
23780 11.7211 3772.87 104820 
23790 11.7211 3775.17 105210 
23800 11.7211 3775.54 104880 
23810 11.7211 3775.25 105000 
23820 11.7211 3777.27 105030 
23830 11.7211 3777.23 105120 
23840 11.7211 3777.57 104850 
23850 11.7211 3778.26 104760 
23860 11.7211 3780.48 104520 
23870 11.7211 3781.6 104490 
23880 11.7211 3781.84 104670 
23890 11.7211 3781.77 104580 
23900 11.7211 3779.87 104520 
23910 11.7211 3780.48 104700 
23920 11.7211 3782.3 104490 
23930 11.7211 3783.25 104580 
23940 11.7211 3783.42 104520 
23950 11.7211 3784.65 104490 
23960 11.7211 3785.29 104670 
23970 11.7211 3784.06 104430 
23980 11.7211 3784.91 104280 
23990 11.7211 3785.77 104640 
24000 11.7211 3786 104760 
24010 11.7211 3787.08 104910 
24020 11.7211 3787.97 104790 
24030 11.7211 3788.09 105090 
24040 11.7211 3788.74 104910 
24050 11.7211 3788.05 104910 
24060 11.7211 3789.24 105060 
24070 11.7211 3790.46 105030 
24080 11.7211 3791.25 104820 
24090 11.7211 3792.06 104670 
24100 11.7211 3791.78 104790 
24110 11.7211 3792.59 104760 
24120 11.7211 3793.91 104850 
24130 11.7211 3794.71 104610 
24140 11.7211 3795.27 104760 
24150 11.7211 3796.84 104640 
24160 11.7211 3797.68 104880 
24170 11.7211 3797.85 104610 
24180 11.7211 3799.32 104280 
24190 11.7211 3800.36 104640 
24200 11.7211 3800.89 104460 
24210 11.7211 3801.29 104370 
24220 11.7211 3802.55 104520 
24230 11.7211 3803.72 104850 
24240 11.7211 3804.87 104520 
24250 11.7211 3805.43 104490 
24260 11.7211 3805.71 104490 
24270 11.7211 3807.43 104790 
24280 11.7211 3808.46 104790 
24290 11.7211 3809.71 104970 
24300 11.7211 3810.7 105180 
24310 11.7211 3810.88 105210 
24320 11.7211 3811.12 105210 
24330 11.7211 3812.4 105210 
24340 11.7211 3811.35 104940 
24350 11.7211 3812.6 105150 
24360 11.7211 3813.79 105090 
24370 11.7211 3814.93 105180 
24380 11.7211 3814.15 105210 
24390 11.7211 3814.48 105150 
24400 11.7211 3814.64 105090 
24410 11.7211 3813.3 104850 
24420 11.7211 3812.67 105210 
24430 11.7211 3814.86 105360 
24440 11.7211 3815.71 105300 
24450 11.7211 3816.72 105240 
24460 11.7211 3816.84 105000 
24470 11.7211 3817.63 104970 
24480 11.7211 3819.01 104730 
24490 11.7211 3819.02 104760 
24500 11.7211 3820.34 104670 
24510 11.7211 3822.7 104460 
24520 11.7211 3823.14 104640 
24530 11.7211 3825.1 104640 
24540 11.7211 3825.38 104850 
24550 11.7211 3826.86 104790 
24560 11.7211 3824.78 104580 
24570 11.7211 3823.63 104430 
24580 11.7211 3824.3 104370 
24590 11.7211 3825.81 104340 
24600 11.7211 3826.01 104370 
24610 11.7211 3823.85 104610 
24620 11.7211 3824.22 104550 
24630 11.7211 3825.05 104400 
24640 11.7211 3825.91 104400 
24650 11.7211 3825.35 104280 
24660 11.7211 3823.86 104490 
24670 11.7211 3824.66 104640 
24680 11.7211 3826.15 104790 
24690 11.7211 3827.55 104940 
24700 11.7211 3827.98 104760 
24710 11.7211 3828.55 104520 
24720 11.7211 3829.03 105000 
24730 11.7211 3828.55 104790 
24740 11.7211 3828.26 104790 
24750 11.7211 3829.18 104760 
24760 11.7211 3830.7 104760 
24770 11.7211 3831.23 105030 
24780 11.7211 3832.6 105060 
24790 11.7211 3831.7 104910 
24800 11.7211 3832.04 105060 
24810 11.7211 3832.63 105120 
24820 11.7211 3833.22 104970 
24830 11.7211 3831.78 104970 
24840 11.7211 3831.11 104610 
24850 11.7211 3832.09 104640 
24860 11.7211 3832.42 104520 
24870 11.7211 3835.21 104550 
24880 11.7211 3835.53 104700 
24890 11.7211 3835.39 105000 
24900 11.7211 3835.08 104880 
24910 11.7211 3834.85 104970 
24920 11.7211 3836.06 104700 
24930 11.7211 3836.58 104460 
24940 11.7211 3836.92 104610 
24950 11.7211 3838.73 105150 
24960 11.7211 3839.5 105030 
24970 11.7211 3841.23 105000 
24980 11.7211 3841.3 105060 
24990 11.7211 3840.08 105180 
25000 11.7211 3841.29 105120 
