# Avida time data
# Thu Jan 26 19:14:06 2017
#  1: update
#  2: avida time
#  3: average generation
#  4: num_executed?

0 0 0 30 
10 0.103093 0 30 
20 0.206186 1 60 
30 0.309278 2 120 
40 0.412371 3 210 
50 0.515464 3.22222 240 
60 0.618297 4 480 
70 0.721436 5 870 
80 0.824318 5.87234 1260 
90 0.927025 6.23077 1470 
100 1.02952 6.95775 2130 
110 1.13284 7.91919 2970 
120 1.23555 8.84091 3780 
130 1.33838 9.45205 4260 
140 1.44077 9.93373 4950 
150 1.54341 10.8578 6120 
160 1.64598 11.8008 7350 
170 1.74845 12.4291 8040 
180 1.85085 12.9383 9120 
190 1.9528 13.7806 10770 
200 2.05484 14.7338 12450 
210 2.15729 15.5254 13860 
220 2.25906 16.0338 14910 
230 2.3609 16.7796 16740 
240 2.4624 17.738 18750 
250 2.56363 18.492 20400 
260 2.66421 19.0877 21570 
270 2.76478 19.7746 23760 
280 2.86541 20.6929 26250 
290 2.96517 21.4488 28110 
300 3.06505 22.0505 30030 
310 3.16433 22.7474 32190 
320 3.26309 23.5823 34500 
330 3.36159 24.3457 36840 
340 3.45873 24.9533 38850 
350 3.55499 25.665 41250 
360 3.65109 26.5219 44190 
370 3.74691 27.2283 46920 
380 3.84231 27.8437 49260 
390 3.93785 28.6114 52440 
400 4.03344 29.3409 55260 
410 4.12857 30.0278 57900 
420 4.22308 30.6958 60780 
430 4.31716 31.472 63900 
440 4.41111 32.1626 66900 
450 4.50502 32.8392 69750 
460 4.59873 33.5804 73560 
470 4.69174 34.315 76830 
480 4.78382 34.9895 79830 
490 4.87556 35.6847 83610 
500 4.96738 36.4526 87120 
510 5.059 37.0953 90090 
520 5.15087 37.7645 93150 
530 5.24304 38.5217 95760 
540 5.33535 39.1988 97530 
550 5.42734 39.8707 99360 
560 5.519 40.5668 101100 
570 5.61063 41.2744 102360 
580 5.70255 41.9499 103500 
590 5.79446 42.6348 104250 
600 5.88628 43.3678 105420 
610 5.97795 44.0214 106290 
620 6.06982 44.7325 106800 
630 6.16164 45.4344 107310 
640 6.25327 46.1231 107700 
650 6.34446 46.8041 107820 
660 6.43555 47.5179 107850 
670 6.52668 48.192 107760 
680 6.61785 48.8985 107910 
690 6.70934 49.6129 107910 
700 6.80103 50.2893 107940 
710 6.89261 50.983 107940 
720 6.98413 51.6574 107970 
730 7.07592 52.3657 107880 
740 7.16782 53.0795 108000 
750 7.25987 53.7756 107760 
760 7.35205 54.4739 107880 
770 7.44403 55.1779 107910 
780 7.53563 55.9138 107910 
790 7.62719 56.6062 107940 
800 7.7191 57.2909 107970 
810 7.81102 57.9861 107970 
820 7.90298 58.6699 107910 
830 7.99509 59.3803 107910 
840 8.08724 60.0735 107820 
850 8.17936 60.7696 107820 
860 8.27168 61.5089 107850 
870 8.36401 62.195 107880 
880 8.45607 62.9147 107880 
890 8.54824 63.6234 107850 
900 8.64062 64.2946 107910 
910 8.73326 65.0228 107940 
920 8.82551 65.738 107910 
930 8.9177 66.4305 107940 
940 9.00954 67.1179 107910 
950 9.10103 67.8477 107880 
960 9.19214 68.5538 107820 
970 9.28325 69.2302 107940 
980 9.37436 69.9764 107910 
990 9.46548 70.6672 107880 
1000 9.55679 71.3387 108000 
1010 9.6476 72.0428 107940 
1020 9.73849 72.7387 107970 
1030 9.83004 73.4312 107820 
1040 9.92185 74.1479 107880 
1050 10.0136 74.8871 107910 
1060 10.1053 75.5841 107910 
1070 10.1972 76.291 107850 
1080 10.289 77.0356 107940 
1090 10.3809 77.7328 107850 
1100 10.4728 78.4551 107880 
1110 10.5648 79.1745 107940 
1120 10.657 79.9127 107880 
1130 10.7493 80.6205 107880 
1140 10.8418 81.3543 108000 
1150 10.9348 82.0331 107970 
1160 11.028 82.7667 107910 
1170 11.1217 83.4964 107940 
1180 11.2157 84.2181 107970 
1190 11.3096 84.9226 107820 
1200 11.4032 85.659 107910 
1210 11.4964 86.401 107790 
1220 11.5892 87.1288 107850 
1230 11.682 87.8443 107910 
1240 11.775 88.5752 107820 
1250 11.8682 89.3162 108000 
1260 11.9618 90.0512 107910 
1270 12.0555 90.7345 107910 
1280 12.1492 91.4739 107910 
1290 12.243 92.2397 107910 
1300 12.3371 92.9552 107880 
1310 12.431 93.6633 107820 
1320 12.5245 94.3799 107940 
1330 12.6181 95.1231 107910 
1340 12.7121 95.8074 107940 
1350 12.806 96.5195 107970 
1360 12.9001 97.2513 107910 
1370 12.9941 97.9594 107970 
1380 13.0881 98.6881 107880 
1390 13.1816 99.4166 107910 
1400 13.2747 100.135 107970 
1410 13.3677 100.851 107880 
1420 13.4606 101.541 107940 
1430 13.5536 102.245 107850 
1440 13.6468 103.009 107970 
1450 13.7402 103.737 107850 
1460 13.8331 104.456 107940 
1470 13.9261 105.214 107850 
1480 14.0193 105.97 107880 
1490 14.1128 106.719 107940 
1500 14.2063 107.489 107820 
1510 14.3001 108.258 107910 
1520 14.3948 109.036 107910 
1530 14.4895 109.78 107970 
1540 14.584 110.54 107910 
1550 14.6782 111.245 107880 
1560 14.7725 112.05 107910 
1570 14.8667 112.767 107940 
1580 14.9613 113.443 108000 
1590 15.0559 114.141 108000 
1600 15.1503 114.887 107940 
1610 15.2449 115.677 107880 
1620 15.3395 116.387 107880 
1630 15.4341 117.197 107910 
1640 15.5288 117.96 107940 
1650 15.6236 118.684 107940 
1660 15.7181 119.411 107790 
1670 15.8131 120.148 107880 
1680 15.9077 120.901 107880 
1690 16.0021 121.637 107910 
1700 16.0963 122.413 107820 
1710 16.191 123.203 107940 
1720 16.2856 123.942 107940 
1730 16.3802 124.702 107850 
1740 16.4743 125.498 107910 
1750 16.5681 126.33 107970 
1760 16.6627 127.073 107910 
1770 16.7577 127.815 107910 
1780 16.8525 128.618 107910 
1790 16.9472 129.397 107910 
1800 17.0421 130.168 107910 
1810 17.1371 130.958 108000 
1820 17.2322 131.705 107910 
1830 17.327 132.438 107910 
1840 17.4218 133.182 107970 
1850 17.5165 134.026 107850 
1860 17.6117 134.732 107850 
1870 17.7072 135.405 107850 
1880 17.8025 136.226 107820 
1890 17.8975 136.987 107910 
1900 17.9927 137.801 107850 
1910 18.0884 138.575 107880 
1920 18.1843 139.37 107910 
1930 18.28 140.195 107910 
1940 18.3759 141.055 107820 
1950 18.4719 141.748 107880 
1960 18.5679 142.498 107940 
1970 18.6632 143.313 107910 
1980 18.7584 144.055 108000 
1990 18.8535 144.79 107940 
2000 18.9486 145.579 107910 
2010 19.0438 146.295 107910 
2020 19.1388 147.152 107910 
2030 19.2342 147.904 107910 
2040 19.3297 148.73 107940 
2050 19.4247 149.489 107940 
2060 19.5198 150.316 107970 
2070 19.6148 151.075 107910 
2080 19.71 151.82 107880 
2090 19.8051 152.627 107880 
2100 19.9001 153.403 107880 
2110 19.9953 154.192 107880 
2120 20.0908 155.004 107940 
2130 20.1865 155.893 107910 
2140 20.2817 156.674 107940 
2150 20.3766 157.394 107910 
2160 20.4715 158.242 107880 
2170 20.5671 159.096 107910 
2180 20.6625 159.861 107880 
2190 20.7582 160.764 107910 
2200 20.8543 161.629 107880 
2210 20.9502 162.382 108000 
2220 21.0459 163.17 107910 
2230 21.1412 163.978 107910 
2240 21.2364 164.879 107910 
2250 21.332 165.616 107850 
2260 21.4277 166.354 108000 
2270 21.5233 167.152 107820 
2280 21.6187 168.103 107910 
2290 21.7147 168.917 107970 
2300 21.811 169.736 107880 
2310 21.9077 170.528 107970 
2320 22.0042 171.352 107940 
2330 22.1005 172.223 107850 
2340 22.1969 172.972 107850 
2350 22.2938 173.724 107940 
2360 22.3907 174.627 107910 
2370 22.4869 175.526 107970 
2380 22.5834 176.305 107850 
2390 22.6803 177.095 107940 
2400 22.7766 177.936 107820 
2410 22.8733 178.76 107910 
2420 22.9701 179.667 107970 
2430 23.0664 180.522 107850 
2440 23.163 181.27 107880 
2450 23.2596 182.132 107910 
2460 23.3569 182.942 107850 
2470 23.4536 183.911 107970 
2480 23.5502 184.786 108000 
2490 23.6462 185.784 107850 
2500 23.743 186.773 107910 
2510 23.84 187.613 107760 
2520 23.9363 188.536 107880 
2530 24.0327 189.371 107880 
2540 24.1297 190.288 107880 
2550 24.2268 191.167 107910 
2560 24.324 191.998 107970 
2570 24.421 192.885 107880 
2580 24.518 193.894 107940 
2590 24.6149 194.8 107910 
2600 24.712 195.808 107910 
2610 24.8094 196.714 107790 
2620 24.9069 197.696 107880 
2630 25.0037 198.564 107910 
2640 25.1008 199.557 107880 
2650 25.1981 200.466 107970 
2660 25.2953 201.366 107880 
2670 25.3919 202.344 107910 
2680 25.4887 203.153 107970 
2690 25.5858 204.05 107940 
2700 25.6825 205.1 107850 
2710 25.7796 206.136 107880 
2720 25.876 207.188 107850 
2730 25.9727 207.898 107970 
2740 26.069 209.121 107910 
2750 26.1663 210.065 107850 
2760 26.2624 211.179 107790 
2770 26.3585 212.246 107940 
2780 26.4533 213.224 107910 
2790 26.5484 214.486 107850 
2800 26.6435 215.48 107940 
2810 26.7372 216.375 107910 
2820 26.8317 217.445 107940 
2830 26.926 218.885 107910 
2840 27.0191 220.022 107880 
2850 27.1107 221.173 107940 
2860 27.2008 222.353 107970 
2870 27.2909 223.298 107820 
2880 27.3801 224.798 107820 
2890 27.4673 225.919 107880 
2900 27.5549 226.992 107910 
2910 27.6396 228.485 107820 
2920 27.7222 230.047 107880 
2930 27.8027 231.418 107910 
2940 27.8826 232.867 107880 
2950 27.9598 234.692 107850 
2960 28.0367 236.303 107790 
2970 28.112 238.07 107820 
2980 28.1878 239.704 107940 
2990 28.2625 241.326 107910 
3000 28.339 242.83 107910 
3010 28.4053 244.68 107730 
3020 28.4669 246.777 107730 
3030 28.5202 249.634 107820 
3040 28.5708 253.282 107610 
3050 28.6076 256.318 107700 
3060 28.6467 259.515 107610 
3070 28.6908 262.757 107700 
3080 28.723 266.261 107640 
3090 28.7474 270.052 107580 
3100 28.7724 274.14 107520 
3110 28.7949 277.878 107280 
3120 28.8134 282.302 107430 
3130 28.8332 285.973 107190 
3140 28.8483 290.097 107400 
3150 28.8642 294.349 107010 
3160 28.8757 301.909 107250 
3170 28.888 305.332 106680 
3180 28.8966 309.143 106470 
3190 28.9077 314.239 107040 
3200 28.918 319.036 107040 
3210 28.9272 324.979 107130 
3220 28.9342 330.352 107460 
3230 28.942 335.403 107160 
3240 28.9487 339.613 106680 
3250 28.956 345.508 107340 
3260 28.9614 350.484 106950 
3270 28.9669 355.387 106980 
3280 28.9722 361.11 107400 
3290 28.9775 364.755 106830 
3300 28.9817 369.257 107190 
3310 28.9857 374.489 107310 
3320 28.9896 379.648 107310 
3330 28.9933 385.794 107190 
3340 28.9968 391.385 107220 
3350 29.0004 395.428 107190 
3360 29.0037 400.186 107010 
3370 29.0071 406.303 107250 
3380 29.0102 410.966 107220 
3390 29.0129 415.639 106800 
3400 29.0157 421.062 107070 
3410 29.0188 425.344 107010 
3420 29.0217 429.339 107280 
3430 29.0246 434.84 107340 
3440 29.0276 440.065 106980 
3450 29.0301 446.073 107040 
3460 29.033 450.298 107100 
3470 29.0354 453.733 107010 
3480 29.0379 457.034 107100 
3490 29.0404 460.28 107070 
3500 29.0428 464.355 107400 
3510 29.0448 468.436 107160 
3520 29.0465 472.024 106770 
3530 29.0467 475.443 107220 
3540 29.0468 478.106 107100 
3550 29.0468 483.907 107130 
3560 29.0468 487.508 107190 
3570 29.0468 490.775 107160 
3580 29.0468 494.229 107340 
3590 29.0468 500.246 107160 
3600 29.0468 503.221 107190 
3610 29.0468 505.803 107250 
3620 29.0468 510.59 107520 
3630 29.0469 513.099 107490 
3640 29.0469 516.2 107160 
3650 29.0469 517.799 107340 
3660 29.0469 522.621 107160 
3670 29.0469 525.841 107250 
3680 29.0469 531.219 107010 
3690 29.0469 535.865 107220 
3700 29.0469 542.207 107280 
3710 29.0469 545.185 107070 
3720 29.0469 550.158 106740 
3730 29.0469 556.173 106980 
3740 29.0469 560.223 107190 
3750 29.0469 565.061 107190 
3760 29.0469 570.16 106650 
3770 29.0469 574.293 107190 
3780 29.0469 579.325 107130 
3790 29.0469 583.616 107040 
3800 29.0469 586.15 107100 
3810 29.0469 590.065 107070 
3820 29.0469 594.05 107100 
3830 29.0469 596.4 106980 
3840 29.0469 600.774 107190 
3850 29.047 604.405 107010 
3860 29.047 609.275 106650 
3870 29.047 613.942 106710 
3880 29.047 615.014 106590 
3890 29.047 619.356 106530 
3900 29.047 624.893 106470 
3910 29.047 633.37 106590 
3920 29.047 639.029 106410 
3930 29.047 645.459 106620 
3940 29.047 650.703 106110 
3950 29.047 655.422 106260 
3960 29.047 661.265 106500 
3970 29.047 665.598 106080 
3980 29.047 673.467 106020 
3990 29.047 677.682 105870 
4000 29.047 685.031 106380 
4010 29.047 689.725 106200 
4020 29.047 694.213 106170 
4030 29.047 698.009 106080 
4040 29.047 703.028 105960 
4050 29.047 710.886 105600 
4060 29.047 716.13 105870 
4070 29.047 725.015 105840 
4080 29.047 730.293 105690 
4090 29.047 733.796 105720 
4100 29.047 742.082 106020 
4110 29.047 744.011 105840 
4120 29.047 746.982 105690 
4130 29.047 753.67 105840 
4140 29.047 758.474 106140 
4150 29.047 760.384 105780 
4160 29.047 766.769 105930 
4170 29.047 772.716 105870 
4180 29.047 778.418 106020 
4190 29.047 782.808 105720 
4200 29.047 788.801 105960 
4210 29.047 790.752 105870 
4220 29.047 795.598 105690 
4230 29.047 800.261 105510 
4240 29.047 803.963 105240 
4250 29.047 807.346 105570 
4260 29.047 810.83 105900 
4270 29.047 813.962 105960 
4280 29.047 816.384 105810 
4290 29.047 822.635 105870 
4300 29.047 826.196 105660 
4310 29.047 829.932 105750 
4320 29.047 832.665 105750 
4330 29.047 838.03 106020 
4340 29.047 842.286 105990 
4350 29.047 844.724 105870 
4360 29.047 850.097 106050 
4370 29.047 854.784 106050 
4380 29.047 857.42 105450 
4390 29.047 859.519 105240 
4400 29.047 864.302 105450 
4410 29.047 868.637 105690 
4420 29.047 871.938 105750 
4430 29.047 875.501 106200 
4440 29.047 880.235 106110 
4450 29.047 882.663 106200 
4460 29.047 884.983 105660 
4470 29.047 888.193 105690 
4480 29.047 890.015 105540 
4490 29.047 893.768 105240 
4500 29.047 897.043 104910 
4510 29.047 899.196 105240 
4520 29.047 900.494 105540 
4530 29.047 904.412 105960 
4540 29.047 907.184 105600 
4550 29.047 909.973 105840 
4560 29.047 914.126 105480 
4570 29.047 916.192 105630 
4580 29.047 920.186 105600 
4590 29.047 923.093 105660 
4600 29.047 924.782 105870 
4610 29.047 927.794 105870 
4620 29.047 929.317 105780 
4630 29.047 931.287 106110 
4640 29.047 934.498 106320 
4650 29.047 938.419 106590 
4660 29.047 938.062 106080 
4670 29.047 943.041 106290 
4680 29.047 947.936 106140 
4690 29.047 950.135 106080 
4700 29.047 951.651 106290 
4710 29.047 953.443 106560 
4720 29.047 956.589 106380 
4730 29.047 959.886 106350 
4740 29.047 966.661 106140 
4750 29.047 968.03 106170 
4760 29.047 970.321 106530 
4770 29.047 972.666 106470 
4780 29.047 974.972 106170 
4790 29.047 977.522 105990 
4800 29.047 979.701 106140 
4810 29.047 980.097 106320 
4820 29.047 981.091 106230 
4830 29.047 983.097 106470 
4840 29.047 984.389 106050 
4850 29.047 985.897 106170 
4860 29.047 986.594 106050 
4870 29.047 988.186 106350 
4880 29.047 990.017 106320 
4890 29.047 990.798 106170 
4900 29.047 991.766 106050 
4910 29.047 992.913 106350 
4920 29.047 994.555 106110 
4930 29.047 997.805 105720 
4940 29.047 999.903 105720 
4950 29.047 1002.12 105540 
4960 29.047 1002.88 105750 
4970 29.047 1004.78 106140 
4980 29.047 1005.39 105990 
4990 29.047 1005.52 105870 
5000 29.047 1006.76 105720 
5010 29.047 1008.51 105990 
5020 29.047 1008.93 106200 
5030 29.047 1009.03 106200 
5040 29.047 1009.24 106230 
5050 29.047 1010.27 105960 
5060 29.047 1013.38 106200 
5070 29.047 1015.54 106470 
5080 29.047 1016.77 106530 
5090 29.047 1021.28 106800 
5100 29.047 1022.17 106710 
5110 29.047 1023.66 106350 
5120 29.047 1024.81 105960 
5130 29.047 1025.31 105780 
5140 29.047 1026.43 105810 
5150 29.047 1027.19 106020 
5160 29.047 1028.5 105960 
5170 29.047 1029.62 106260 
5180 29.047 1031.6 106200 
5190 29.047 1033.35 106380 
5200 29.047 1033.08 106050 
5210 29.047 1035.85 106110 
5220 29.047 1037.21 106050 
5230 29.047 1038.93 106020 
5240 29.047 1040.11 105930 
5250 29.047 1041.44 106290 
5260 29.047 1041.29 106530 
5270 29.047 1042.76 106680 
5280 29.047 1043.15 106440 
5290 29.047 1045.26 106230 
5300 29.047 1047.34 106350 
5310 29.047 1048.46 106440 
5320 29.047 1049.74 106110 
5330 29.047 1051.24 105990 
5340 29.047 1051.72 105870 
5350 29.047 1053.14 106170 
5360 29.047 1055.64 106380 
5370 29.047 1057.1 106470 
5380 29.047 1055.65 106440 
5390 29.047 1056.48 106350 
5400 29.047 1057.27 106080 
5410 29.047 1057.44 105990 
5420 29.047 1058.02 106020 
5430 29.047 1059.29 106110 
5440 29.047 1060.17 105570 
5450 29.047 1060.8 105720 
5460 29.047 1061.43 105690 
5470 29.047 1062.21 106050 
5480 29.047 1064.02 106170 
5490 29.047 1065.99 106020 
5500 29.047 1068.23 105960 
5510 29.047 1068.17 106050 
5520 29.047 1068.97 105870 
5530 29.047 1068.9 106080 
5540 29.047 1069.66 106140 
5550 29.047 1071.32 105780 
5560 29.047 1072.48 105780 
5570 29.047 1074.27 106230 
5580 29.047 1074.53 106140 
5590 29.047 1076 106290 
5600 29.047 1077.84 106440 
5610 29.047 1080.61 106410 
5620 29.047 1081.79 106260 
5630 29.047 1085.92 106320 
5640 29.047 1086.73 105990 
5650 29.047 1086.11 105840 
5660 29.047 1086.3 105750 
5670 29.047 1088.83 105660 
5680 29.047 1089.59 105270 
5690 29.047 1091.4 105930 
5700 29.047 1094.14 105840 
5710 29.047 1094.51 106080 
5720 29.047 1095.77 106140 
5730 29.047 1098.24 105720 
5740 29.047 1100.64 105660 
5750 29.047 1102.08 105780 
5760 29.047 1104.61 106080 
5770 29.047 1104.76 106230 
5780 29.047 1105.36 106110 
5790 29.047 1106.74 106290 
5800 29.047 1109.28 106650 
5810 29.047 1110.75 106800 
5820 29.047 1111.7 106260 
5830 29.047 1110.76 106350 
5840 29.047 1111.73 106470 
5850 29.047 1115.36 106170 
5860 29.047 1115.93 106260 
5870 29.047 1119.39 106020 
5880 29.047 1120.4 105990 
5890 29.047 1121.09 105840 
5900 29.047 1121.08 105990 
5910 29.047 1121.57 106080 
5920 29.047 1122.16 106260 
5930 29.047 1123.5 106140 
5940 29.047 1123.08 106470 
5950 29.047 1124.89 106320 
5960 29.047 1125.5 106290 
5970 29.047 1127.19 106440 
5980 29.047 1127.55 106350 
5990 29.047 1129.54 106290 
6000 29.047 1131.6 106350 
6010 29.047 1131.19 105960 
6020 29.047 1134.42 105990 
6030 29.047 1134.4 106320 
6040 29.047 1134.79 106410 
6050 29.047 1135.38 106500 
6060 29.047 1136.84 106530 
6070 29.047 1137.02 106620 
6080 29.047 1137.74 106350 
6090 29.047 1138.89 106530 
6100 29.047 1140.9 106170 
6110 29.047 1142.14 106290 
6120 29.047 1142.66 106590 
6130 29.047 1143.15 106320 
6140 29.047 1143.22 106260 
6150 29.047 1144.7 106590 
6160 29.047 1145.77 106590 
6170 29.047 1145.49 106410 
6180 29.047 1146.71 106440 
6190 29.047 1146.86 106650 
6200 29.047 1147.27 106650 
6210 29.047 1148.05 106380 
6220 29.047 1147.51 106380 
6230 29.047 1150.08 106470 
6240 29.047 1150.48 106440 
6250 29.047 1151.55 106440 
6260 29.047 1152.83 106650 
6270 29.047 1155.34 106320 
6280 29.047 1156.83 106470 
6290 29.047 1157.08 106530 
6300 29.047 1159.05 106740 
6310 29.047 1159.9 106320 
6320 29.047 1161.1 106170 
6330 29.047 1162.97 106320 
6340 29.047 1163.37 105960 
6350 29.047 1164.09 106350 
6360 29.047 1164.11 106530 
6370 29.047 1166.28 106230 
6380 29.047 1166.92 106350 
6390 29.047 1169.42 106620 
6400 29.047 1168.22 106110 
6410 29.047 1168.85 105960 
6420 29.047 1169.32 106020 
6430 29.047 1172.84 105960 
6440 29.047 1174.98 105990 
6450 29.047 1176.15 106140 
6460 29.047 1176.48 106080 
6470 29.047 1176.57 106290 
6480 29.047 1176.77 106170 
6490 29.047 1177.82 106230 
6500 29.047 1179.14 106470 
6510 29.047 1179.16 106680 
6520 29.047 1179.65 106710 
6530 29.047 1178.85 106500 
6540 29.047 1179.65 106530 
6550 29.047 1180.93 106470 
6560 29.047 1180.36 106650 
6570 29.047 1182.92 106320 
6580 29.047 1185.04 106260 
6590 29.047 1185.45 106470 
6600 29.047 1185.97 106320 
6610 29.047 1188.41 106440 
6620 29.047 1188.73 106350 
6630 29.047 1189.29 106380 
6640 29.047 1190.07 106500 
6650 29.047 1190.42 106410 
6660 29.047 1190.3 106380 
6670 29.047 1191.67 106530 
6680 29.047 1191 106440 
6690 29.047 1192.43 106260 
6700 29.047 1191.88 106620 
6710 29.047 1193.28 106500 
6720 29.047 1192.9 106320 
6730 29.047 1194.37 106440 
6740 29.047 1196.81 106650 
6750 29.047 1198.23 106440 
6760 29.047 1199.03 106260 
6770 29.047 1199.51 106140 
6780 29.047 1199.93 106230 
6790 29.047 1200.52 106080 
6800 29.047 1200.07 106110 
6810 29.047 1201.59 106110 
6820 29.047 1201.94 105960 
6830 29.047 1203.3 105960 
6840 29.047 1203.59 106230 
6850 29.047 1202.83 106770 
6860 29.047 1203.18 106380 
6870 29.047 1205.51 106320 
6880 29.047 1208.83 106140 
6890 29.047 1209.45 106080 
6900 29.047 1211.3 106110 
6910 29.047 1213.73 106110 
6920 29.047 1214.65 105990 
6930 29.047 1215.06 106170 
6940 29.047 1217.94 106020 
6950 29.047 1217.17 106230 
6960 29.047 1217.45 106290 
6970 29.047 1220.04 106350 
6980 29.047 1220.1 106140 
6990 29.047 1221.2 106410 
7000 29.047 1221.54 106260 
7010 29.047 1222.01 106500 
7020 29.047 1221.76 106680 
7030 29.047 1224.21 106410 
7040 29.047 1226.66 106140 
7050 29.047 1228.34 106200 
7060 29.047 1228.47 106320 
7070 29.047 1231.44 106110 
7080 29.047 1230.76 105870 
7090 29.047 1231.47 106020 
7100 29.047 1232.09 106170 
7110 29.047 1232.29 106140 
7120 29.047 1232.73 106110 
7130 29.047 1233.02 106230 
7140 29.047 1233.13 105900 
7150 29.047 1236.34 106020 
7160 29.047 1236.45 106050 
7170 29.047 1238.69 106050 
7180 29.047 1238.07 105840 
7190 29.047 1239.25 106140 
7200 29.047 1239.69 106200 
7210 29.047 1240.48 106110 
7220 29.047 1243.05 106710 
7230 29.047 1243.02 106680 
7240 29.047 1245.28 106650 
7250 29.047 1246.33 106320 
7260 29.047 1247.1 106380 
7270 29.047 1247.11 106530 
7280 29.047 1247.73 106500 
7290 29.047 1247.82 106680 
7300 29.047 1249.32 106440 
7310 29.047 1249.24 106470 
7320 29.047 1248.64 106110 
7330 29.047 1251.97 106020 
7340 29.047 1255.7 106320 
7350 29.047 1258.02 106140 
7360 29.047 1261.96 106080 
7370 29.047 1262.2 106110 
7380 29.047 1262.15 106050 
7390 29.047 1263.09 106230 
7400 29.047 1263.7 106170 
7410 29.047 1266.05 106320 
7420 29.047 1265.4 106080 
7430 29.047 1266.49 106290 
7440 29.047 1266.84 106290 
7450 29.047 1269.07 106620 
7460 29.047 1266.67 106620 
7470 29.047 1267.31 106680 
7480 29.047 1269.35 106740 
7490 29.047 1272.58 106860 
7500 29.047 1274.24 106950 
7510 29.047 1277.59 106740 
7520 29.047 1278.13 106860 
7530 29.047 1277.52 106500 
7540 29.047 1277.78 106260 
7550 29.047 1279.01 106470 
7560 29.047 1280.11 106620 
7570 29.047 1282.04 106530 
7580 29.047 1282.77 106500 
7590 29.047 1282.83 106740 
7600 29.047 1282.01 106770 
7610 29.047 1283.25 106500 
7620 29.047 1283.86 106380 
7630 29.047 1285.42 106410 
7640 29.047 1287.86 106320 
7650 29.047 1288.3 106500 
7660 29.047 1289.51 106380 
7670 29.047 1290.81 106560 
7680 29.047 1290.89 106380 
7690 29.047 1293.15 106470 
7700 29.047 1296.35 106260 
7710 29.047 1296.59 106620 
7720 29.047 1297.52 106530 
7730 29.047 1300.3 106410 
7740 29.047 1301.71 106500 
7750 29.047 1303.02 106680 
7760 29.047 1302.05 106500 
7770 29.047 1300.94 106440 
7780 29.047 1299.69 106320 
7790 29.047 1302.53 106350 
7800 29.047 1304.37 106350 
7810 29.047 1305.95 106530 
7820 29.047 1306.76 106320 
7830 29.047 1306.91 106170 
7840 29.047 1307.69 106380 
7850 29.047 1307.16 106350 
7860 29.047 1308.75 106350 
7870 29.047 1311.81 106320 
7880 29.047 1313.94 106140 
7890 29.047 1315.04 106170 
7900 29.047 1314.77 106350 
7910 29.047 1315.39 106410 
7920 29.047 1315.26 106410 
7930 29.047 1315.88 106770 
7940 29.047 1316.54 106650 
7950 29.047 1318.03 106500 
7960 29.047 1319.99 106350 
7970 29.047 1323.29 106290 
7980 29.047 1322.15 106350 
7990 29.047 1322.76 106440 
8000 29.047 1323.31 106170 
8010 29.047 1326.78 106170 
8020 29.047 1328.68 106140 
8030 29.047 1331.38 106230 
8040 29.047 1331.91 106110 
8050 29.047 1333.15 105960 
8060 29.047 1334.17 106080 
8070 29.047 1332.3 105600 
8080 29.047 1333.73 105930 
8090 29.047 1333.24 106470 
8100 29.047 1334.78 106650 
8110 29.047 1336.21 106620 
8120 29.047 1335.94 106500 
8130 29.047 1335.79 106590 
8140 29.047 1335.16 106740 
8150 29.047 1335.98 106800 
8160 29.047 1335.97 106800 
8170 29.047 1337.13 106740 
8180 29.047 1338.6 106890 
8190 29.047 1342.55 106620 
8200 29.047 1342.1 106380 
8210 29.047 1343.44 106410 
8220 29.047 1344.58 106470 
8230 29.047 1344.23 106170 
8240 29.047 1343.67 106020 
8250 29.047 1344.32 106140 
8260 29.047 1344.64 106230 
8270 29.047 1347.16 106530 
8280 29.047 1348.3 106200 
8290 29.047 1349.55 106140 
8300 29.047 1350.68 106020 
8310 29.047 1351.22 106170 
8320 29.047 1352.1 106140 
8330 29.047 1351.96 106140 
8340 29.047 1352.04 106200 
8350 29.047 1354.78 106500 
8360 29.047 1356.38 106380 
8370 29.047 1357.75 106230 
8380 29.047 1359.35 106350 
8390 29.047 1360.1 106170 
8400 29.047 1360.03 105960 
8410 29.047 1361.14 106140 
8420 29.047 1361.3 106260 
8430 29.047 1362.02 106050 
8440 29.047 1363.03 106260 
8450 29.047 1364.42 106290 
8460 29.047 1365.36 106110 
8470 29.047 1367.1 106260 
8480 29.047 1367.71 106260 
8490 29.047 1367.01 106320 
8500 29.047 1368.35 106530 
8510 29.047 1369.75 106650 
8520 29.047 1371.61 106740 
8530 29.047 1373.11 106560 
8540 29.047 1374.45 106620 
8550 29.047 1375.87 106410 
8560 29.047 1374.71 106200 
8570 29.047 1376.23 106140 
8580 29.047 1376.45 106110 
8590 29.047 1378.03 106230 
8600 29.047 1377.55 106230 
8610 29.047 1378.97 106230 
8620 29.047 1380.24 106230 
8630 29.047 1381.26 106140 
8640 29.047 1382.8 105990 
8650 29.047 1383.58 106080 
8660 29.047 1385.14 105990 
8670 29.047 1386.96 106200 
8680 29.047 1388.1 106050 
8690 29.047 1389.79 105630 
8700 29.047 1391.42 105930 
8710 29.047 1392.24 106170 
8720 29.047 1392.3 106080 
8730 29.047 1394.47 106260 
8740 29.047 1397.03 106140 
8750 29.047 1397.92 106470 
8760 29.047 1397.49 106500 
8770 29.047 1396.73 106260 
8780 29.047 1396.96 105990 
8790 29.047 1399.73 106170 
8800 29.047 1401.08 106410 
8810 29.047 1401.33 106350 
8820 29.047 1403.09 106320 
8830 29.047 1404.05 106650 
8840 29.047 1404.24 106560 
8850 29.047 1406.99 106320 
8860 29.047 1408.97 106380 
8870 29.047 1410.28 106260 
8880 29.047 1410.65 106140 
8890 29.047 1413.36 106260 
8900 29.047 1414.4 106200 
8910 29.047 1415.81 106230 
8920 29.047 1416 106260 
8930 29.047 1416.77 106110 
8940 29.047 1417.07 106140 
8950 29.047 1418.68 106020 
8960 29.047 1420.44 106230 
8970 29.047 1418.68 106290 
8980 29.047 1420.61 106290 
8990 29.047 1422.24 106350 
9000 29.047 1422.88 106470 
9010 29.047 1424.08 106350 
9020 29.047 1424.99 105990 
9030 29.047 1424.77 106200 
9040 29.047 1425.12 106080 
9050 29.047 1428.67 106260 
9060 29.047 1432.79 106080 
9070 29.047 1433.01 106140 
9080 29.047 1433.63 106110 
9090 29.047 1433.47 106170 
9100 29.047 1433.45 106320 
9110 29.047 1434.52 106110 
9120 29.047 1433.86 106200 
9130 29.047 1433.13 106470 
9140 29.047 1433.98 106290 
9150 29.047 1434.14 106200 
9160 29.047 1430.99 106560 
9170 29.047 1433.26 106620 
9180 29.047 1433.54 106020 
9190 29.047 1434.66 105990 
9200 29.047 1434.1 105870 
9210 29.047 1435.41 105810 
9220 29.047 1435.81 106050 
9230 29.047 1437.1 106020 
9240 29.047 1437.5 105900 
9250 29.047 1437.72 105810 
9260 29.047 1438.05 105870 
9270 29.047 1439.14 105810 
9280 29.047 1439.24 105480 
9290 29.047 1440.67 105660 
9300 29.047 1443.38 106080 
9310 29.047 1443.81 106200 
9320 29.047 1443.51 106170 
9330 29.047 1443.79 106200 
9340 29.047 1442.63 106320 
9350 29.047 1445.35 106440 
9360 29.047 1444.57 106320 
9370 29.047 1443.64 106320 
9380 29.047 1446.58 106470 
9390 29.047 1449.43 106530 
9400 29.047 1450.86 106740 
9410 29.047 1451.77 106590 
9420 29.047 1451.71 106230 
9430 29.047 1451.79 106410 
9440 29.047 1451.08 106140 
9450 29.047 1449.71 106410 
9460 29.047 1451.37 106290 
9470 29.047 1452.61 106200 
9480 29.047 1454.13 106440 
9490 29.047 1454.18 106500 
9500 29.047 1454.9 106200 
9510 29.047 1456.95 106050 
9520 29.047 1456.98 106170 
9530 29.047 1457.28 105930 
9540 29.047 1458.01 106140 
9550 29.047 1458.83 106200 
9560 29.047 1460.31 106290 
9570 29.047 1461.73 106470 
9580 29.047 1460.56 106380 
9590 29.047 1462.1 106560 
9600 29.047 1462.39 106350 
9610 29.047 1464.52 106170 
9620 29.047 1464.66 106170 
9630 29.047 1462.95 106170 
9640 29.047 1466.66 106410 
9650 29.047 1468.97 106590 
9660 29.047 1470.22 106500 
9670 29.047 1473.31 106440 
9680 29.047 1474.46 106410 
9690 29.047 1475.89 106290 
9700 29.047 1475.76 106230 
9710 29.047 1476.79 106380 
9720 29.047 1478.1 105990 
9730 29.047 1478.6 105840 
9740 29.047 1479.05 105810 
9750 29.047 1479.36 105870 
9760 29.047 1478.82 105510 
9770 29.047 1479.05 105480 
9780 29.047 1481.36 105540 
9790 29.047 1483.41 105690 
9800 29.047 1486.18 105630 
9810 29.047 1488.26 105750 
9820 29.047 1490.85 105780 
9830 29.047 1494.65 105780 
9840 29.047 1497.56 106050 
9850 29.047 1499.64 106110 
9860 29.047 1502.15 106140 
9870 29.047 1503.91 105990 
9880 29.047 1505.91 105990 
9890 29.047 1507.97 105990 
9900 29.047 1509.62 106050 
9910 29.047 1511.58 105900 
9920 29.047 1513.09 105930 
9930 29.047 1514.51 105840 
9940 29.047 1516.51 106080 
9950 29.047 1519.37 106050 
9960 29.047 1524.73 106140 
9970 29.047 1529.49 106080 
9980 29.047 1533.39 106110 
9990 29.047 1536.85 105990 
10000 29.047 1542.4 106230 
10010 29.047 1545.64 105990 
10020 29.047 1549.48 105990 
10030 29.047 1553.15 106380 
10040 29.047 1556.41 105900 
10050 29.047 1563.48 106110 
10060 29.047 1567.27 106290 
10070 29.047 1571.05 106140 
10080 29.047 1574.66 106020 
10090 29.047 1577.91 106260 
10100 29.047 1580.51 105960 
10110 29.047 1583.48 106140 
10120 29.047 1585.84 105780 
10130 29.047 1589.47 106170 
10140 29.047 1592.16 105990 
10150 29.047 1593.81 106020 
10160 29.047 1596.81 106080 
10170 29.047 1599.88 106020 
10180 29.047 1601.97 106470 
10190 29.047 1604.45 106200 
10200 29.047 1607.27 106200 
10210 29.047 1608.82 105990 
10220 29.047 1610.47 106230 
10230 29.047 1612.85 106230 
10240 29.047 1614.98 106140 
10250 29.047 1617.91 106290 
10260 29.047 1619.65 105870 
10270 29.047 1621.54 106050 
10280 29.047 1622.72 105660 
10290 29.047 1625.15 105870 
10300 29.047 1627.2 106020 
10310 29.047 1629.26 105870 
10320 29.047 1631.6 106200 
10330 29.047 1633.86 105990 
10340 29.047 1635.96 106050 
10350 29.047 1638.18 105780 
10360 29.047 1641 106260 
10370 29.047 1642.95 106080 
10380 29.047 1645.01 105990 
10390 29.047 1646.41 106020 
10400 29.047 1649.38 106080 
10410 29.047 1651.45 105990 
10420 29.047 1653.47 105990 
10430 29.047 1656.53 106050 
10440 29.047 1658.53 106080 
10450 29.047 1661.14 105900 
10460 29.047 1663.13 106260 
10470 29.047 1665.82 106320 
10480 29.047 1667.25 105990 
10490 29.047 1669.48 106020 
10500 29.047 1672.62 106230 
10510 29.047 1674.97 106140 
10520 29.047 1677.21 106260 
10530 29.047 1679.78 106440 
10540 29.047 1682.11 106200 
10550 29.047 1685.59 106350 
10560 29.047 1687.29 106110 
10570 29.047 1689.4 105810 
10580 29.047 1692.83 106170 
10590 29.047 1695.04 105960 
10600 29.047 1696.37 105870 
10610 29.047 1698.62 105810 
10620 29.047 1700.83 106080 
10630 29.047 1703.18 105840 
10640 29.047 1705.7 106080 
10650 29.047 1708.8 105930 
10660 29.047 1710.19 106080 
10670 29.047 1711.79 105990 
10680 29.047 1714.28 105960 
10690 29.047 1715.79 105720 
10700 29.047 1717.92 105960 
10710 29.047 1720.1 105870 
10720 29.047 1722 105630 
10730 29.047 1724.57 105990 
10740 29.047 1726.76 105780 
10750 29.047 1728.6 105720 
10760 29.047 1731.15 106080 
10770 29.047 1733.87 106230 
10780 29.047 1735.82 105930 
10790 29.047 1737.47 106050 
10800 29.047 1739.63 105720 
10810 29.047 1741.9 105930 
10820 29.047 1743.05 105510 
10830 29.047 1745.07 105690 
10840 29.047 1746.54 106230 
10850 29.047 1748.36 105930 
10860 29.047 1750.36 105690 
10870 29.047 1752.26 105930 
10880 29.047 1754.78 105960 
10890 29.047 1756.34 105780 
10900 29.047 1757.32 105420 
10910 29.047 1759.66 106110 
10920 29.047 1761.46 106050 
10930 29.047 1762.94 106050 
10940 29.047 1764.53 106350 
10950 29.047 1767.47 105780 
10960 29.047 1768.17 105300 
10970 29.047 1770.1 105900 
10980 29.047 1771.62 105600 
10990 29.047 1774.09 105870 
11000 29.047 1775.97 106200 
11010 29.047 1777.96 106080 
11020 29.047 1779.6 105900 
11030 29.047 1781.19 106110 
11040 29.047 1782.68 106290 
11050 29.047 1783.88 105900 
11060 29.047 1784.96 105750 
11070 29.047 1786.38 105900 
11080 29.047 1788.19 106080 
11090 29.047 1789.52 105870 
11100 29.047 1791.8 106080 
11110 29.047 1793.59 105870 
11120 29.047 1794.95 105270 
11130 29.047 1796.17 105930 
11140 29.047 1797.95 106050 
11150 29.047 1799.62 105990 
11160 29.047 1801.41 106410 
11170 29.047 1802.54 106200 
11180 29.047 1803.65 106050 
11190 29.047 1804.91 105900 
11200 29.047 1805.53 105450 
11210 29.047 1806.86 105840 
11220 29.047 1808.49 106200 
11230 29.047 1809.38 105570 
11240 29.047 1810.21 105600 
11250 29.047 1811.27 105840 
11260 29.047 1812.59 105900 
11270 29.047 1813.07 105750 
11280 29.047 1813.87 105480 
11290 29.047 1815.22 105930 
11300 29.047 1817.03 105750 
11310 29.047 1817.71 105570 
11320 29.047 1818.89 105450 
11330 29.047 1820 105390 
11340 29.047 1821.62 105540 
11350 29.047 1822.42 105330 
11360 29.047 1823.43 105270 
11370 29.047 1824.61 105900 
11380 29.047 1825.57 105870 
11390 29.047 1826.79 105960 
11400 29.047 1827.73 105510 
11410 29.047 1828.81 105720 
11420 29.047 1829.52 105660 
11430 29.047 1830.55 105690 
11440 29.047 1831.73 105690 
11450 29.047 1832.74 105960 
11460 29.047 1833.62 106350 
11470 29.047 1834.34 105750 
11480 29.047 1835.49 106140 
11490 29.047 1836.41 106110 
11500 29.047 1837.1 105960 
11510 29.047 1837.85 105930 
11520 29.047 1838.63 105390 
11530 29.047 1839.33 105450 
11540 29.047 1840.16 105810 
11550 29.047 1841.13 105450 
11560 29.047 1841.9 105510 
11570 29.047 1842.9 105960 
11580 29.047 1843.55 105360 
11590 29.047 1843.81 105930 
11600 29.047 1844.24 105840 
11610 29.047 1844.84 105450 
11620 29.047 1845.53 105660 
11630 29.047 1846 106230 
11640 29.047 1846.4 105720 
11650 29.047 1847.26 105630 
11660 29.047 1847.92 105150 
11670 29.047 1848.33 105570 
11680 29.047 1848.65 105750 
11690 29.047 1849.62 105660 
11700 29.047 1850.33 105840 
11710 29.047 1851.12 106110 
11720 29.047 1851.51 105810 
11730 29.047 1852.36 105810 
11740 29.047 1852.94 106050 
11750 29.047 1853.43 106050 
11760 29.047 1853.98 106110 
11770 29.047 1854.91 105990 
11780 29.047 1855.82 105870 
11790 29.047 1856.54 106200 
11800 29.047 1857.34 105660 
11810 29.047 1857.89 105450 
11820 29.047 1858.44 105600 
11830 29.047 1859.32 105660 
11840 29.047 1859.82 106410 
11850 29.047 1860.27 106410 
11860 29.047 1860.74 106110 
11870 29.047 1861.17 106020 
11880 29.047 1862.02 106080 
11890 29.047 1862.58 105930 
11900 29.047 1863.11 106110 
11910 29.047 1864.27 105300 
11920 29.047 1864.66 105300 
11930 29.047 1865.34 106170 
11940 29.047 1865.98 105540 
11950 29.047 1866.74 105780 
11960 29.047 1867.52 105780 
11970 29.047 1868.01 106020 
11980 29.047 1868.97 106050 
11990 29.047 1869.56 106050 
12000 29.047 1870.37 105750 
12010 29.047 1870.91 105570 
12020 29.047 1871.59 106050 
12030 29.047 1872.31 105600 
12040 29.047 1872.8 105810 
12050 29.047 1873.28 105720 
12060 29.047 1874.01 105690 
12070 29.047 1874.63 106020 
12080 29.047 1875.33 106050 
12090 29.047 1876.02 106050 
12100 29.047 1876.66 106350 
12110 29.047 1877.13 106200 
12120 29.047 1877.81 106050 
12130 29.047 1878.42 105900 
12140 29.047 1879.26 105960 
12150 29.047 1879.95 105930 
12160 29.047 1880.47 105840 
12170 29.047 1881.08 106050 
12180 29.047 1881.75 106020 
12190 29.047 1882.75 105630 
12200 29.047 1883.43 105750 
12210 29.047 1884.23 105960 
12220 29.047 1884.44 106020 
12230 29.047 1885.27 105990 
12240 29.047 1885.99 105870 
12250 29.047 1886.38 105540 
12260 29.047 1887.19 106200 
12270 29.047 1887.75 105990 
12280 29.047 1888.61 106050 
12290 29.047 1889.29 106140 
12300 29.047 1889.92 106140 
12310 29.047 1890.29 105930 
12320 29.047 1891.14 105720 
12330 29.047 1891.46 105840 
12340 29.047 1892.15 106080 
12350 29.047 1893.05 106200 
12360 29.047 1892.85 106020 
12370 29.047 1893.37 105900 
12380 29.047 1894.22 105930 
12390 29.047 1894.91 105570 
12400 29.047 1895.7 105780 
12410 29.047 1896.21 105960 
12420 29.047 1896.6 105750 
12430 29.047 1897.51 105870 
12440 29.047 1898.33 105900 
12450 29.047 1899.44 105780 
12460 29.047 1899.99 105960 
12470 29.047 1900.67 105630 
12480 29.047 1901.34 105780 
12490 29.047 1902.17 105870 
12500 29.047 1902.66 105990 
12510 29.047 1903.03 105750 
12520 29.047 1903.8 105480 
12530 29.047 1904.41 105570 
12540 29.047 1905.15 105810 
12550 29.047 1905.76 106080 
12560 29.047 1906.34 106140 
12570 29.047 1906.67 105960 
12580 29.047 1907.12 106140 
12590 29.047 1907.82 106320 
12600 29.047 1908.38 106200 
12610 29.047 1909.23 106050 
12620 29.047 1909.75 106140 
12630 29.047 1909.97 106290 
12640 29.047 1910.58 105630 
12650 29.047 1911.33 105990 
12660 29.047 1911.88 106290 
12670 29.047 1912.59 106320 
12680 29.047 1912.91 106110 
12690 29.047 1913.71 106110 
12700 29.047 1914.45 106200 
12710 29.047 1915.32 105990 
12720 29.047 1916.15 106110 
12730 29.047 1916.66 105720 
12740 29.047 1917.23 105810 
12750 29.047 1917.41 105690 
12760 29.047 1918.01 106050 
12770 29.047 1918.96 105990 
12780 29.047 1919.14 106110 
12790 29.047 1919.54 105720 
12800 29.047 1920.12 105840 
12810 29.047 1921.11 106410 
12820 29.047 1922.37 106410 
12830 29.047 1922.46 105990 
12840 29.047 1923.21 105840 
12850 29.047 1924.13 105810 
12860 29.047 1924.81 105900 
12870 29.047 1925.87 105630 
12880 29.047 1926.44 105990 
12890 29.047 1927.26 106050 
12900 29.047 1928.23 106350 
12910 29.047 1928.62 106170 
12920 29.047 1929.35 105660 
12930 29.047 1929.74 105810 
12940 29.047 1930.4 105900 
12950 29.047 1930.94 105690 
12960 29.047 1931.47 105720 
12970 29.047 1932.04 105750 
12980 29.047 1932.75 105990 
12990 29.047 1933.47 105930 
13000 29.047 1933.98 106170 
13010 29.047 1934.39 106290 
13020 29.047 1934.8 105690 
13030 29.047 1935.47 106230 
13040 29.047 1936.41 106050 
13050 29.047 1937.49 106080 
13060 29.047 1938.02 106230 
13070 29.047 1938.59 105990 
13080 29.047 1939.42 105810 
13090 29.047 1940.65 105930 
13100 29.047 1941.36 106140 
13110 29.047 1942.3 106080 
13120 29.047 1943.04 105750 
13130 29.047 1943.56 106080 
13140 29.047 1944.69 106020 
13150 29.047 1945.98 106140 
13160 29.047 1947.43 106170 
13170 29.047 1948.14 106290 
13180 29.047 1948.85 106110 
13190 29.047 1949.78 105900 
13200 29.047 1950.1 105570 
13210 29.047 1951.17 106200 
13220 29.047 1952 106710 
13230 29.047 1952.66 106350 
13240 29.047 1953.94 106260 
13250 29.047 1954.62 106410 
13260 29.047 1954.64 106170 
13270 29.047 1955.71 106080 
13280 29.047 1956.09 106230 
13290 29.047 1956.24 106290 
13300 29.047 1956.76 105810 
13310 29.047 1957.33 106140 
13320 29.047 1957.63 105900 
13330 29.047 1957.89 106110 
13340 29.047 1958.84 106020 
13350 29.047 1959.64 106140 
13360 29.047 1960.63 106260 
13370 29.047 1961.74 106110 
13380 29.047 1962.26 105660 
13390 29.047 1962.43 105930 
13400 29.047 1962.99 105990 
13410 29.047 1963.84 105990 
13420 29.047 1964.77 105750 
13430 29.047 1966.09 105570 
13440 29.047 1967.34 105450 
13450 29.047 1968.35 105570 
13460 29.047 1968.68 105750 
13470 29.047 1968.97 105720 
13480 29.047 1969.9 105810 
13490 29.047 1970.44 105660 
13500 29.047 1971.92 105540 
13510 29.047 1973.27 105690 
13520 29.047 1974.47 105810 
13530 29.047 1975.16 105930 
13540 29.047 1975.91 105870 
13550 29.047 1976.2 106230 
13560 29.047 1977.31 105960 
13570 29.047 1978.88 106380 
13580 29.047 1980.65 106020 
13590 29.047 1981.86 105840 
13600 29.047 1982.6 106260 
13610 29.047 1983.32 106050 
13620 29.047 1984.05 106260 
13630 29.047 1984.75 106230 
13640 29.047 1985.13 105990 
13650 29.047 1986.45 106350 
13660 29.047 1987.78 106200 
13670 29.047 1988.84 105930 
13680 29.047 1989.76 105780 
13690 29.047 1990.94 105780 
13700 29.047 1990.97 105840 
13710 29.047 1991.76 105600 
13720 29.047 1993.48 105270 
13730 29.047 1995.15 105780 
13740 29.047 1997 105960 
13750 29.047 1998.24 105600 
13760 29.047 1999.22 105480 
13770 29.047 2000.07 105510 
13780 29.047 2000.64 105480 
13790 29.047 2001.43 105960 
13800 29.047 2002.59 105780 
13810 29.047 2003.78 105570 
13820 29.047 2005.28 105690 
13830 29.047 2006.34 106020 
13840 29.047 2007.39 105480 
13850 29.047 2008.37 105450 
13860 29.047 2008.93 105630 
13870 29.047 2009.61 105810 
13880 29.047 2010.56 105690 
13890 29.047 2011.7 105870 
13900 29.047 2013.43 105660 
13910 29.047 2014.68 105780 
13920 29.047 2015.26 105570 
13930 29.047 2016.41 105480 
13940 29.047 2017.31 106080 
13950 29.047 2018.53 106140 
13960 29.047 2018.96 106020 
13970 29.047 2020.13 106080 
13980 29.047 2021.69 105900 
13990 29.047 2023.27 105900 
14000 29.047 2024.33 106050 
14010 29.047 2025.39 105810 
14020 29.047 2026.49 106260 
14030 29.047 2027.44 106230 
14040 29.047 2027.67 105750 
14050 29.047 2028.67 106050 
14060 29.047 2029.91 105840 
14070 29.047 2031.04 106050 
14080 29.047 2032.46 105780 
14090 29.047 2033.45 105540 
14100 29.047 2034.06 105510 
14110 29.047 2035.03 105330 
14120 29.047 2035.81 105480 
14130 29.047 2035.59 105450 
14140 29.047 2036.34 105780 
14150 29.047 2037.22 106200 
14160 29.047 2038.48 106140 
14170 29.047 2039.15 106260 
14180 29.047 2039.79 106320 
14190 29.047 2041.06 105990 
14200 29.047 2041.31 105840 
14210 29.047 2042.1 105720 
14220 29.047 2042.55 106320 
14230 29.047 2042.81 106650 
14240 29.047 2044.2 106590 
14250 29.047 2045.48 106470 
14260 29.047 2046.58 106140 
14270 29.047 2047.25 105870 
14280 29.047 2048.15 106170 
14290 29.047 2048.63 106230 
14300 29.047 2049.25 106440 
14310 29.047 2049.83 106230 
14320 29.047 2050.76 106110 
14330 29.047 2052.47 105810 
14340 29.047 2053.52 106350 
14350 29.047 2054.8 106260 
14360 29.047 2055.62 106380 
14370 29.047 2056.35 106110 
14380 29.047 2057.83 106410 
14390 29.047 2058.04 105930 
14400 29.047 2058.62 105930 
14410 29.047 2059.32 105780 
14420 29.047 2059.76 106170 
14430 29.047 2060.27 106110 
14440 29.047 2061.36 106020 
14450 29.047 2062.72 105810 
14460 29.047 2064.11 106170 
14470 29.047 2064.79 106260 
14480 29.047 2065.3 105960 
14490 29.047 2065.17 106110 
14500 29.047 2065.61 106050 
14510 29.047 2066.17 105900 
14520 29.047 2067.17 105780 
14530 29.047 2067.46 105930 
14540 29.047 2068.9 106080 
14550 29.047 2069.94 105750 
14560 29.047 2071.44 106080 
14570 29.047 2072.11 105450 
14580 29.047 2072.36 105660 
14590 29.047 2072.49 105840 
14600 29.047 2072.95 106050 
14610 29.047 2073.78 106080 
14620 29.047 2074.33 105360 
14630 29.047 2074.63 105510 
14640 29.047 2076.05 105960 
14650 29.047 2077.08 105870 
14660 29.047 2077.86 106080 
14670 29.047 2078.76 106020 
14680 29.047 2079.47 106170 
14690 29.047 2079.8 106050 
14700 29.047 2080.05 106020 
14710 29.047 2080.37 105750 
14720 29.047 2081.2 106050 
14730 29.047 2081.59 105810 
14740 29.047 2082.17 105870 
14750 29.047 2082.81 106050 
14760 29.047 2084.45 106200 
14770 29.047 2085.04 105990 
14780 29.047 2086.16 106230 
14790 29.047 2087.36 105900 
14800 29.047 2087.9 106080 
14810 29.047 2088.35 106260 
14820 29.047 2088.89 106020 
14830 29.047 2089.11 106620 
14840 29.047 2089.89 106680 
14850 29.047 2090.86 106530 
14860 29.047 2091.54 106560 
14870 29.047 2092.07 106440 
14880 29.047 2093.38 106290 
14890 29.047 2094 106470 
14900 29.047 2095.14 106380 
14910 29.047 2096.02 106440 
14920 29.047 2096.53 106620 
14930 29.047 2097.02 106050 
14940 29.047 2097.82 106230 
14950 29.047 2098.04 106620 
14960 29.047 2099.13 106590 
14970 29.047 2099.13 106500 
14980 29.047 2099.57 106350 
14990 29.047 2099.87 106710 
15000 29.047 2100.07 106320 
15010 29.047 2101.62 106260 
15020 29.047 2102.29 106020 
15030 29.047 2103.1 106020 
15040 29.047 2103.74 106140 
15050 29.047 2104.07 106200 
15060 29.047 2104.66 106080 
15070 29.047 2105.26 106140 
15080 29.047 2106.07 105900 
15090 29.047 2106.17 106050 
15100 29.047 2106.75 106440 
15110 29.047 2107.12 106260 
15120 29.047 2107.81 106200 
15130 29.047 2108.23 105600 
15140 29.047 2109.13 106140 
15150 29.047 2110.05 105840 
15160 29.047 2111.5 106140 
15170 29.047 2112.32 105960 
15180 29.047 2112.5 106080 
15190 29.047 2113.35 106200 
15200 29.047 2113.54 105930 
15210 29.047 2114.05 106050 
15220 29.047 2113.95 105780 
15230 29.047 2114.73 106140 
15240 29.047 2115.18 106230 
15250 29.047 2115.7 106380 
15260 29.047 2116.22 106320 
15270 29.047 2116.43 105810 
15280 29.047 2117.07 105960 
15290 29.047 2117.93 106260 
15300 29.047 2119.69 105960 
15310 29.047 2120.13 105600 
15320 29.047 2120.45 105540 
15330 29.047 2121.31 106200 
15340 29.047 2122.04 106170 
15350 29.047 2122.52 106080 
15360 29.047 2122.97 106470 
15370 29.047 2123.25 106230 
15380 29.047 2123.52 105930 
15390 29.047 2123.91 106080 
15400 29.047 2124.53 106050 
15410 29.047 2124.92 106350 
15420 29.047 2125.31 106080 
15430 29.047 2125.67 106200 
15440 29.047 2126.69 106350 
15450 29.047 2126.8 105960 
15460 29.047 2127.17 105840 
15470 29.047 2128.31 106290 
15480 29.047 2128.98 106200 
15490 29.047 2129.14 106260 
15500 29.047 2130.04 106230 
15510 29.047 2130.57 106230 
15520 29.047 2131.15 106500 
15530 29.047 2131.97 105870 
15540 29.047 2132.57 106050 
15550 29.047 2132.85 105630 
15560 29.047 2132.86 105780 
15570 29.047 2132.92 105810 
15580 29.047 2133.63 105870 
15590 29.047 2135.26 105810 
15600 29.047 2137.13 106140 
15610 29.047 2139.14 106170 
15620 29.047 2140.97 106020 
15630 29.047 2143.25 105960 
15640 29.047 2145.1 105930 
15650 29.047 2147.11 105990 
15660 29.047 2148.98 106110 
15670 29.047 2150.87 105930 
15680 29.047 2152.82 105960 
15690 29.047 2154.68 105870 
15700 29.047 2156.4 105960 
15710 29.047 2158.07 105900 
15720 29.047 2160.3 105930 
15730 29.047 2162.18 105870 
15740 29.047 2163.89 105480 
15750 29.047 2165.87 105600 
15760 29.047 2167.97 105480 
15770 29.047 2169.76 105810 
15780 29.047 2171.35 105540 
15790 29.047 2172.74 105660 
15800 29.047 2175.62 106080 
15810 29.047 2178.04 105870 
15820 29.047 2180 105870 
15830 29.047 2181.12 105720 
15840 29.047 2183.69 106230 
15850 29.047 2185.36 105600 
15860 29.047 2187.21 106050 
15870 29.047 2189.28 106320 
15880 29.047 2190.49 106080 
15890 29.047 2192.16 106080 
15900 29.047 2193.55 105990 
15910 29.047 2194.96 105870 
15920 29.047 2196.91 106290 
15930 29.047 2198.07 105930 
15940 29.047 2199.72 106290 
15950 29.047 2201.36 106020 
15960 29.047 2202.7 105960 
15970 29.047 2204.38 106020 
15980 29.047 2205.89 106200 
15990 29.047 2207.34 105600 
16000 29.047 2208.81 105660 
16010 29.047 2211.37 105840 
16020 29.047 2212.9 105810 
16030 29.047 2214.24 105810 
16040 29.047 2215.64 105660 
16050 29.047 2216.26 105390 
16060 29.047 2218.84 105900 
16070 29.047 2219.82 105510 
16080 29.047 2221.56 106170 
16090 29.047 2222.77 105960 
16100 29.047 2224.16 105930 
16110 29.047 2225.77 105960 
16120 29.047 2227.03 105870 
16130 29.047 2229.1 106500 
16140 29.047 2229.8 105810 
16150 29.047 2231.81 106140 
16160 29.047 2232.47 105720 
16170 29.047 2234.56 106230 
16180 29.047 2235.96 106230 
16190 29.047 2236.78 106020 
16200 29.047 2239.29 106410 
16210 29.047 2240.24 106380 
16220 29.047 2241.83 106410 
16230 29.047 2243.21 106320 
16240 29.047 2244.04 106080 
16250 29.047 2245.93 105780 
16260 29.047 2247.42 106470 
16270 29.047 2248.92 106050 
16280 29.047 2251.22 106290 
16290 29.047 2252.93 106350 
16300 29.047 2254.39 106230 
16310 29.047 2255.84 105870 
16320 29.047 2257.14 105960 
16330 29.047 2258.52 106230 
16340 29.047 2259.56 106260 
16350 29.047 2260.27 106140 
16360 29.047 2262.12 106380 
16370 29.047 2263.43 106020 
16380 29.047 2264.8 106050 
16390 29.047 2266.32 105900 
16400 29.047 2267.54 105960 
16410 29.047 2268.81 105900 
16420 29.047 2270.16 105690 
16430 29.047 2271.53 105930 
16440 29.047 2273.05 106080 
16450 29.047 2274.85 105990 
16460 29.047 2276.04 105780 
16470 29.047 2277.69 105900 
16480 29.047 2279.58 106320 
16490 29.047 2280.72 105810 
16500 29.047 2282.03 105750 
16510 29.047 2283.82 105780 
16520 29.047 2285.26 105480 
16530 29.047 2286.67 105570 
16540 29.047 2288.23 105660 
16550 29.047 2289.65 105270 
16560 29.047 2290.81 105840 
16570 29.047 2292.23 105660 
16580 29.047 2293.48 105630 
16590 29.047 2294.36 105120 
16600 29.047 2295.68 105570 
16610 29.047 2297.45 105930 
16620 29.047 2298.51 105540 
16630 29.047 2299.67 105570 
16640 29.047 2300.83 105750 
16650 29.047 2302 105750 
16660 29.047 2302.76 105570 
16670 29.047 2304.22 105900 
16680 29.047 2304.9 105690 
16690 29.047 2305.71 105450 
16700 29.047 2306.96 105210 
16710 29.047 2308.29 105570 
16720 29.047 2309.19 105510 
16730 29.047 2310.67 105330 
16740 29.047 2312.03 105330 
16750 29.047 2312.81 105660 
16760 29.047 2313.54 105210 
16770 29.047 2314.71 105570 
16780 29.047 2315.45 106020 
16790 29.047 2316.12 105900 
16800 29.047 2316.97 105270 
16810 29.047 2317.92 105420 
16820 29.047 2319.09 105480 
16830 29.047 2319.88 105330 
16840 29.047 2321.1 105960 
16850 29.047 2321.77 105780 
16860 29.047 2322.79 105630 
16870 29.047 2323.76 105480 
16880 29.047 2324.49 105120 
16890 29.047 2325.49 105270 
16900 29.047 2326.71 105630 
16910 29.047 2327.75 105570 
16920 29.047 2328.54 105870 
16930 29.047 2329.53 105780 
16940 29.047 2331.03 105390 
16950 29.047 2332.04 105720 
16960 29.047 2332.88 105540 
16970 29.047 2333.92 105270 
16980 29.047 2335.12 105870 
16990 29.047 2336 106020 
17000 29.047 2336.93 105570 
17010 29.047 2338.03 105540 
17020 29.047 2339.02 105900 
17030 29.047 2339.75 105750 
17040 29.047 2340.95 105840 
17050 29.047 2341.66 105930 
17060 29.047 2342.38 106140 
17070 29.047 2343.2 106020 
17080 29.047 2344.28 105960 
17090 29.047 2345.42 106140 
17100 29.047 2346.4 106020 
17110 29.047 2347.53 105570 
17120 29.047 2348.84 105840 
17130 29.047 2349.85 105630 
17140 29.047 2350.91 105660 
17150 29.047 2351.71 105750 
17160 29.047 2352.59 105750 
17170 29.047 2353.26 105720 
17180 29.047 2353.93 105240 
17190 29.047 2354.96 105210 
17200 29.047 2355.83 105330 
17210 29.047 2356.55 105270 
17220 29.047 2357.4 105510 
17230 29.047 2358.44 105780 
17240 29.047 2359.49 106080 
17250 29.047 2360.53 106140 
17260 29.047 2361.34 105840 
17270 29.047 2362.01 105810 
17280 29.047 2363.21 105690 
17290 29.047 2364.15 105960 
17300 29.047 2365.15 105660 
17310 29.047 2365.71 105780 
17320 29.047 2366.64 106140 
17330 29.047 2367.46 105900 
17340 29.047 2368.47 105600 
17350 29.047 2369.24 105660 
17360 29.047 2370.39 105660 
17370 29.047 2371.42 106020 
17380 29.047 2372.26 105870 
17390 29.047 2372.9 106020 
17400 29.047 2373.81 106080 
17410 29.047 2374.51 106050 
17420 29.047 2375.17 105600 
17430 29.047 2375.71 105450 
17440 29.047 2376.43 105360 
17450 29.047 2376.95 104910 
17460 29.047 2377.9 105330 
17470 29.047 2378.44 105390 
17480 29.047 2379.29 105630 
17490 29.047 2379.8 105780 
17500 29.047 2380.44 105360 
17510 29.047 2381.13 105600 
17520 29.047 2382.16 105630 
17530 29.047 2382.86 105000 
17540 29.047 2383.43 105300 
17550 29.047 2384.02 105480 
17560 29.047 2384.49 104910 
17570 29.047 2385.13 105510 
17580 29.047 2385.64 105600 
17590 29.047 2386.42 105630 
17600 29.047 2387.02 105450 
17610 29.047 2387.74 105330 
17620 29.047 2388.37 105600 
17630 29.047 2388.93 105540 
17640 29.047 2389.68 105750 
17650 29.047 2390.4 105690 
17660 29.047 2390.87 105510 
17670 29.047 2391.63 106020 
17680 29.047 2392.34 105960 
17690 29.047 2393.12 105810 
17700 29.047 2393.71 105960 
17710 29.047 2394.32 105900 
17720 29.047 2394.89 105570 
17730 29.047 2395.94 105600 
17740 29.047 2396.48 106140 
17750 29.047 2396.91 105690 
17760 29.047 2397.45 105450 
17770 29.047 2398.17 105540 
17780 29.047 2398.82 105540 
17790 29.047 2399.31 106170 
17800 29.047 2399.72 105930 
17810 29.047 2400.53 105870 
17820 29.047 2400.96 105990 
17830 29.047 2401.5 105660 
17840 29.047 2402.16 105690 
17850 29.047 2402.87 105870 
17860 29.047 2403.37 105600 
17870 29.047 2403.86 106020 
17880 29.047 2404.45 106140 
17890 29.047 2405.32 106200 
17900 29.047 2405.83 106020 
17910 29.047 2406.48 105630 
17920 29.047 2407.11 105900 
17930 29.047 2407.99 105780 
17940 29.047 2408.59 106020 
17950 29.047 2409.15 105900 
17960 29.047 2409.91 105840 
17970 29.047 2410.44 105720 
17980 29.047 2411.03 105600 
17990 29.047 2411.62 105300 
18000 29.047 2412.15 105900 
18010 29.047 2412.83 105480 
18020 29.047 2413.46 106110 
18030 29.047 2414.08 105630 
18040 29.047 2414.63 105450 
18050 29.047 2415.24 105390 
18060 29.047 2415.82 105180 
18070 29.047 2416.53 105510 
18080 29.047 2416.93 105750 
18090 29.047 2417.57 105420 
18100 29.047 2418.05 105210 
18110 29.047 2418.52 105780 
18120 29.047 2418.9 105840 
18130 29.047 2419.24 106020 
18140 29.047 2419.9 105720 
18150 29.047 2420.4 105330 
18160 29.047 2420.97 105360 
18170 29.047 2421.44 105660 
18180 29.047 2422.04 106050 
18190 29.047 2422.54 106110 
18200 29.047 2423.05 105750 
18210 29.047 2423.44 105540 
18220 29.047 2423.8 105570 
18230 29.047 2424.36 105690 
18240 29.047 2424.82 105630 
18250 29.047 2425.49 105210 
18260 29.047 2425.79 105300 
18270 29.047 2426.17 105750 
18280 29.047 2426.69 105690 
18290 29.047 2427.16 105540 
18300 29.047 2427.8 105270 
18310 29.047 2428.12 106020 
18320 29.047 2428.64 106380 
18330 29.047 2429.1 105960 
18340 29.047 2429.54 105270 
18350 29.047 2430.03 105030 
18360 29.047 2430.49 105600 
18370 29.047 2430.96 105420 
18380 29.047 2431.41 105960 
18390 29.047 2431.88 105480 
18400 29.047 2432.32 105450 
18410 29.047 2432.71 105450 
18420 29.047 2433.33 105540 
18430 29.047 2433.8 105510 
18440 29.047 2434.26 105570 
18450 29.047 2434.87 105840 
18460 29.047 2435.28 105750 
18470 29.047 2435.84 105480 
18480 29.047 2436.31 105720 
18490 29.047 2436.75 105690 
18500 29.047 2437.08 105450 
18510 29.047 2437.74 105840 
18520 29.047 2438.23 105720 
18530 29.047 2438.71 105450 
18540 29.047 2439.22 105780 
18550 29.047 2439.84 105360 
18560 29.047 2440.36 105300 
18570 29.047 2440.86 105300 
18580 29.047 2441.4 105720 
18590 29.047 2441.92 105780 
18600 29.047 2442.5 105870 
18610 29.047 2442.93 105420 
18620 29.047 2443.36 105210 
18630 29.047 2443.82 105180 
18640 29.047 2444.33 105510 
18650 29.047 2444.92 105480 
18660 29.047 2445.41 105630 
18670 29.047 2445.97 105570 
18680 29.047 2446.52 105990 
18690 29.047 2447.03 105750 
18700 29.047 2447.38 105810 
18710 29.047 2447.86 105360 
18720 29.047 2448.31 105120 
18730 29.047 2448.81 105420 
18740 29.047 2449.27 105690 
18750 29.047 2449.73 105540 
18760 29.047 2450.08 105630 
18770 29.047 2450.64 105600 
18780 29.047 2451.14 105570 
18790 29.047 2451.69 105420 
18800 29.047 2452.11 104940 
18810 29.047 2452.53 105360 
18820 29.047 2452.89 105330 
18830 29.047 2453.27 105270 
18840 29.047 2453.93 105510 
18850 29.047 2454.4 105990 
18860 29.047 2454.79 105780 
18870 29.047 2455.23 105240 
18880 29.047 2455.64 105720 
18890 29.047 2456.29 105510 
18900 29.047 2456.62 105120 
18910 29.047 2457.13 105450 
18920 29.047 2457.5 105390 
18930 29.047 2457.88 105120 
18940 29.047 2458.44 105900 
18950 29.047 2458.74 105900 
18960 29.047 2459.18 105780 
18970 29.047 2459.55 105600 
18980 29.047 2460.01 105780 
18990 29.047 2460.41 105900 
19000 29.047 2460.84 106050 
19010 29.047 2461.3 105750 
19020 29.047 2461.66 105960 
19030 29.047 2462.1 105990 
19040 29.047 2462.58 105930 
19050 29.047 2463.13 105300 
19060 29.047 2463.45 105450 
19070 29.047 2463.97 105510 
19080 29.047 2464.5 105480 
19090 29.047 2464.89 105750 
19100 29.047 2465.31 105390 
19110 29.047 2465.9 105270 
19120 29.047 2466.37 105780 
19130 29.047 2466.8 105990 
19140 29.047 2467.26 105900 
19150 29.047 2467.64 105660 
19160 29.047 2468.33 105690 
19170 29.047 2468.86 105660 
19180 29.047 2469.34 106170 
19190 29.047 2469.72 106080 
19200 29.047 2470.22 105990 
19210 29.047 2470.79 105870 
19220 29.047 2471.27 106140 
19230 29.047 2471.7 105840 
19240 29.047 2472.09 105450 
19250 29.047 2472.67 105270 
19260 29.047 2473.19 105570 
19270 29.047 2473.6 105420 
19280 29.047 2474.08 105660 
19290 29.047 2474.49 105720 
19300 29.047 2474.98 105840 
19310 29.047 2475.42 105990 
19320 29.047 2475.92 105990 
19330 29.047 2476.4 106020 
19340 29.047 2476.76 106020 
19350 29.047 2477.24 105900 
19360 29.047 2477.8 105960 
19370 29.047 2478.19 105600 
19380 29.047 2478.65 105630 
19390 29.047 2479.15 105900 
19400 29.047 2479.55 105780 
19410 29.047 2480.14 105630 
19420 29.047 2480.59 105750 
19430 29.047 2480.96 105570 
19440 29.047 2481.41 105390 
19450 29.047 2481.92 105270 
19460 29.047 2482.4 105660 
19470 29.047 2482.76 105570 
19480 29.047 2483.31 106020 
19490 29.047 2483.82 105720 
19500 29.047 2484.23 105270 
19510 29.047 2484.6 105450 
19520 29.047 2484.96 105450 
19530 29.047 2485.61 105570 
19540 29.047 2486.07 105450 
19550 29.047 2486.42 105660 
19560 29.047 2486.79 105750 
19570 29.047 2487.27 106200 
19580 29.047 2487.77 106290 
19590 29.047 2488.32 105900 
19600 29.047 2488.69 105900 
19610 29.047 2489.18 105930 
19620 29.047 2489.6 105810 
19630 29.047 2490.09 105810 
19640 29.047 2490.49 105480 
19650 29.047 2490.87 105330 
19660 29.047 2491.25 105510 
19670 29.047 2491.7 105480 
19680 29.047 2492.2 105210 
19690 29.047 2492.58 105660 
19700 29.047 2493.01 105420 
19710 29.047 2493.28 105420 
19720 29.047 2493.83 106050 
19730 29.047 2494.29 105870 
19740 29.047 2494.81 105690 
19750 29.047 2495.24 105360 
19760 29.047 2495.59 105660 
19770 29.047 2496.09 105690 
19780 29.047 2496.55 105840 
19790 29.047 2496.95 105870 
19800 29.047 2497.38 105360 
19810 29.047 2497.89 106020 
19820 29.047 2498.44 105690 
19830 29.047 2498.82 105150 
19840 29.047 2499.29 105810 
19850 29.047 2499.68 106140 
19860 29.047 2500.16 105690 
19870 29.047 2500.67 105840 
19880 29.047 2500.97 105510 
19890 29.047 2501.39 105690 
19900 29.047 2501.95 105810 
19910 29.047 2502.45 105300 
19920 29.047 2502.77 105780 
19930 29.047 2503.12 105210 
19940 29.047 2503.54 105030 
19950 29.047 2504.09 105360 
19960 29.047 2504.56 105480 
19970 29.047 2504.87 105480 
19980 29.047 2505.27 105600 
19990 29.047 2505.78 105780 
20000 29.047 2506.22 105510 
20010 29.047 2506.69 105870 
20020 29.047 2507.05 105570 
20030 29.047 2507.49 105450 
20040 29.047 2508.05 105630 
20050 29.047 2508.57 105810 
20060 29.047 2508.94 105900 
20070 29.047 2509.4 105570 
20080 29.047 2509.78 105450 
20090 29.047 2510.25 105450 
20100 29.047 2510.66 106140 
20110 29.047 2511.15 106080 
20120 29.047 2511.57 105720 
20130 29.047 2512.08 105210 
20140 29.047 2512.51 105600 
20150 29.047 2512.98 105720 
20160 29.047 2513.43 105750 
20170 29.047 2513.86 105810 
20180 29.047 2514.31 105720 
20190 29.047 2514.55 105510 
20200 29.047 2515.01 105360 
20210 29.047 2515.4 105900 
20220 29.047 2515.91 105870 
20230 29.047 2516.23 105570 
20240 29.047 2516.63 105390 
20250 29.047 2517.08 105240 
20260 29.047 2517.51 105090 
20270 29.047 2518.17 105090 
20280 29.047 2518.35 104820 
20290 29.047 2518.96 105330 
20300 29.047 2519.36 105390 
20310 29.047 2519.87 105600 
20320 29.047 2520.29 105450 
20330 29.047 2520.69 105870 
20340 29.047 2521.09 105720 
20350 29.047 2521.57 105270 
20360 29.047 2522.08 105690 
20370 29.047 2522.48 105540 
20380 29.047 2522.92 105510 
20390 29.047 2523.35 105330 
20400 29.047 2523.78 105810 
20410 29.047 2524.32 105630 
20420 29.047 2524.65 105810 
20430 29.047 2525.1 105330 
20440 29.047 2525.54 105300 
20450 29.047 2526.14 106110 
20460 29.047 2526.66 106170 
20470 29.047 2526.93 105780 
20480 29.047 2527.43 105570 
20490 29.047 2527.99 105990 
20500 29.047 2528.62 106110 
20510 29.047 2529.02 105600 
20520 29.047 2529.33 105540 
20530 29.047 2529.9 105420 
20540 29.047 2530.3 105870 
20550 29.047 2530.87 105600 
20560 29.047 2531.25 105690 
20570 29.047 2531.54 105630 
20580 29.047 2532.03 105600 
20590 29.047 2532.49 105780 
20600 29.047 2533.02 105660 
20610 29.047 2533.39 105870 
20620 29.047 2533.81 105870 
20630 29.047 2534.32 105960 
20640 29.047 2534.91 105780 
20650 29.047 2535.42 106050 
20660 29.047 2535.85 105810 
20670 29.047 2536.33 105420 
20680 29.047 2536.75 105570 
20690 29.047 2537.31 105600 
20700 29.047 2537.62 105330 
20710 29.047 2538.07 105750 
20720 29.047 2538.59 105960 
20730 29.047 2538.99 105690 
20740 29.047 2539.43 105810 
20750 29.047 2539.87 105420 
20760 29.047 2540.36 105210 
20770 29.047 2540.73 105330 
20780 29.047 2541.2 106050 
20790 29.047 2541.68 105570 
20800 29.047 2542.16 105690 
20810 29.047 2542.54 106290 
20820 29.047 2543.06 106110 
20830 29.047 2543.5 105960 
20840 29.047 2543.87 106020 
20850 29.047 2544.21 105300 
20860 29.047 2544.54 105570 
20870 29.047 2545.06 105360 
20880 29.047 2545.45 105510 
20890 29.047 2545.97 105360 
20900 29.047 2546.4 105330 
20910 29.047 2546.9 106020 
20920 29.047 2547.43 105600 
20930 29.047 2547.9 105690 
20940 29.047 2548.38 105390 
20950 29.047 2548.73 105750 
20960 29.047 2549.22 105870 
20970 29.047 2549.7 105870 
20980 29.047 2550.14 106260 
20990 29.047 2550.48 105450 
21000 29.047 2550.92 105480 
21010 29.047 2551.45 105840 
21020 29.047 2551.99 105810 
21030 29.047 2552.39 105420 
21040 29.047 2552.73 105540 
21050 29.047 2553.15 105570 
21060 29.047 2553.52 105870 
21070 29.047 2554.05 105390 
21080 29.047 2554.5 105480 
21090 29.047 2554.85 105240 
21100 29.047 2555.27 104850 
21110 29.047 2555.75 104940 
21120 29.047 2556.21 105390 
21130 29.047 2556.63 105090 
21140 29.047 2556.95 105330 
21150 29.047 2557.32 105630 
21160 29.047 2557.79 105330 
21170 29.047 2558.27 105330 
21180 29.047 2558.63 105060 
21190 29.047 2559.05 105180 
21200 29.047 2559.47 105750 
21210 29.047 2560.01 106200 
21220 29.047 2560.52 106110 
21230 29.047 2560.88 106110 
21240 29.047 2561.37 106140 
21250 29.047 2561.8 105870 
21260 29.047 2562.44 105900 
21270 29.047 2562.84 105750 
21280 29.047 2563.23 105720 
21290 29.047 2563.65 105630 
21300 29.047 2564.12 105960 
21310 29.047 2564.61 105990 
21320 29.047 2565.03 106110 
21330 29.047 2565.42 105810 
21340 29.047 2565.87 105900 
21350 29.047 2566.46 106140 
21360 29.047 2566.72 106170 
21370 29.047 2567.11 105720 
21380 29.047 2567.48 105630 
21390 29.047 2567.98 105300 
21400 29.047 2568.4 105690 
21410 29.047 2568.8 105690 
21420 29.047 2569.25 105840 
21430 29.047 2569.66 105300 
21440 29.047 2570.44 105720 
21450 29.047 2570.85 106110 
21460 29.047 2571.13 105870 
21470 29.047 2571.59 105420 
21480 29.047 2572.13 105090 
21490 29.047 2572.67 105390 
21500 29.047 2573.01 106050 
21510 29.047 2573.41 106080 
21520 29.047 2573.86 105750 
21530 29.047 2574.39 105480 
21540 29.047 2574.82 105810 
21550 29.047 2575.26 105720 
21560 29.047 2575.67 105960 
21570 29.047 2576.04 105570 
21580 29.047 2576.53 105540 
21590 29.047 2577.05 106170 
21600 29.047 2577.48 105990 
21610 29.047 2577.8 106170 
21620 29.047 2578.36 106050 
21630 29.047 2578.73 105420 
21640 29.047 2579.09 105450 
21650 29.047 2579.34 105780 
21660 29.047 2579.83 105870 
21670 29.047 2580.35 105750 
21680 29.047 2580.7 105510 
21690 29.047 2581.07 105960 
21700 29.047 2581.46 106140 
21710 29.047 2582.15 105480 
21720 29.047 2582.57 105090 
21730 29.047 2582.97 105330 
21740 29.047 2583.39 105450 
21750 29.047 2583.79 106020 
21760 29.047 2584.39 106320 
21770 29.047 2584.76 105690 
21780 29.047 2585.24 105990 
21790 29.047 2585.73 105600 
21800 29.047 2586.12 105600 
21810 29.047 2586.68 106200 
21820 29.047 2587.09 105600 
21830 29.047 2587.45 105090 
21840 29.047 2587.93 105420 
21850 29.047 2588.42 105780 
21860 29.047 2588.87 105540 
21870 29.047 2589.33 105600 
21880 29.047 2589.77 105930 
21890 29.047 2590.11 105840 
21900 29.047 2590.66 105540 
21910 29.047 2590.99 105360 
21920 29.047 2591.45 104820 
21930 29.047 2591.78 105240 
21940 29.047 2592.19 105480 
21950 29.047 2592.82 106140 
21960 29.047 2593.14 106260 
21970 29.047 2593.6 106350 
21980 29.047 2593.95 105810 
21990 29.047 2594.38 106050 
22000 29.047 2594.97 105930 
22010 29.047 2595.31 106050 
22020 29.047 2595.77 105450 
22030 29.047 2596.2 105360 
22040 29.047 2596.6 105480 
22050 29.047 2597.12 105780 
22060 29.047 2597.49 105480 
22070 29.047 2597.92 105330 
22080 29.047 2598.4 105510 
22090 29.047 2598.81 105300 
22100 29.047 2599.32 105720 
22110 29.047 2599.81 105810 
22120 29.047 2600.24 105810 
22130 29.047 2600.47 105210 
22140 29.047 2600.8 105240 
22150 29.047 2601.3 105870 
22160 29.047 2601.82 105690 
22170 29.047 2602.26 105390 
22180 29.047 2602.45 105450 
22190 29.047 2602.93 105450 
22200 29.047 2603.54 105720 
22210 29.047 2603.97 105780 
22220 29.047 2604.45 105570 
22230 29.047 2604.7 105600 
22240 29.047 2605.21 105420 
22250 29.047 2605.78 105750 
22260 29.047 2606.23 105690 
22270 29.047 2606.41 105510 
22280 29.047 2606.84 105510 
22290 29.047 2607.43 105030 
22300 29.047 2607.96 105750 
22310 29.047 2608.28 105360 
22320 29.047 2608.59 105240 
22330 29.047 2609.23 105420 
22340 29.047 2609.79 105930 
22350 29.047 2610.11 105660 
22360 29.047 2610.45 104940 
22370 29.047 2610.88 104970 
22380 29.047 2611.58 105630 
22390 29.047 2611.99 106200 
22400 29.047 2612.47 105720 
22410 29.047 2612.69 105630 
22420 29.047 2613.32 105750 
22430 29.047 2613.87 105810 
22440 29.047 2614.32 105870 
22450 29.047 2614.69 105420 
22460 29.047 2614.99 105360 
22470 29.047 2615.56 105360 
22480 29.047 2616.04 105720 
22490 29.047 2616.46 105540 
22500 29.047 2616.82 105240 
22510 29.047 2617.19 105390 
22520 29.047 2617.75 105690 
22530 29.047 2618.3 105690 
22540 29.047 2618.64 105600 
22550 29.047 2618.9 105870 
22560 29.047 2619.5 105690 
22570 29.047 2619.89 105780 
22580 29.047 2620.31 105690 
22590 29.047 2620.7 105420 
22600 29.047 2621.2 105540 
22610 29.047 2621.69 105480 
22620 29.047 2622.04 105750 
22630 29.047 2622.43 105630 
22640 29.047 2622.73 105510 
22650 29.047 2623.42 105360 
22660 29.047 2623.83 104880 
22670 29.047 2624.18 105540 
22680 29.047 2624.56 105390 
22690 29.047 2625 105600 
22700 29.047 2625.53 105330 
22710 29.047 2625.87 105840 
22720 29.047 2626.39 106080 
22730 29.047 2626.77 105330 
22740 29.047 2627.35 105690 
22750 29.047 2627.69 105180 
22760 29.047 2628.06 105540 
22770 29.047 2628.44 105900 
22780 29.047 2628.96 105840 
22790 29.047 2629.36 105330 
22800 29.047 2629.87 105420 
22810 29.047 2630.46 105990 
22820 29.047 2630.79 105810 
22830 29.047 2631.24 105780 
22840 29.047 2631.76 105810 
22850 29.047 2632.32 105660 
22860 29.047 2632.71 105840 
22870 29.047 2633.14 105870 
22880 29.047 2633.45 105990 
22890 29.047 2633.92 105510 
22900 29.047 2634.4 106050 
22910 29.047 2634.89 105960 
22920 29.047 2635.21 105570 
22930 29.047 2635.69 106140 
22940 29.047 2636.04 105630 
22950 29.047 2636.42 105900 
22960 29.047 2636.83 105960 
22970 29.047 2637.11 105420 
22980 29.047 2637.74 105240 
22990 29.047 2638.16 105570 
23000 29.047 2638.68 105720 
23010 29.047 2639.06 105600 
23020 29.047 2639.47 105210 
23030 29.047 2639.92 105360 
23040 29.047 2640.16 105480 
23050 29.047 2640.78 105900 
23060 29.047 2641.09 105390 
23070 29.047 2641.76 105390 
23080 29.047 2642.22 105240 
23090 29.047 2642.57 105450 
23100 29.047 2643.03 105390 
23110 29.047 2643.6 105450 
23120 29.047 2644.01 104880 
23130 29.047 2644.51 105360 
23140 29.047 2644.87 105660 
23150 29.047 2645.35 105600 
23160 29.047 2645.8 105840 
23170 29.047 2646.19 105150 
23180 29.047 2646.6 105570 
23190 29.047 2647 105870 
23200 29.047 2647.41 105780 
23210 29.047 2647.79 105540 
23220 29.047 2648.22 105750 
23230 29.047 2648.67 105690 
23240 29.047 2649.05 106170 
23250 29.047 2649.58 106170 
23260 29.047 2649.98 105690 
23270 29.047 2650.35 105360 
23280 29.047 2650.69 105300 
23290 29.047 2651.01 105630 
23300 29.047 2651.65 105900 
23310 29.047 2652.17 105360 
23320 29.047 2652.63 105270 
23330 29.047 2652.86 105180 
23340 29.047 2653.33 105930 
23350 29.047 2653.88 105570 
23360 29.047 2654.33 105750 
23370 29.047 2654.76 105720 
23380 29.047 2655.29 105750 
23390 29.047 2655.57 105780 
23400 29.047 2656.01 105450 
23410 29.047 2656.51 105630 
23420 29.047 2656.98 105210 
23430 29.047 2657.4 105180 
23440 29.047 2657.69 105210 
23450 29.047 2658.16 105450 
23460 29.047 2658.57 105600 
23470 29.047 2659.19 105870 
23480 29.047 2659.6 105930 
23490 29.047 2659.95 105900 
23500 29.047 2660.44 105840 
23510 29.047 2660.95 105510 
23520 29.047 2661.58 105090 
23530 29.047 2661.96 105720 
23540 29.047 2662.38 105540 
23550 29.047 2662.78 105690 
23560 29.047 2663.14 105420 
23570 29.047 2663.73 105660 
23580 29.047 2664.07 105750 
23590 29.047 2664.38 105690 
23600 29.047 2664.87 105720 
23610 29.047 2665.28 105540 
23620 29.047 2665.73 105750 
23630 29.047 2666.04 105690 
23640 29.047 2666.47 106170 
23650 29.047 2666.91 105840 
23660 29.047 2667.45 105330 
23670 29.047 2667.93 105570 
23680 29.047 2668.35 105840 
23690 29.047 2668.65 105420 
23700 29.047 2669.11 105330 
23710 29.047 2669.61 105180 
23720 29.047 2670.09 105240 
23730 29.047 2670.43 105510 
23740 29.047 2670.78 105480 
23750 29.047 2671.3 105600 
23760 29.047 2671.93 105240 
23770 29.047 2672.32 104850 
23780 29.047 2672.65 105030 
23790 29.047 2673.09 105090 
23800 29.047 2673.71 105720 
23810 29.047 2674.31 105900 
23820 29.047 2674.69 106020 
23830 29.047 2674.84 105900 
23840 29.047 2675.28 105960 
23850 29.047 2675.82 105570 
23860 29.047 2676.26 105660 
23870 29.047 2676.49 106080 
23880 29.047 2676.71 105510 
23890 29.047 2677.18 105600 
23900 29.047 2677.8 105660 
23910 29.047 2678.06 105210 
23920 29.047 2678.4 105300 
23930 29.047 2678.73 104640 
23940 29.047 2679.22 105030 
23950 29.047 2679.8 105690 
23960 29.047 2680.18 105780 
23970 29.047 2680.48 105540 
23980 29.047 2680.93 105660 
23990 29.047 2681.41 105570 
24000 29.047 2681.96 105150 
24010 29.047 2682.38 105660 
24020 29.047 2682.61 105840 
24030 29.047 2683.03 105060 
24040 29.047 2683.47 105030 
24050 29.047 2684 105060 
24060 29.047 2684.34 105210 
24070 29.047 2684.59 104880 
24080 29.047 2685.2 105300 
24090 29.047 2685.65 105390 
24100 29.047 2686.21 105540 
24110 29.047 2686.66 105540 
24120 29.047 2686.83 105390 
24130 29.047 2687.39 106050 
24140 29.047 2687.61 105840 
24150 29.047 2688.19 105840 
24160 29.047 2688.76 105780 
24170 29.047 2688.96 105810 
24180 29.047 2689.51 105570 
24190 29.047 2689.78 105270 
24200 29.047 2690.32 105630 
24210 29.047 2690.8 105450 
24220 29.047 2691 105270 
24230 29.047 2691.58 105450 
24240 29.047 2691.99 105240 
24250 29.047 2692.44 105780 
24260 29.047 2692.82 105660 
24270 29.047 2693.09 105600 
24280 29.047 2693.45 105540 
24290 29.047 2694.02 105060 
24300 29.047 2694.47 105150 
24310 29.047 2694.78 105270 
24320 29.047 2695.02 105660 
24330 29.047 2695.46 105570 
24340 29.047 2695.99 105660 
24350 29.047 2696.58 105810 
24360 29.047 2696.95 105780 
24370 29.047 2697.34 105810 
24380 29.047 2697.82 105810 
24390 29.047 2698.28 106020 
24400 29.047 2698.72 105810 
24410 29.047 2699.06 105840 
24420 29.047 2699.51 106290 
24430 29.047 2699.83 105480 
24440 29.047 2700.43 105540 
24450 29.047 2700.72 105240 
24460 29.047 2701.18 105540 
24470 29.047 2701.55 105570 
24480 29.047 2701.91 105780 
24490 29.047 2702.55 105630 
24500 29.047 2702.76 105390 
24510 29.047 2703.19 105330 
24520 29.047 2703.57 105240 
24530 29.047 2704.12 105480 
24540 29.047 2704.63 105810 
24550 29.047 2704.92 105570 
24560 29.047 2705.49 105630 
24570 29.047 2705.96 105900 
24580 29.047 2706.45 105930 
24590 29.047 2706.81 105990 
24600 29.047 2707.12 105570 
24610 29.047 2707.69 105330 
24620 29.047 2708.13 105780 
24630 29.047 2708.29 105360 
24640 29.047 2708.67 105510 
24650 29.047 2709.16 105420 
24660 29.047 2709.62 105240 
24670 29.047 2710.1 105630 
24680 29.047 2710.28 106290 
24690 29.047 2710.88 105900 
24700 29.047 2711.24 105510 
24710 29.047 2711.79 104940 
24720 29.047 2712.21 105120 
24730 29.047 2712.43 105750 
24740 29.047 2712.88 105900 
24750 29.047 2713.26 105810 
24760 29.047 2713.8 105540 
24770 29.047 2714.15 105540 
24780 29.047 2714.47 105660 
24790 29.047 2714.88 105750 
24800 29.047 2715.27 105600 
24810 29.047 2715.77 105750 
24820 29.047 2716.25 105780 
24830 29.047 2716.46 106200 
24840 29.047 2716.84 105840 
24850 29.047 2717.2 105990 
24860 29.047 2717.68 105660 
24870 29.047 2718.21 105930 
24880 29.047 2718.5 106260 
24890 29.047 2719 105570 
24900 29.047 2719.48 105360 
24910 29.047 2719.88 105510 
24920 29.047 2720.35 105510 
24930 29.047 2720.61 105510 
24940 29.047 2721.17 105870 
24950 29.047 2721.69 105720 
24960 29.047 2721.91 105420 
24970 29.047 2722.37 105150 
24980 29.047 2722.7 105240 
24990 29.047 2723.15 105330 
25000 29.047 2723.57 105270 
