# Avida Average Data
# Mon Jan 16 16:19:54 2017
#  1: Update
#  2: Merit
#  3: Gestation Time
#  4: Fitness
#  5: Repro Rate?
#  6: (deprecated) Size
#  7: Copied Size
#  8: Executed Size
#  9: (deprecated) Abundance
# 10: Proportion of organisms that gave birth in this update
# 11: Proportion of Breed True Organisms
# 12: (deprecated) Genotype Depth
# 13: Generation
# 14: Neutral Metric
# 15: Lineage Label
# 16: True Replication Rate (based on births/update, time-averaged)

0 97 389 0 0 0 100 97 0 1 1 0 0 0 0 0 
100 97 389 0 0 0 100 97 0 0 0 0 0 0 0 0 
200 97 389 0 0 0 100 97 0 0 0 0 0 0 0 0 
300 97 389 0 0 0 100 97 0 0 0 0 0 0 0 0 
400 97 389 0.249357 0 0 100 97 0 0 0 0 1 -0.0566997 0 0 
500 97 389 0.249357 0 0 100 97 0 0 0 0 1 -0.0566997 0 0.291 
600 97 389 0.249357 0 0 100 97 0 0 0 0 1 -0.0566997 0 0.097 
700 97 389 0.249357 0 0 100 97 0 0 0 0 1 -0.0566997 0 0.097 
800 97 389 0.249357 0 0 100 97 0 0 0 0 2 0.792782 0 0.210167 
900 97 389 0.249357 0 0 100 97 0 0 0 0 2 0.792782 0 0.113167 
1000 97 389 0.249357 0 0 100 97 0 0 0 0 2 0.792782 0 0.113167 
1100 97 389 0.249357 0 0 100 97 0 0 0 0 2 0.792782 0 0.113167 
1200 97 388.714 0.249541 0 0 100 97 0 0 0 0 2.85714 1.38837 0 0.212014 
1300 97 388.75 0.249518 0 0 100 97 0 0 0 0 3 1.08148 0 0.123098 
1400 97 388.75 0.249518 0 0 100 97 0 0 0 0 3 1.08148 0 0.123098 
1500 97 388.75 0.249518 0 0 100 97 0 0 0 0 3 1.08148 0 0.123098 
1600 97.2857 389.857 0.249541 0 0 100.143 97.2857 0 0 0 0 3.85714 1.31707 0 0.226846 
1700 97.25 389.625 0.249598 0 0 100.125 97.25 0 0 0 0 4 0.768007 0 0.153124 
1800 97.25 389.625 0.249598 0 0 100.125 97.25 0 0 0 0 4 0.768007 0 0.128874 
1900 96.4 388.7 0.247994 0 0 100.15 96.4 0 0.05 0 0 4.4 1.28941 0 0.160504 
2000 96.8571 389.643 0.248566 0 0 100.321 96.8571 0 0 0 0 4.92857 1.25418 0 0.24925 
2100 97.1034 389.586 0.249241 0 0 100.31 97.1034 0 0 0 0 5 0.91123 0 0.158878 
2200 97.1034 389.586 0.249241 0 0 100.31 97.1034 0 0 0 0 5 0.91123 0 0.133753 
2300 97.2973 390.054 0.249436 0 0 100.459 97.2973 0 0 0 0 5.48649 1.51676 0 0.186627 
2400 97.383 390.319 0.249482 0 0 100.511 97.383 0 0 0 0 5.89362 0.993452 0 0.219225 
2500 97.383 390.362 0.249454 0 0 100.511 97.383 0 0 0 0 5.93617 0.901313 0 0.138767 
2600 97.383 390.362 0.249454 0 0 100.511 97.383 0 0 0 0 5.93617 0.901313 0 0.12539 
2700 97.7193 391.14 0.249818 0 0 100.684 97.7193 0 0 0 0 6.45614 1.49441 0 0.180746 
2800 97.8714 391.4 0.250041 0 0 100.857 97.8714 0 0 0 0 6.9 1.41093 0 0.188812 
2900 97.8714 391.414 0.250032 0 0 100.857 97.8714 0 0 0 0 6.92857 1.29843 0 0.130177 
3000 96.493 388.437 0.247784 0 0 100.127 96.493 0 0 0 0 6.95775 1.29194 0 0.124607 
3100 96.9545 390.307 0.247889 0 0 100.67 96.9545 0 0 0 0 7.60227 1.80158 0 0.193965 
3200 97.0408 390.082 0.248301 0 0 100.643 97.0408 0 0 0 0 7.87755 1.73434 0 0.18443 
3300 97.0505 390.101 0.248318 0 0 100.646 97.0505 0 0 0 0 7.91919 1.59356 0 0.131352 
3400 97.03 389.98 0.248348 0 0 100.62 97.03 0 0 0 0 7.94 1.56258 0 0.1277 
3500 97.4701 392.991 0.247663 0 0 100.94 97.4701 0 0 0 0 8.58974 1.96766 0 0.201544 
3600 97.2481 392.158 0.247661 0 0 100.865 97.2481 0 0 0 0 8.87218 1.59435 0 0.17392 
3700 97.2481 392.158 0.247661 0 0 100.865 97.2481 0 0 0 0 8.88722 1.50216 0 0.131023 
3800 97.2044 392.124 0.247587 0 0 100.92 97.2044 0 0.00729927 0.00729927 0 9.0438 1.6449 0 0.137644 
3900 97.9013 393.77 0.248384 0 0 101.711 97.9013 0 0 0 0 9.65789 1.9893 0 0.201896 
4000 97.5939 392.939 0.248137 0 0 101.588 97.5939 0 0 0 0 9.87273 1.57094 0 0.162424 
4100 97.5939 392.915 0.248153 0 0 101.588 97.5939 0 0 0 0 9.88485 1.57205 0 0.121873 
4200 97.6235 392.859 0.248271 0 0 101.6 97.6235 0 0 0 0 10.0529 1.69814 0 0.135323 
4300 97.3542 397.422 0.245792 0 0 102.245 98.3438 0 0 0 0 10.6042 1.75149 0 0.185845 
4400 97.1618 394.779 0.246317 0 0 102.172 97.6275 0 0.00490196 0 0 10.8431 1.50235 0 0.154792 
4500 97.2108 394.843 0.246405 0 0 102.176 97.6765 0 0 0 0 10.8578 1.47788 0 0.121512 
4600 97.3839 393.142 0.247333 0 0 101.725 97.3839 0 0.00947867 0.00473934 0 11.0711 1.44457 0 0.142879 
4700 98.075 395.312 0.247742 0 0 102.267 98.075 0 0 0 0 11.6042 1.62231 0 0.196487 
4800 97.6813 394.359 0.247287 0 0 101.96 97.6813 0 0 0 0 11.8127 1.34758 0 0.164056 
4900 97.5675 394.286 0.247037 0 0 101.976 97.5675 0 0 0 0 11.8333 1.33529 0 0.132796 
5000 97.5271 394.372 0.246894 0 0 102.062 97.5271 0 0 0 0 12.0698 1.41819 0 0.154286 
5100 97.5808 395.811 0.245963 0 0 102.433 97.5808 0 0 0 0 12.6564 1.68932 0 0.196533 
5200 97.6379 396.897 0.245875 0 0 102.734 97.9236 0 0 0 0 12.8106 1.59086 0 0.150411 
5300 97.7599 397.888 0.24575 0 0 102.931 98.0428 0 0.00328947 0 0 12.8553 1.48069 0 0.123653 
5400 98.0853 398.66 0.246013 0 0 103.072 98.3679 0 0.00314465 0 0 13.1321 1.70077 0 0.148094 
5500 98.3152 399.16 0.246297 0 0 103.057 98.5702 0 0 0 0 13.6676 1.52019 0 0.186845 
5600 98.2207 398.785 0.246228 0 0 102.997 98.486 0 0 0 0 13.8156 1.5794 0 0.145403 
5700 97.8504 398.676 0.245316 0 0 102.859 98.1136 0 0 0 0 13.8532 1.52512 0 0.128103 
5800 97.6065 397.954 0.244924 0 0 102.784 97.8706 0 0.00269542 0 0 14.1968 1.7281 0 0.156508 
5900 97.9607 398.455 0.245535 0 0 102.953 98.2015 0 0 0 0 14.6609 1.62168 0 0.188333 
6000 97.8862 399.252 0.245019 0 0 103.116 98.2978 0 0.00242131 0 0 14.8039 1.58679 0 0.14443 
6100 97.5566 398.648 0.244538 0 0 103.104 97.9663 0 0.00240964 0.00240964 0 14.8843 1.5106 0 0.130982 
6200 97.9165 398.619 0.245362 0 0 103.327 98.1196 0 0.00677201 0 0 15.2912 1.72367 0 0.166099 
6300 98.4358 399.745 0.245951 0 0 103.585 98.6232 0 0 0 0 15.7011 1.56817 0 0.188393 
6400 98.3582 400.265 0.245602 0 0 103.656 98.7329 0 0 0 0 15.8137 1.56646 0 0.145882 
6500 98.1186 400.051 0.245189 0 0 103.546 98.4867 0 0 0 0 15.9223 1.6335 0 0.138238 
6600 98.4756 399.723 0.246201 0 0 103.542 98.6673 0 0.00386847 0.00193424 0 16.3133 1.66172 0 0.174137 
6700 99.1119 402.078 0.24636 0 0 104.108 99.3219 0 0 0 0 16.6926 1.59998 0 0.184545 
6800 99.1391 402.041 0.246461 0 0 104.118 99.3464 0 0 0 0 16.7911 1.49952 0 0.141921 
6900 99.0992 402.066 0.24638 0 0 104.094 99.3055 0 0 0 0 16.8988 1.55654 0 0.138055 
7000 98.8788 401.576 0.246079 0 0 104.027 99.0824 0 0.00336134 0 0 17.3345 1.55783 0 0.174831 
7100 99.5559 402.787 0.247008 0 0 104.585 99.6843 0 0.00160256 0 0 17.6506 1.51033 0 0.175181 
7200 99.5893 403.272 0.246912 0 0 104.684 99.8022 0 0 0 0 17.7453 1.37957 0 0.137033 
7300 99.5562 404.072 0.246413 0 0 104.767 99.8232 0 0.00469484 0.00156495 0 17.9061 1.40861 0 0.140424 
7400 99.0885 403.236 0.245679 0 0 104.473 99.4823 0 0.00294985 0 0 18.3496 1.21691 0 0.178912 
7500 99.5177 404.017 0.246201 0 0 104.751 99.8091 0 0 0 0 18.6634 1.26584 0 0.174766 
7600 99.479 404.301 0.246044 0 0 104.787 99.8964 0 0.00140056 0 0 18.7577 1.13099 0 0.140643 
7700 99.4397 404.11 0.246105 0 0 104.735 99.8516 0 0 0 0 18.8932 1.20699 0 0.14332 
7800 99.4986 403.748 0.246348 0 0 104.779 99.8152 0 0.00393185 0.00262123 0 19.3473 1.0362 0 0.175132 
7900 99.8855 404.645 0.246821 0 0 105.159 100.188 0 0.00126422 0 0 19.6751 1.02105 0 0.167962 
8000 99.8141 404.673 0.2467 0 0 105.242 100.211 0 0.00125628 0 0 19.7601 1.02379 0 0.132635 
8100 99.9303 405.036 0.246852 0 0 105.306 100.324 0 0 0 0 19.9166 1.01707 0 0.138822 
8200 99.9082 404.322 0.247212 0 0 105.174 100.231 0 0.00471143 0 0 20.3722 0.807488 0 0.175877 
8300 100.497 406.823 0.247209 0 0 105.884 100.851 0 0 0 0 20.6773 0.888597 0 0.171509 
8400 100.296 407.08 0.246539 0 0 105.908 100.685 0 0 0 0 20.7379 0.86191 0 0.138041 
8500 100.209 406.373 0.246647 0 0 105.772 100.476 0 0.00334076 0.00111359 0 20.9165 0.838257 0 0.14756 
8600 100.185 405.237 0.247487 0 0 105.382 100.26 0 0.0010661 0 0 21.3284 0.710351 0 0.178779 
8700 100.017 404.287 0.247514 0 0 105.315 100.014 0 0.00206825 0.00103413 0 21.6494 0.776937 0 0.16626 
8800 99.8942 404.457 0.247132 0 0 105.398 99.9255 0 0 0 0 21.7347 0.813279 0 0.134883 
8900 100.067 404.574 0.247386 0 0 105.46 100.041 0 0.00100301 0.00100301 0 21.9559 0.810503 0 0.147708 
9000 100.163 403.861 0.247966 0 0 105.184 100.186 0 0.00194932 0.000974659 0 22.3655 0.759518 0 0.173696 
9100 100.451 404.974 0.248047 0 0 105.514 100.473 0 0 0 0 22.6392 0.794603 0 0.16148 
9200 100.254 404.872 0.247659 0 0 105.516 100.357 0 0.000928505 0 0 22.7521 0.769777 0 0.136694 
9300 100.029 403.874 0.247518 0 0 105.414 100.122 0 0.00182315 0 0 22.9863 0.741412 0 0.150808 
9400 100.468 405.209 0.247895 0 0 105.833 100.602 0 0.00264784 0.000882613 0 23.346 0.596967 0 0.168052 
9500 100.362 405.566 0.247297 0 0 105.913 100.481 0 0.000865801 0 0 23.6087 0.570127 0 0.158577 
9600 100.166 406.248 0.24656 0 0 106.018 100.454 0 0 0 0 23.7534 0.659771 0 0.141105 
9700 99.8963 405.302 0.246477 0 0 105.784 100.182 0 0.000834028 0 0 23.9733 0.578312 0 0.15147 
9800 99.4804 403.229 0.246539 0 0 105.374 99.6997 0 0.000805153 0.000805153 0 24.3309 0.590985 0 0.16641 
9900 100.033 404.289 0.247282 0 0 105.735 100.204 0 0.00157853 0 0 24.5991 0.665121 0 0.160859 
10000 99.7157 403.774 0.246697 0 0 105.667 99.8563 0 0.000777001 0.000777001 0 24.7327 0.707076 0 0.142984 
10100 99.5025 403.276 0.246535 0 0 105.522 99.6646 0 0.000760456 0 0 25.0114 0.700599 0 0.155694 
10200 99.7419 403.84 0.246812 0 0 105.616 99.9191 0 0.00147167 0.000735835 0 25.3591 0.618467 0 0.168266 
10300 100.054 405.2 0.246747 0 0 105.884 100.2 0 0.000720461 0 0 25.6081 0.725521 0 0.158756 
10400 100.009 405.056 0.246709 0 0 105.921 100.11 0 0.0021322 0.000710732 0 25.7647 0.725962 0 0.14267 
10500 99.9309 404.616 0.246849 0 0 105.849 100.046 0 0.00277585 0.000693963 0 26.0507 0.661045 0 0.158091 
10600 100.048 404.776 0.246955 0 0 105.957 100.118 0 0.00405405 0.00135135 0 26.3669 0.613984 0 0.163406 
10700 100.197 405.352 0.246977 0 0 106.105 100.219 0 0.00066313 0 0 26.5948 0.706845 0 0.156858 
10800 100.087 405.442 0.246658 0 0 106.166 100.096 0 0.00065445 0 0 26.752 0.643636 0 0.144802 
10900 99.6363 404.05 0.246327 0 0 105.814 99.6422 0 0.00255591 0.00191693 0 27.0454 0.503363 0 0.158561 
11000 99.5403 403.747 0.246281 0 0 105.676 99.515 0 0.00124844 0.00062422 0 27.3546 0.410111 0 0.162984 
11100 99.5527 403.87 0.246142 0 0 105.668 99.508 0 0.000615006 0 0 27.575 0.588648 0 0.156163 
11200 99.2184 403.27 0.245578 0 0 105.56 99.2103 0 0.00120846 0 0 27.7486 0.51708 0 0.144455 
11300 99.0072 402.246 0.245734 0 0 105.327 98.9888 0 0.00295159 0.00177096 0 28.0378 0.408635 0 0.15698 
11400 99.0328 402.853 0.245604 0 0 105.431 99.1721 0 0.000577367 0 0 28.332 0.281042 0 0.159382 
11500 99.2732 403.139 0.245931 0 0 105.65 99.3379 0 0.0028393 0.000567859 0 28.5667 0.457645 0 0.149411 
11600 99.2814 403.623 0.245764 0 0 105.803 99.3975 0 0.00167973 0 0 28.7436 0.550999 0 0.142 
11700 99.0009 402.235 0.245883 0 0 105.398 99.114 0 0.00164384 0.00109589 0 29.0427 0.380058 0 0.155077 
11800 98.9854 401.862 0.246089 0 0 105.265 99.0889 0 0.000538503 0 0 29.3441 0.297206 0 0.158492 
11900 99.3202 403.57 0.245977 0 0 105.63 99.4624 0 0.0010582 0.0010582 0 29.5392 0.384689 0 0.149826 
12000 98.9675 404.837 0.24515 0 0 105.483 99.1127 0 0.00259605 0.00259605 0 29.7394 0.460785 0 0.147249 
12100 99.0821 404.242 0.245789 0 0 105.279 99.1897 0 0.00254323 0 0 30.056 0.376796 0 0.157091 
12200 99.3537 404.784 0.245929 0 0 105.691 99.6142 0 0.000501002 0 0 30.3236 0.335334 0 0.156634 
12300 99.5407 405.161 0.246159 0 0 105.835 99.7602 0 0.000984737 0.000492368 0 30.5559 0.455953 0 0.148743 
12400 99.0409 404.02 0.245536 0 0 105.538 99.2767 0 0.00290276 0.00145138 0 30.7673 0.461019 0 0.147012 
12500 99.0872 403.067 0.246081 0 0 105.415 99.1972 0 0.00095057 0 0 31.0651 0.457833 0 0.154984 
12600 99.2381 404.061 0.246086 0 0 105.503 99.3962 0 0.000467727 0.000467727 0 31.3204 0.466764 0 0.154335 
12700 99.6365 405.942 0.246306 0 0 105.953 99.7823 0 0.00138376 0.00138376 0 31.5429 0.555855 0 0.149992 
12800 99.4264 405.574 0.246024 0 0 105.913 99.6346 0 0.00135685 0 0 31.7888 0.555899 0 0.149038 
12900 99.4753 404.457 0.246624 0 0 105.834 99.5311 0 0.00044484 0 0 32.0761 0.503003 0 0.156301 
13000 99.7466 404.944 0.24698 0 0 105.992 99.8224 0 0.00174978 0 0 32.3364 0.541891 0 0.153219 
13100 99.7761 404.136 0.247217 0 0 105.806 99.5604 0 0.00129926 0.000866176 0 32.5634 0.598146 0 0.149203 
13200 99.4777 403.544 0.246904 0 0 105.722 99.3832 0 0.00127443 0 0 32.8403 0.491755 0 0.15176 
13300 99.3608 402.37 0.247135 0 0 105.538 99.1432 0 0.00208681 0.00166945 0 33.1465 0.459912 0 0.158128 
13400 99.6658 403.375 0.247357 0 0 105.793 99.479 0 0.000411523 0 0 33.3827 0.515944 0 0.155168 
13500 99.5338 402.519 0.247103 0 0 105.85 99.3833 0 0.000813008 0.000406504 0 33.5744 0.504075 0 0.150129 
13600 98.9374 401.634 0.246223 0 0 105.626 99.0764 0 0.0016 0 0 33.8568 0.432231 0 0.155273 
13700 98.9499 401.272 0.246526 0 0 105.474 99.0579 0 0.00117325 0 0 34.1345 0.414947 0 0.157613 
13800 99.2132 401.796 0.246769 0 0 105.631 99.3251 0 0.00192604 0.00115562 0 34.3767 0.528973 0 0.152775 
13900 99.2829 401.933 0.246838 0 0 105.682 99.3775 0 0.00229008 0.00152672 0 34.5824 0.518062 0 0.148317 
14000 99.412 401.683 0.247309 0 0 105.601 99.4732 0 0.0011257 0.000375235 0 34.866 0.348768 0 0.154916 
14100 99.4159 401.77 0.247417 0 0 105.659 99.5403 0 0.00220832 0.00110416 0 35.1583 0.380895 0 0.156536 
14200 99.4873 402.453 0.247257 0 0 105.756 99.7002 0 0.00145191 0.000362976 0 35.3855 0.362192 0 0.150369 
14300 99.6624 402.829 0.247391 0 0 105.831 99.8351 0 0.00143678 0.000359195 0 35.6074 0.30986 0 0.147672 
14400 99.5369 402.357 0.247366 0 0 105.808 99.7529 0 0.00176991 0.00176991 0 35.8981 0.243391 0 0.155209 
14500 99.4135 401.671 0.247397 0 0 105.736 99.5478 0 0.000348675 0 0 36.1674 0.278963 0 0.155891 
14600 99.6102 403.323 0.247149 0 0 106 99.8214 0 0.00103057 0.000687049 0 36.405 0.340138 0 0.15076 
14700 99.786 403.624 0.247424 0 0 106.135 100.017 0 0.0010166 0.000338868 0 36.6428 0.28593 0 0.151148 
14800 99.7187 402.735 0.247597 0 0 106.091 99.8508 0 0.00200669 0.000334448 0 36.9084 0.271684 0 0.157218 
14900 99.7431 402.768 0.247739 0 0 106.043 99.883 0 0.000988468 0 0 37.1891 0.292257 0 0.157537 
15000 99.7363 402.755 0.24773 0 0 105.992 99.87 0 0.0019544 0.000977199 0 37.4322 0.355904 0 0.155431 
15100 99.7688 402.475 0.247899 0 0 105.964 99.775 0 0.00226244 0.000969619 0 37.6668 0.351928 0 0.153587 
15200 99.7066 402.238 0.247865 0 0 105.901 99.7194 0 0.00223214 0.000956633 0 37.9353 0.320124 0 0.157904 
15300 99.4956 401.601 0.247718 0 0 105.799 99.5261 0 0.000314861 0 0 38.2053 0.355085 0 0.159599 
15400 99.4862 401.806 0.247616 0 0 105.807 99.5409 0 0.00187383 0.00062461 0 38.4432 0.35168 0 0.155582 
15500 99.3589 401.678 0.247404 0 0 105.821 99.5116 0 0.00124108 0 0 38.6804 0.339575 0 0.154531 
15600 99.4154 401.749 0.247456 0 0 105.825 99.5801 0 0.0018388 0.000612933 0 38.9476 0.261915 0 0.157965 
15700 99.334 400.699 0.247801 0 0 105.596 99.4048 0 0.00152068 0.000912409 0 39.233 0.287305 0 0.159177 
15800 99.3793 400.672 0.247853 0 0 105.648 99.3845 0 0.00241984 0.00030248 0 39.4822 0.286217 0 0.155579 
15900 99.4486 400.957 0.247919 0 0 105.775 99.5108 0 0.000301205 0.000301205 0 39.7175 0.25135 0 0.156327 
16000 99.2024 400.446 0.247595 0 0 105.555 99.2297 0 0.000298329 0 0 39.9842 0.243505 0 0.160969 
16100 99.232 400.737 0.247618 0 0 105.597 99.3125 0 0.00207346 0.000888626 0 40.25 0.217573 0 0.161402 
16200 99.2296 401.168 0.24743 0 0 105.657 99.4017 0 0.00176939 0.000884695 0 40.5131 0.243134 0 0.15926 
16300 99.1247 401.211 0.247216 0 0 105.636 99.4166 0 0.00117612 0.000588062 0 40.7321 0.195962 0 0.155387 
16400 98.9984 400.54 0.247134 0 0 105.518 99.2163 0 0.00204022 0.00058292 0 41.0315 0.149944 0 0.159933 
16500 99.1241 400.038 0.247639 0 0 105.544 99.2693 0 0.00116212 0.000290529 0 41.2824 0.199824 0 0.157258 
16600 99.2816 400.703 0.247669 0 0 105.717 99.4389 0 0.000578704 0 0 41.5286 0.243072 0 0.157041 
16700 99.2078 400.306 0.247804 0 0 105.601 99.2806 0 0.0025959 0.000288434 0 41.7488 0.216811 0 0.152763 
16800 99.2635 400.495 0.247789 0 0 105.644 99.3936 0 0.00172265 0.000574218 0 42.0408 0.150601 0 0.16152 
16900 99.2921 400.676 0.247816 0 0 105.71 99.4807 0 0.00143308 0.00057323 0 42.282 0.160244 0 0.157427 
17000 99.4451 400.692 0.248174 0 0 105.809 99.5457 0 0.0011422 0.000571102 0 42.5294 0.220365 0 0.158682 
17100 99.3465 400.469 0.248077 0 0 105.784 99.4925 0 0.00284495 0.000853485 0 42.7636 0.276457 0 0.155316 
17200 99.3342 400.481 0.248023 0 0 105.788 99.4986 0 0.000567859 0.00028393 0 43.0321 0.273271 0 0.161103 
17300 99.3037 399.995 0.248139 0 0 105.699 99.3799 0 0.00169972 0.000849858 0 43.2751 0.218494 0 0.155511 
17400 99.529 401.564 0.248254 0 0 105.958 99.6151 0 0.00225925 0.000847218 0 43.5137 0.258871 0 0.155295 
17500 99.4324 400.456 0.248411 0 0 105.879 99.4872 0 0.000844832 0.000281611 0 43.7699 0.242489 0 0.15394 
17600 99.4548 400.512 0.248432 0 0 105.918 99.5548 0 0.00224719 0.000561798 0 44.0478 0.253559 0 0.157703 
17700 99.5652 401.061 0.248387 0 0 106.017 99.6655 0 0.00224467 0.00112233 0 44.2738 0.247182 0 0.154546 
17800 99.7305 401.445 0.248559 0 0 106.104 99.8246 0 0.00252242 0.00112108 0 44.532 0.275057 0 0.154731 
17900 99.5944 400.739 0.248692 0 0 105.964 99.721 0 0.00139938 0.000839631 0 44.7873 0.312517 0 0.1549 
18000 99.4908 400.517 0.248552 0 0 105.934 99.6255 0 0.00251326 0.000837755 0 45.0475 0.357355 0 0.156301 
18100 99.3617 400.13 0.248464 0 0 105.838 99.494 0 0.00223401 0.000837755 0 45.3044 0.295472 0 0.155151 
18200 99.4166 400.653 0.248366 0 0 105.946 99.6355 0 0.00167224 0.000557414 0 45.5527 0.322466 0 0.155954 
18300 99.4834 401.111 0.248363 0 0 106.015 99.7493 0 0.000835655 0.000278552 0 45.8128 0.333346 0 0.156379 
18400 99.5725 401.453 0.248391 0 0 106.075 99.9123 0 0.00278319 0.00139159 0 46.059 0.438212 0 0.157194 
18500 99.7416 402.151 0.248563 0 0 106.214 100.093 0 0.00111235 0.00083426 0 46.3176 0.419705 0 0.157443 
18600 99.9555 402.81 0.248662 0 0 106.403 100.264 0 0.00222469 0.000556174 0 46.5879 0.474537 0 0.15826 
18700 100.062 403.67 0.248687 0 0 106.566 100.511 0 0.00111142 0.000833565 0 46.8186 0.451559 0 0.156901 
18800 99.998 403.054 0.248877 0 0 106.482 100.433 0 0.00278009 0 0 47.0659 0.403156 0 0.156965 
18900 100.027 402.824 0.248991 0 0 106.44 100.326 0 0.00250139 0.00111173 0 47.326 0.476953 0 0.157967 
19000 100.129 402.591 0.249223 0 0 106.493 100.295 0 0.000834725 0.000278242 0 47.6002 0.545803 0 0.157551 
19100 100.177 403.093 0.249157 0 0 106.547 100.342 0 0.00250209 0.00111204 0 47.816 0.533012 0 0.154294 
19200 100.213 403.565 0.249078 0 0 106.63 100.427 0 0.00250348 0.000278164 0 48.0718 0.521578 0 0.158029 
19300 100.218 403.201 0.249185 0 0 106.568 100.374 0 0.00194498 0.000277855 0 48.3309 0.538409 0 0.159276 
19400 100.144 403.114 0.249046 0 0 106.558 100.274 0 0.00194498 0.00055571 0 48.5893 0.615581 0 0.159197 
19500 99.9882 402.495 0.249003 0 0 106.493 100.119 0 0.00111173 0.000833797 0 48.8296 0.683373 0 0.155714 
19600 99.9953 402.169 0.249135 0 0 106.504 100.087 0 0.00111142 0.000277855 0 49.0942 0.611226 0 0.160037 
19700 100.196 402.548 0.249384 0 0 106.563 100.242 0 0.00138927 0.000833565 0 49.3476 0.562976 0 0.157669 
19800 100.179 402.47 0.249254 0 0 106.578 100.147 0 0.000278087 0.000278087 0 49.6182 0.707149 0 0.158494 
19900 99.8591 402.185 0.248654 0 0 106.416 99.9044 0 0.000834028 0.000278009 0 49.8502 0.727875 0 0.155087 
20000 99.9113 402.381 0.248598 0 0 106.476 99.9391 0 0.00166806 0.000834028 0 50.0976 0.680543 0 0.158111 
20100 99.8207 401.964 0.248594 0 0 106.327 99.8353 0 0.00194715 0.000278164 0 50.358 0.643048 0 0.156699 
20200 99.9489 402.829 0.248476 0 0 106.539 100.105 0 0.00278319 0.000834957 0 50.617 0.665568 0 0.157876 
20300 99.9316 402.487 0.248626 0 0 106.505 100.092 0 0.00194715 0 0 50.8545 0.710116 0 0.153641 
20400 100.063 402.997 0.248691 0 0 106.674 100.229 0 0.000278009 0 0 51.1065 0.637976 0 0.157836 
20500 99.9342 402.312 0.248799 0 0 106.542 100.062 0 0.00166713 0.000833565 0 51.3693 0.66216 0 0.157556 
20600 100.132 402.786 0.249082 0 0 106.665 100.241 0 0.00138966 0 0 51.6259 0.722517 0 0.156195 
20700 100.213 404.046 0.248829 0 0 106.873 100.536 0 0.00111235 0 0 51.8687 0.716658 0 0.153742 
20800 100.165 403.657 0.248744 0 0 106.806 100.438 0 0.00194498 0.000833565 0 52.1231 0.747224 0 0.156321 
20900 100.149 403.863 0.24863 0 0 106.876 100.492 0 0.00138966 0.00111173 0 52.3841 0.794414 0 0.155041 
21000 100.334 404.398 0.248718 0 0 107.085 100.698 0 0.00361513 0.00139043 0 52.6457 0.8996 0 0.153549 
21100 100.365 404.385 0.248797 0 0 107.098 100.707 0 0.00250069 0.00111142 0 52.8844 0.92564 0 0.153373 
21200 100.406 404.103 0.248925 0 0 107.19 100.651 0 0.00166898 0.000278164 0 53.1599 0.917436 0 0.156672 
21300 100.53 404.596 0.249043 0 0 107.202 100.726 0 0.00222346 0.00138966 0 53.4122 0.851805 0 0.155985 
21400 100.626 405.531 0.248921 0 0 107.255 100.8 0 0.00111173 0.000277932 0 53.6695 0.990631 0 0.155121 
21500 100.463 405.054 0.248818 0 0 107.099 100.625 0 0.00250069 0.000833565 0 53.9214 0.959133 0 0.155686 
21600 100.41 404.89 0.248841 0 0 107.037 100.688 0 0.00111173 0.000833797 0 54.1643 0.874372 0 0.156004 
21700 100.434 405.161 0.248743 0 0 107.077 100.697 0 0.00277855 0.00111142 0 54.4268 0.846243 0 0.154918 
21800 100.635 405.78 0.248909 0 0 107.233 100.833 0 0.00222408 0.00166806 0 54.6703 0.9022 0 0.154685 
21900 100.539 404.827 0.249071 0 0 107.15 100.592 0 0.00139005 0 0 54.9402 0.90227 0 0.15648 
22000 100.543 405.428 0.248754 0 0 107.265 100.725 0 0.000833797 0.000277932 0 55.1801 0.857132 0 0.157063 
22100 101.407 406.125 0.249606 0 0 107.414 100.929 0 0.00194553 0 0 55.4241 0.885114 0 0.157367 
22200 101.675 407.242 0.249822 0 0 107.677 101.192 0 0.000277855 0 0 55.6649 0.942613 0 0.156991 
22300 101.367 407.852 0.249352 0 0 107.719 101.258 0 0.000556019 0.000278009 0 55.9183 0.87721 0 0.157226 
22400 101.551 408.951 0.249298 0 0 107.895 101.528 0 0.000278396 0 0 56.1643 0.781852 0 0.155123 
22500 101.201 409.176 0.248733 0 0 107.883 101.528 0 0.00139005 0.000278009 0 56.3989 0.855254 0 0.154074 
22600 101.422 409.67 0.248935 0 0 108.1 101.781 0 0.00222593 0.000556483 0 56.66 0.828932 0 0.155408 
22700 101.27 408.621 0.248907 0 0 107.921 101.536 0 0.00166806 0.000278009 0 56.9344 0.873868 0 0.154794 
22800 101.179 408.614 0.248686 0 0 107.926 101.517 0 0.00139005 0.000834028 0 57.1857 0.789242 0 0.156063 
22900 101.275 408.438 0.248977 0 0 107.919 101.48 0 0.00111266 0.000556328 0 57.4376 0.849669 0 0.156314 
23000 101.3 407.858 0.249297 0 0 107.832 101.466 0 0.000556019 0 0 57.7075 0.79759 0 0.159174 
23100 101.424 408.266 0.249441 0 0 108.022 101.652 0 0.00166852 0.000556174 0 57.9622 0.76849 0 0.157383 
23200 101.334 407.238 0.249611 0 0 107.871 101.476 0 0.00111235 0 0 58.2208 0.671958 0 0.158717 
23300 101.358 407.091 0.249763 0 0 107.837 101.458 0 0.00194607 0.000556019 0 58.4579 0.80173 0 0.157771 
23400 101.231 406.54 0.249587 0 0 107.778 101.363 0 0.00139005 0.00139005 0 58.7231 0.797163 0 0.158915 
23500 101.634 408.209 0.249539 0 0 108.256 101.74 0 0.000277778 0 0 58.9594 0.77062 0 0.157127 
23600 101.563 407.926 0.24957 0 0 108.185 101.689 0 0.00194661 0.000556174 0 59.2144 0.745882 0 0.157572 
23700 101.688 407.774 0.250055 0 0 108.17 101.817 0 0.00055571 0.000277855 0 59.4537 0.776202 0 0.15695 
23800 101.772 407.934 0.250147 0 0 108.237 101.947 0 0.000833333 0.000555556 0 59.7194 0.803644 0 0.158289 
23900 101.961 409.074 0.249875 0 0 108.453 102.142 0 0.00250069 0.000277855 0 59.9594 0.783996 0 0.156446 
24000 102.123 410.199 0.24981 0 0 108.691 102.337 0 0.00111173 0.000277932 0 60.2232 0.728705 0 0.15754 
24100 101.953 409.799 0.249703 0 0 108.553 102.29 0 0.00138966 0.000277932 0 60.4539 0.631543 0 0.157644 
24200 101.886 409.698 0.249579 0 0 108.478 102.289 0 0.00111204 0 0 60.7011 0.545914 0 0.157219 
24300 102.053 410.876 0.249287 0 0 108.783 102.486 0 0.00250557 0.000556793 0 60.9577 0.573278 0 0.15713 
24400 101.986 410.242 0.249531 0 0 108.591 102.398 0 0.00166759 0.000555864 0 61.2123 0.628212 0 0.157489 
24500 101.97 410.344 0.249598 0 0 108.539 102.422 0 0.000833797 0.000277932 0 61.4694 0.59109 0 0.157034 
24600 102.229 411.611 0.249494 0 0 108.829 102.66 0 0.00194553 0.000277932 0 61.6929 0.586565 0 0.156154 
24700 102.42 411.806 0.249799 0 0 108.984 102.726 0 0.00138927 0.000277855 0 61.9483 0.608646 0 0.155468 
24800 102.235 410.976 0.249817 0 0 108.837 102.552 0 0.00278009 0.000834028 0 62.2068 0.658396 0 0.154934 
24900 102.296 411.339 0.249883 0 0 108.917 102.676 0 0.000556019 0 0 62.4587 0.718288 0 0.155565 
25000 102.304 411.125 0.249952 0 0 108.95 102.706 0 0.00139082 0.000834492 0 62.7138 0.661582 0 0.155699 
25100 101.968 409.425 0.249677 0 0 108.503 102.172 0 0.000834492 0 0 62.9719 0.669269 0 0.15719 
25200 102.225 410.998 0.249554 0 0 108.922 102.562 0 0.00166945 0.000278242 0 63.2237 0.79706 0 0.157931 
25300 102.295 410.787 0.250039 0 0 108.7 102.393 0 0.00139082 0.000556328 0 63.4929 0.783105 0 0.157348 
25400 102.254 410.395 0.25016 0 0 108.623 102.344 0 0.00111142 0.00055571 0 63.731 0.78555 0 0.157205 
25500 102.311 410.43 0.250064 0 0 108.683 102.425 0 0.000278009 0.000278009 0 63.9775 0.764095 0 0.157044 
25600 102.184 409.383 0.250029 0 0 108.605 102.252 0 0.000833797 0.000555864 0 64.2237 0.833002 0 0.154358 
25700 101.878 408.712 0.249826 0 0 108.406 102.129 0 0.00166713 0.00138927 0 64.4943 0.82791 0 0.156162 
25800 101.739 408.372 0.249754 0 0 108.308 102.039 0 0.00166713 0.000277855 0 64.7405 0.790696 0 0.156147 
25900 102.021 409.761 0.249727 0 0 108.57 102.252 0 0.00222346 0.000833797 0 64.9847 0.887565 0 0.157015 
26000 101.854 409.028 0.249548 0 0 108.545 102.092 0 0.00138927 0.000277855 0 65.2303 0.848145 0 0.156367 
26100 101.913 408.979 0.249727 0 0 108.598 102.121 0 0.00083426 0 0 65.4844 0.866717 0 0.158679 
26200 101.663 407.829 0.249805 0 0 108.358 101.839 0 0.000834028 0.000278009 0 65.7342 0.845925 0 0.157044 
26300 101.511 408.126 0.249383 0 0 108.364 101.885 0 0.000556328 0.000556328 0 65.9719 0.795612 0 0.157214 
26400 101.694 408.364 0.249574 0 0 108.527 101.981 0 0.00222408 0.000834028 0 66.2082 0.799757 0 0.155005 
26500 101.67 407.784 0.249921 0 0 108.378 101.814 0 0.00111204 0.000834028 0 66.4768 0.744852 0 0.155638 
26600 101.862 408.159 0.250247 0 0 108.349 101.986 0 0.00083426 0 0 66.725 0.6534 0 0.156255 
26700 102.085 408.56 0.250527 0 0 108.48 102.09 0 0.00166713 0.00055571 0 66.9647 0.778915 0 0.155063 
26800 102.153 409.68 0.250315 0 0 108.631 102.173 0 0.00111173 0.000277932 0 67.2276 0.705754 0 0.1554 
26900 102.352 410.058 0.250527 0 0 108.743 102.323 0 0.000278087 0 0 67.4747 0.718049 0 0.155932 
27000 102.469 410.142 0.250543 0 0 108.8 102.402 0 0.00222408 0.000278009 0 67.7503 0.60421 0 0.157109 
27100 102.411 409.248 0.250744 0 0 108.75 102.31 0 0.000833797 0 0 67.9819 0.680073 0 0.155219 
27200 102.321 409.308 0.250537 0 0 108.807 102.253 0 0.00055571 0.000277855 0 68.2176 0.572811 0 0.155295 
27300 101.999 408.104 0.250401 0 0 108.438 101.906 0 0.00250069 0.00166713 0 68.4885 0.525348 0 0.154913 
27400 102.157 408.258 0.25062 0 0 108.575 102.028 0 0.000278009 0 0 68.7387 0.344534 0 0.156404 
27500 102.293 408.692 0.250636 0 0 108.793 102.168 0 0.00166852 0.000278087 0 68.9577 0.565868 0 0.153264 
27600 102.386 409.26 0.250673 0 0 108.885 102.333 0 0.000834957 0.000278319 0 69.2115 0.619539 0 0.153701 
27700 102.37 408.987 0.250806 0 0 108.812 102.327 0 0.00139082 0.000278164 0 69.4784 0.559949 0 0.155902 
27800 102.381 408.908 0.250951 0 0 108.806 102.335 0 0.00222469 0 0 69.7392 0.537805 0 0.156552 
27900 102.964 409.994 0.251663 0 0 108.96 102.562 0 0.00166852 0.00111235 0 69.9864 0.662494 0 0.156181 
28000 104.064 409.503 0.25407 0 0 108.85 102.392 0 0.00138927 0.00055571 0 70.2131 0.685546 0 0.156633 
28100 102.283 408.466 0.250748 0 0 108.629 102.116 0 0.00277855 0.00138927 0 70.461 0.751752 0 0.157801 
28200 102.441 408.969 0.250761 0 0 108.795 102.227 0 0.00138889 0.000277778 0 70.7147 0.759085 0 0.157706 
28300 102.503 409.013 0.250916 0 0 108.754 102.273 0 0.000833797 0.000277932 0 70.9591 0.847184 0 0.156156 
28400 102.325 408.369 0.250836 0 0 108.625 102.141 0 0.00250348 0.000834492 0 71.2117 0.93217 0 0.15422 
28500 103.172 407.569 0.253124 0 0 108.452 102.051 0 0.000556019 0.000278009 0 71.4935 0.902765 0 0.157057 
28600 105.398 407.784 0.257655 0 0 108.513 102.011 0 0.00111235 0.000278087 0 71.7353 0.726295 0 0.15743 
28700 102.42 408.565 0.25086 0 0 108.605 102.06 0 0.00111235 0.000556174 0 71.9903 0.751746 0 0.156292 
28800 102.481 408.391 0.25102 0 0 108.632 102.139 0 0.00111235 0.000556174 0 72.2328 0.777534 0 0.155298 
28900 102.618 407.257 0.251965 0 0 108.386 101.921 0 0.00055571 0.00055571 0 72.5132 0.712742 0 0.160422 
29000 102.967 407.688 0.252551 0 0 108.57 102.111 0 0.000833797 0.000277932 0 72.7518 0.603222 0 0.157787 
29100 102.79 408.401 0.251795 0 0 108.765 102.272 0 0.00111235 0.000278087 0 72.9825 0.558251 0 0.156158 
29200 106.966 408.982 0.26053 0 0 108.857 102.373 0 0.00166806 0.000834028 0 73.2263 0.532333 0 0.155707 
29300 103.149 407.411 0.253226 0 0 108.487 101.99 0 0.00194553 0.00111173 0 73.5139 0.565804 0 0.159456 
29400 103.322 407.407 0.253564 0 0 108.464 101.99 0 0.00333611 0.00166806 0 73.7823 0.597179 0 0.156949 
29500 102.925 409.392 0.251838 0 0 108.892 102.537 0 0.00166898 0.000834492 0 74.0348 0.660459 0 0.158312 
29600 103.204 409.752 0.252456 0 0 108.919 102.558 0 0.00111173 0.000277932 0 74.2929 0.707232 0 0.15894 
29700 103.994 409.294 0.254434 0 0 108.767 102.484 0 0.00139121 0.000278242 0 74.5604 0.733397 0 0.15841 
29800 111.817 408.603 0.271502 0 0 108.484 102.198 0 0.00166806 0.000834028 0 74.8407 0.632217 0 0.157942 
29900 104.996 410.224 0.256217 0 0 108.874 102.622 0 0.00250209 0.00111204 0 75.0979 0.639208 0 0.159696 
30000 105.57 409.335 0.25785 0 0 108.695 102.416 0 0.00166852 0.000556174 0 75.3623 0.616657 0 0.160449 
30100 104.961 409.781 0.256308 0 0 108.645 102.419 0 0.00138889 0.00111111 0 75.6181 0.46681 0 0.159636 
30200 107.231 409.513 0.261297 0 0 108.692 102.394 0 0.00111142 0 0 75.8655 0.509083 0 0.161802 
30300 105.481 410.995 0.256336 0 0 108.941 102.747 0 0.000277855 0 0 76.1417 0.566799 0 0.162823 
30400 115.968 412.239 0.275619 0 0 109.232 102.961 0 0.00222346 0.00111173 0 76.3852 0.571117 0 0.161983 
30500 106.466 411.97 0.258378 0 0 109.085 102.857 0 0.00166852 0.00111235 0 76.6282 0.547865 0 0.162461 
30600 109.436 411.324 0.265051 0 0 108.959 102.678 0 0.000556793 0.000278396 0 76.875 0.554871 0 0.163252 
30700 106.005 411.108 0.257702 0 0 108.763 102.505 0 0.00361513 0.00139043 0 77.1769 0.369425 0 0.164768 
30800 110.72 412.939 0.266891 0 0 109.126 102.801 0 0.00111204 0.000278009 0 77.4103 0.44429 0 0.162195 
30900 110.158 412.123 0.262533 0 0 109.029 102.637 0 0.00166713 0.000277855 0 77.6996 0.375494 0 0.164215 
31000 127.986 412.817 0.2826 0 0 109.129 102.616 0 0.000278242 0 0 77.916 0.292316 0 0.163372 
31100 105.305 414.123 0.254546 0 0 109.387 102.913 0 0.00083612 0.000278707 0 78.1851 0.225353 0 0.167708 
31200 108.89 415.334 0.261709 0 0 109.605 103.152 0 0.000556328 0 0 78.3983 0.269194 0 0.16488 
31300 106.463 413.773 0.257226 0 0 109.24 102.753 0 0.00166852 0.000556174 0 78.7264 0.194252 0 0.168802 
31400 115.108 414.214 0.275218 0 0 109.448 102.95 0 0.00194661 0.000556174 0 78.9511 0.140981 0 0.163958 
31500 111.001 414.251 0.262332 0 0 109.323 102.79 0 0.00111297 0.000834725 0 79.2248 -0.0013022 0 0.169104 
31600 124.265 414.96 0.281265 0 0 109.551 102.924 0 0.00166852 0.00083426 0 79.4244 -0.0259089 0 0.164297 
31700 109.934 415.114 0.263481 0 0 109.69 102.981 0 0.00139005 0.000278009 0 79.7048 -0.0203526 0 0.170022 
31800 115.359 414.802 0.275656 0 0 109.596 102.943 0 0.00139082 0.000556328 0 79.9346 -0.0693929 0 0.1656 
31900 109.841 414.717 0.26383 0 0 109.514 102.818 0 0.00166898 0.000556328 0 80.2423 -0.0656233 0 0.169746 
32000 116.678 414.653 0.274261 0 0 109.497 102.82 0 0.00083426 0 0 80.4725 0.016276 0 0.16579 
32100 116.735 413.765 0.272812 0 0 109.27 102.645 0 0.000555864 0.000277932 0 80.7671 -0.0622315 0 0.170522 
32200 150.283 415.817 0.310157 0 0 109.56 102.981 0 0.00111204 0 0 81.0553 0.00270878 0 0.168602 
32300 113.224 417.536 0.267223 0 0 109.804 103.363 0 0.00250139 0.00166759 0 81.2904 -0.120496 0 0.172357 
32400 114.481 418.136 0.271908 0 0 109.864 103.458 0 0.00139005 0 0 81.563 -0.167822 0 0.170766 
32500 109.478 419.534 0.260973 0 0 110.051 103.646 0 0.00139043 0.000556174 0 81.9549 -0.267185 0 0.174088 
32600 115.273 418.522 0.272971 0 0 109.854 103.427 0 0.00194715 0.000556328 0 82.1933 -0.240859 0 0.17128 
32700 113.829 417.266 0.265726 0 0 109.535 103.092 0 0.00305981 0.00111266 0 82.3808 -0.157922 0 0.169809 
32800 162.121 419.491 0.316789 0 0 110.045 103.478 0 0.000278242 0.000278242 0 82.6722 -0.280693 0 0.171142 
32900 113.207 421.082 0.26415 0 0 110.461 103.727 0 0.00111328 0 0 82.9594 -0.15405 0 0.173856 
33000 130.605 421.841 0.289601 0 0 110.597 103.913 0 0.000834492 0.000278164 0 83.2175 -0.199646 0 0.169643 
33100 114.684 420.493 0.269037 0 0 110.332 103.624 0 0.00222531 0.000556328 0 83.5469 -0.214452 0 0.175872 
33200 121.098 419.088 0.281048 0 0 109.979 103.229 0 0.00139043 0.000278087 0 83.7592 -0.16059 0 0.174788 
33300 114.138 418.753 0.269374 0 0 109.77 103.048 0 0.00194553 0.000277932 0 84.047 -0.159029 0 0.173874 
33400 162.084 420.892 0.321106 0 0 110.263 103.531 0 0.00111204 0.000278009 0 84.2705 -0.181859 0 0.1713 
33500 120.874 421.436 0.277304 0 0 110.372 103.548 0 0.00139082 0.000834492 0 84.5591 -0.34689 0 0.174733 
33600 139.876 421.673 0.303076 0 0 110.388 103.504 0 0.00139198 0 0 84.8419 -0.285421 0 0.174453 
33700 131.333 424.901 0.290011 0 0 110.745 104.073 0 0.00111235 0.000278087 0 85.1719 -0.277911 0 0.178584 
33800 143.425 424.668 0.309179 0 0 110.708 104.154 0 0.00139082 0.000278164 0 85.4846 -0.367773 0 0.179091 
33900 135.755 426.869 0.295772 0 0 110.994 104.453 0 0.00222531 0.000834492 0 85.8531 -0.417877 0 0.185194 
34000 160.219 427.353 0.326375 0 0 111.142 104.504 0 0.00166991 0.000278319 0 86.0824 -0.466824 0 0.183405 
34100 138.589 426.822 0.303361 0 0 110.988 104.281 0 0.00139198 0.000278396 0 86.3371 -0.541009 0 0.187416 
34200 166.15 427.36 0.34104 0 0 110.959 104.329 0 0.00111359 0.000278396 0 86.6022 -0.500196 0 0.187781 
34300 140.997 427.292 0.311687 0 0 110.73 104.093 0 0.00139159 0 0 87.0331 -0.644942 0 0.194899 
34400 166.393 427.057 0.349709 0 0 110.665 104.103 0 0.0011139 0.000556948 0 87.264 -0.618264 0 0.19298 
34500 142.947 426.317 0.31798 0 0 110.592 104.002 0 0.00139315 0.000835887 0 87.5358 -0.658163 0 0.198168 
34600 184.394 427.643 0.373719 0 0 110.704 104.079 0 0.000833797 0 0 87.8949 -0.586481 0 0.195604 
34700 148.107 428.138 0.323308 0 0 110.666 104.208 0 0.000833797 0.000277932 0 88.264 -0.654044 0 0.206808 
34800 177.446 429.886 0.360567 0 0 110.895 104.552 0 0.00166991 0.00111328 0 88.5589 -0.623883 0 0.205749 
34900 152.083 430.81 0.329366 0 0 110.968 104.669 0 0.00194823 0.000278319 0 89.0106 -0.688498 0 0.213984 
35000 183.947 430.957 0.368172 0 0 111.056 104.542 0 0.000557724 0 0 89.2652 -0.686125 0 0.212745 
35100 164.242 432.354 0.342053 0 0 111.192 104.727 0 0.000557103 0.000278552 0 89.6387 -0.865623 0 0.214314 
35200 185.997 433.531 0.37043 0 0 111.21 104.828 0 0.000835655 0 0 89.9621 -0.930801 0 0.203207 
35300 160.79 430.753 0.341416 0 0 110.399 104.156 0 0.00139431 0.000836587 0 90.2789 -0.935755 0 0.208543 
35400 208.654 432.044 0.406604 0 0 110.569 104.332 0 0.00139082 0.000556328 0 90.6214 -0.976612 0 0.208244 
35500 170.804 433.284 0.365794 0 0 110.723 104.389 0 0.00111297 0 0 91.0954 -1.06023 0 0.226561 
35600 198.41 433.794 0.405368 0 0 110.747 104.37 0 0.00111328 0.000278319 0 91.4431 -1.10891 0 0.226074 
35700 172.269 435.694 0.371926 0 0 110.91 104.51 0 0.00111142 0.000277855 0 91.9508 -1.10503 0 0.240983 
35800 196.873 434.493 0.416989 0 0 110.636 104.312 0 0.00111266 0.000556328 0 92.1747 -1.0752 0 0.23666 
35900 171.925 435.628 0.375201 0 0 110.576 104.187 0 0.00139159 0.000556638 0 92.6902 -1.17785 0 0.247453 
36000 194.485 434.339 0.402104 0 0 110.154 103.839 0 0.000278242 0 0 92.8884 -1.10136 0 0.231007 
36100 166.696 434.138 0.366879 0 0 110.051 103.695 0 0.00278319 0.00166991 0 93.2327 -1.18757 0 0.245107 
36200 191.116 433.465 0.409267 0 0 109.766 103.353 0 0.00139159 0 0 93.6429 -1.39071 0 0.240254 
36300 175.937 433.039 0.384878 0 0 109.489 103.159 0 0.00166991 0.000834957 0 94.0955 -1.4976 0 0.254184 
36400 189.515 434.732 0.408442 0 0 109.785 103.499 0 0.000556638 0.000278319 0 94.4172 -1.53283 0 0.238704 
36500 176.414 435.13 0.382139 0 0 109.794 103.527 0 0.00250348 0.000556328 0 94.8712 -1.50284 0 0.25778 
36600 261.418 438.972 0.437394 0 0 110.416 104.087 0 0.00111297 0.000278242 0 95.1786 -1.41134 0 0.247533 
36700 199.928 438.884 0.413387 0 0 110.273 103.954 0 0.00167038 0.00111359 0 95.515 -1.41499 0 0.252886 
36800 212.466 438.353 0.442321 0 0 110.156 103.827 0 0.000834725 0.000556483 0 95.7855 -1.40503 0 0.246102 
36900 189.372 438.524 0.405839 0 0 110.002 103.595 0 0.00222593 0.000834725 0 96.2788 -1.57313 0 0.272164 
37000 202.942 440.299 0.427952 0 0 110.204 104.04 0 0.000278319 0 0 96.5683 -1.55295 0 0.260295 
37100 211.663 440.829 0.443936 0 0 110.16 103.961 0 0.00138966 0.000277932 0 97.1417 -1.55189 0 0.27585 
37200 236.332 441.623 0.48276 0 0 110.011 103.879 0 0.000556174 0 0 97.5225 -1.534 0 0.278448 
37300 235.335 444.565 0.459804 0 0 110.542 104.387 0 0.00278009 0.00111204 0 97.918 -1.50401 0 0.288603 
37400 295.161 446.129 0.485247 0 0 110.733 104.584 0 0.00194661 0.000278087 0 98.3134 -1.58219 0 0.280149 
37500 264.5 449.928 0.497731 0 0 111.467 105.285 0 0.00111204 0.000556019 0 98.5735 -1.57719 0 0.281066 
37600 254.456 449.314 0.492074 0 0 111.347 105.142 0 0.00111173 0 0 98.9147 -1.60206 0 0.282626 
37700 261.407 450.053 0.512242 0 0 111.356 105.214 0 0.00167177 0.000557258 0 99.2327 -1.69008 0 0.280909 
37800 273.692 449.981 0.514471 0 0 111.132 104.971 0 0.00167038 0.000556793 0 99.7519 -1.74838 0 0.296176 
37900 276.039 449.286 0.544671 0 0 110.921 104.68 0 0.000834492 0.000278164 0 100.009 -1.80961 0 0.292438 
38000 274.763 447.378 0.544162 0 0 110.348 104.188 0 0.00111266 0 0 100.522 -1.89757 0 0.322559 
38100 273.658 447.475 0.556464 0 0 110.267 104.127 0 0.000556638 0.000556638 0 100.762 -1.91053 0 0.317098 
38200 283.536 446.514 0.57059 0 0 109.862 103.772 0 0.00194769 0.000556483 0 101.383 -2.04011 0 0.344765 
38300 319.872 449.612 0.603903 0 0 110.492 104.309 0 0.000556638 0 0 101.723 -2.11758 0 0.327363 
38400 375.16 451.843 0.626581 0 0 110.626 104.389 0 0.00111328 0.000834957 0 102.304 -2.17991 0 0.365158 
38500 328.951 455.261 0.624478 0 0 111.327 105.02 0 0 0 0 102.699 -2.2673 0 0.359537 
38600 335.017 456.37 0.640492 0 0 111.268 105.004 0 0.00139121 0.000556483 0 103.114 -2.34239 0 0.365692 
38700 337.164 454.668 0.671733 0 0 110.749 104.573 0 0.00111297 0.000278242 0 103.573 -2.39871 0 0.384692 
38800 340.816 454.839 0.679024 0 0 110.66 104.511 0 0.00111359 0.000835189 0 103.833 -2.44886 0 0.396236 
38900 356.785 456.624 0.702581 0 0 110.897 104.77 0 0.00139005 0.000556019 0 104.373 -2.64108 0 0.399875 
39000 371.827 459.354 0.715702 0 0 111.166 105.02 0 0.00166852 0.000278087 0 104.845 -2.71649 0 0.415523 
39100 355.563 461.799 0.708967 0 0 111.255 105.16 0 0.00111173 0 0 105.387 -2.84981 0 0.459724 
39200 375.076 462.486 0.724189 0 0 111.388 105.191 0 0.00166852 0.000556174 0 105.831 -2.91161 0 0.439699 
39300 366.034 463.689 0.721046 0 0 111.504 105.299 0 0.00111204 0 0 106.208 -3.00305 0 0.468927 
39400 374.521 462.947 0.728227 0 0 111.31 105.093 0 0.00111266 0.000556328 0 106.481 -3.08559 0 0.458076 
39500 394.018 466.875 0.738884 0 0 111.762 105.826 0 0.000834492 0.000278164 0 106.93 -3.18291 0 0.471933 
39600 415.22 467.52 0.744838 0 0 111.858 105.977 0 0.00222408 0.000556019 0 107.218 -3.19414 0 0.442034 
39700 382.321 469.231 0.732515 0 0 112.134 106.183 0 0.00166759 0.000833797 0 107.733 -3.1869 0 0.467716 
39800 411.691 470.122 0.761151 0 0 112.16 106.244 0 0.000834492 0.000278164 0 108.051 -3.22452 0 0.460815 
39900 397.131 473.273 0.755757 0 0 112.767 106.915 0 0.0011139 0.000278474 0 108.321 -3.206 0 0.47163 
40000 416.757 472.922 0.787987 0 0 112.624 106.749 0 0.00194607 0.00111204 0 108.89 -3.40241 0 0.465372 
40100 416.887 474.108 0.794451 0 0 112.847 106.952 0 0.00111173 0.000277932 0 109.312 -3.48751 0 0.491324 
40200 421.025 474.062 0.79901 0 0 112.704 106.701 0 0.000834028 0.000278009 0 109.724 -3.57837 0 0.466239 
40300 417.229 473.943 0.788548 0 0 112.467 106.549 0 0.00111266 0.000278164 0 110.191 -3.62679 0 0.485281 
40400 432.366 472.858 0.811885 0 0 112.229 106.276 0 0.000556328 0.000278164 0 110.655 -3.73303 0 0.488999 
40500 421.735 472.798 0.808485 0 0 112.026 106.16 0 0.000555864 0.000277932 0 111 -3.80816 0 0.491139 
40600 438.951 472.622 0.835867 0 0 111.951 106.004 0 0.00166806 0.000834028 0 111.486 -3.84593 0 0.487084 
40700 435.336 468.9 0.838841 0 0 111.088 105.14 0 0.000556174 0.000278087 0 112.064 -3.97147 0 0.523673 
40800 443.006 468.387 0.854469 0 0 110.87 104.937 0 0.00166945 0.000278242 0 112.422 -3.96788 0 0.502455 
40900 444.822 468.672 0.853992 0 0 110.736 104.92 0 0.000556174 0.000278087 0 112.958 -3.92529 0 0.524342 
41000 474.668 470.354 0.889884 0 0 110.912 105.103 0 0.00139005 0 0 113.579 -3.98389 0 0.531528 
41100 461.088 467.426 0.878633 0 0 110.317 104.451 0 0.000278087 0 0 113.862 -4.03604 0 0.544984 
41200 477.197 469.273 0.90303 0 0 110.508 104.767 0 0.00250348 0.00166898 0 114.338 -3.97982 0 0.525888 
41300 477.466 471.238 0.900995 0 0 110.643 104.962 0 0.00083426 0 0 115 -4.19213 0 0.57086 
41400 499.609 472.846 0.923507 0 0 110.911 105.213 0 0.000833565 0 0 115.373 -4.27363 0 0.536085 
41500 491.219 472.693 0.911229 0 0 110.729 105.071 0 0.000556328 0 0 115.943 -4.28134 0 0.56643 
41600 515.883 474.029 0.93645 0 0 110.894 105.231 0 0.000555864 0 0 116.326 -4.2288 0 0.555168 
41700 511.006 474.977 0.938139 0 0 110.956 105.29 0 0.000556174 0.000278087 0 116.817 -4.35621 0 0.587222 
41800 524.077 476.824 0.954615 0 0 111.361 105.581 0 0.000834492 0 0 117.153 -4.44864 0 0.54936 
41900 512.233 480.553 0.942467 0 0 111.63 105.881 0 0.00111328 0.00111328 0 117.629 -4.55627 0 0.610007 
42000 527.953 480.934 0.958989 0 0 111.562 105.792 0 0.00222593 0.000556483 0 118.005 -4.61439 0 0.575483 
42100 540.141 484.557 0.962848 0 0 112.225 106.538 0 0.000278242 0 0 118.464 -4.61148 0 0.605944 
42200 541.024 485.049 0.973806 0 0 112.304 106.621 0 0.00222655 0 0 118.804 -4.62378 0 0.570043 
42300 530.318 485.478 0.964152 0 0 112.331 106.636 0 0.00166945 0.000834725 0 119.277 -4.62408 0 0.61962 
42400 540.467 486.772 0.97421 0 0 112.581 106.876 0 0.0011139 0.000278474 0 119.607 -4.72481 0 0.58698 
42500 543.915 489.551 0.971128 0 0 112.927 107.232 0 0.00139043 0.000278087 0 120.113 -4.61862 0 0.61416 
42600 589.926 492.946 0.99695 0 0 113.303 107.629 0 0.000278087 0.000278087 0 120.655 -4.6094 0 0.596034 
42700 596.12 495.609 1.00475 0 0 114.06 108.374 0 0.000556174 0.000278087 0 121.128 -4.68229 0 0.621901 
42800 608.526 493.9 1.01595 0 0 113.742 108.019 0 0.00166945 0 0 121.406 -4.66212 0 0.606772 
42900 604.042 500.744 1.0152 0 0 115.058 109.322 0 0.00194715 0.000278164 0 121.895 -4.72327 0 0.635848 
43000 622.732 500.455 1.02378 0 0 114.93 109.278 0 0.000278164 0 0 122.216 -4.75554 0 0.62503 
43100 614.882 503.568 1.02591 0 0 115.512 109.703 0 0.00166945 0.000556483 0 122.683 -4.69742 0 0.638305 
43200 615.324 502.111 1.03825 0 0 115.01 109.262 0 0.00111142 0.000277855 0 122.907 -4.60076 0 0.647991 
43300 593.915 500.003 1.04321 0 0 114.507 108.751 0 0.00194661 0.000556174 0 123.283 -4.88314 0 0.638549 
43400 608.552 502.368 1.06006 0 0 114.961 109.183 0 0.00250209 0.000556019 0 123.778 -4.91705 0 0.643307 
43500 624.469 504.471 1.06905 0 0 115.085 109.371 0 0.000278319 0 0 124.078 -4.86715 0 0.639933 
43600 652.302 505.333 1.08544 0 0 115.014 109.264 0 0.00138927 0.000277855 0 124.604 -4.91651 0 0.654621 
43700 646.83 509.187 1.08637 0 0 115.631 110.056 0 0.00166759 0.000555864 0 124.942 -4.95092 0 0.670761 
43800 659.676 509.81 1.0962 0 0 115.857 110.213 0 0.00166806 0.000556019 0 125.221 -5.02728 0 0.675641 
43900 664.691 511.784 1.10003 0 0 116.104 110.524 0 0.000277932 0 0 125.634 -4.97406 0 0.661925 
44000 665.618 510.827 1.11046 0 0 115.929 110.298 0 0.00222408 0.000834028 0 125.913 -4.99079 0 0.68713 
44100 689.377 513.941 1.12917 0 0 116.383 110.801 0 0.000556019 0 0 126.393 -5.06723 0 0.70532 
44200 710.016 515.131 1.14856 0 0 116.677 111.114 0 0.00361915 0.00111359 0 126.809 -5.16496 0 0.684019 
44300 732.968 519.456 1.15888 0 0 117.45 111.905 0 0.000556638 0.000278319 0 127.31 -5.27836 0 0.726925 
44400 730.875 520.855 1.16125 0 0 117.706 112.091 0 0.00166945 0.000556483 0 127.603 -5.29472 0 0.700082 
44500 757.424 525.116 1.17013 0 0 118.35 112.745 0 0.000833797 0 0 128.031 -5.2312 0 0.733915 
44600 775.734 527.72 1.18452 0 0 118.498 112.947 0 0.000556174 0 0 128.309 -5.32276 0 0.700902 
44700 792.213 532.491 1.18811 0 0 119.421 113.844 0 0.00111204 0.000278009 0 128.638 -5.39802 0 0.75031 
44800 839.051 535.34 1.20607 0 0 119.971 114.324 0 0.000833797 0 0 128.892 -5.36192 0 0.702384 
44900 833.553 540.832 1.20627 0 0 121.044 115.378 0 0.000834725 0.000556483 0 129.266 -5.42229 0 0.749196 
45000 851.543 541.543 1.22311 0 0 121.1 115.471 0 0.00166945 0.000556483 0 129.61 -5.39902 0 0.735195 
45100 889.376 545.747 1.2344 0 0 121.908 116.324 0 0.000835422 0.000556948 0 130.022 -5.48759 0 0.784001 
45200 927.832 550.61 1.24879 0 0 122.773 117.21 0 0.00111328 0 0 130.261 -5.49015 0 0.75188 
45300 848.726 555.715 1.22152 0 0 123.81 118.053 0 0.00111421 0.000278552 0 130.472 -5.4572 0 0.771528 
45400 866.447 557.079 1.23074 0 0 124.048 118.31 0 0.00111328 0 0 130.708 -5.49915 0 0.759042 
45500 891.889 557.017 1.24951 0 0 124.007 118.234 0 0.00139198 0.000556793 0 131.133 -5.64608 0 0.768708 
45600 911.453 562.636 1.25626 0 0 125.029 119.401 0 0.000835189 0.000278396 0 131.457 -5.54301 0 0.766165 
45700 895.402 562.378 1.25606 0 0 125.02 119.327 0 0.000556483 0.000278242 0 131.783 -5.57008 0 0.752413 
45800 929.545 564.311 1.26756 0 0 125.274 119.606 0 0.000834028 0 0 132.086 -5.55923 0 0.772577 
45900 962.999 568.82 1.28268 0 0 126.004 120.52 0 0.00083426 0 0 132.353 -5.5497 0 0.788162 
46000 980.202 569.876 1.28797 0 0 126.215 120.651 0 0.000834957 0 0 132.571 -5.53142 0 0.775876 
46100 1027.75 575.727 1.3093 0 0 127.339 121.712 0 0 0 0 132.89 -5.54459 0 0.752358 
46200 1070.53 580.926 1.32916 0 0 128.396 122.758 0 0.000835189 0 0 133.309 -5.61262 0 0.795072 
46300 1124.94 585.642 1.35278 0 0 129.21 123.704 0 0.000835887 0.000557258 0 133.624 -5.61389 0 0.796954 
46400 1151.83 591.83 1.36269 0 0 130.488 124.88 0 0.00055788 0 0 133.846 -5.63894 0 0.805481 
46500 1173.56 593.897 1.37342 0 0 130.939 125.388 0 0.000836353 0.000278784 0 134.151 -5.6455 0 0.822812 
46600 1210.55 599.581 1.38768 0 0 132.098 126.265 0 0.00139315 0.000278629 0 134.444 -5.60541 0 0.824228 
46700 1223.95 603.251 1.39252 0 0 132.633 126.858 0 0.00111297 0.000278242 0 134.704 -5.57941 0 0.806369 
46800 1241.38 607.687 1.4002 0 0 133.506 127.716 0 0.00139198 0 0 134.994 -5.58577 0 0.816391 
46900 1254.78 609.073 1.40589 0 0 133.62 127.911 0 0.000278474 0 0 135.26 -5.6356 0 0.828631 
47000 1331.3 616.625 1.43274 0 0 135.103 129.221 0 0.000278087 0.000278087 0 135.683 -5.70252 0 0.864836 
47100 1372.91 620.64 1.45154 0 0 135.87 130.039 0 0.00166852 0.000278087 0 135.866 -5.71477 0 0.883321 
47200 1390.89 624.047 1.4607 0 0 136.57 130.628 0 0.000834028 0.000278009 0 136.15 -5.76208 0 0.890256 
47300 1459.36 628.243 1.487 0 0 137.283 131.434 0 0.000556328 0.000278164 0 136.441 -5.74381 0 0.89945 
47400 1464.19 629.95 1.4891 0 0 137.665 131.622 0 0.000556793 0 0 136.666 -5.74508 0 0.87702 
47500 1549.82 637.143 1.51468 0 0 139.057 132.999 0 0.000278242 0.000278242 0 136.868 -5.75563 0 0.872482 
47600 1593.59 639.513 1.53241 0 0 139.516 133.419 0 0.000556638 0 0 137.042 -5.80849 0 0.87835 
47700 1682.19 645.935 1.55471 0 0 140.648 134.733 0 0.000556483 0.000278242 0 137.289 -5.82505 0 0.901457 
47800 1659.74 648.041 1.5522 0 0 141.176 135.087 0 0.000278319 0 0 137.43 -5.86364 0 0.899118 
47900 1643.51 647.294 1.55115 0 0 141.058 134.803 0 0.000278707 0 0 137.671 -5.81977 0 0.93553 
48000 1728.14 654.288 1.57236 0 0 142.327 136.2 0 0.00111421 0 0 137.924 -5.8417 0 0.906958 
48100 1811.31 661.561 1.595 0 0 143.737 137.677 0 0.000278784 0 0 138.146 -5.86044 0 0.914887 
48200 1871.83 667.709 1.61689 0 0 144.95 138.728 0 0.000558036 0 0 138.461 -5.9301 0 0.929723 
48300 1914.68 672.78 1.63085 0 0 145.903 139.628 0 0.00055788 0.00027894 0 138.665 -5.99195 0 0.947595 
48400 1985.51 678.204 1.64264 0 0 146.983 140.678 0 0.00027894 0 0 138.805 -5.98874 0 0.945671 
48500 2017.8 682.678 1.65271 0 0 147.862 141.424 0 0 0 0 139.059 -5.94761 0 0.953034 
48600 2084.08 690.778 1.67413 0 0 149.412 142.913 0 0.000278629 0 0 139.3 -5.86285 0 0.944448 
48700 2126.46 696.89 1.68344 0 0 150.522 144.128 0 0.000557569 0 0 139.473 -5.90498 0 0.959519 
48800 2238.11 703.803 1.71124 0 0 151.95 145.403 0 0.000556948 0.000278474 0 139.705 -5.93981 0 0.963 
48900 2324.29 713.106 1.72838 0 0 153.748 147.091 0 0.000556793 0 0 139.896 -5.96853 0 0.979489 
49000 2405.47 717.163 1.75502 0 0 154.498 148.039 0 0.000556638 0.000556638 0 140.088 -5.97558 0 0.992573 
49100 2526.39 723.778 1.7838 0 0 155.904 149.318 0 0.000556793 0 0 140.261 -5.94886 0 1.01533 
49200 2563.74 726.608 1.7908 0 0 156.413 149.81 0 0.000557414 0.000278707 0 140.445 -5.94248 0 1.01769 
49300 2694.5 738.22 1.81734 0 0 158.683 152.013 0 0.000278552 0.000278552 0 140.594 -5.92772 0 1.0213 
49400 2743.52 744.196 1.83047 0 0 159.826 153.063 0 0.000835189 0 0 140.692 -5.94893 0 0.999777 
49500 2778.34 749.698 1.83388 0 0 160.965 153.954 0 0.000557414 0.000557414 0 140.726 -5.90525 0 1.03826 
49600 2872.86 757.541 1.86088 0 0 162.518 155.585 0 0.000557103 0 0 140.916 -5.94006 0 1.04628 
49700 2928.34 764.309 1.87018 0 0 163.855 156.907 0 0.000278474 0.000278474 0 141.08 -5.95964 0 1.04237 
49800 2994.53 769.758 1.8881 0 0 164.996 157.846 0 0 0 0 141.284 -5.91219 0 1.04266 
49900 2972.88 770.755 1.87904 0 0 165.206 157.991 0 0.000835422 0.000278474 0 141.428 -5.98882 0 1.0888 
50000 3092.69 780.606 1.89755 0 0 166.927 159.617 0 0 0 0 141.591 -5.98164 0 1.0736 
