# Avida instruction execution data
# Mon Jan 16 16:19:54 2017
#  1: Update
#  2: nop-A
#  3: nop-B
#  4: nop-C
#  5: if-n-equ
#  6: if-less
#  7: if-label
#  8: mov-head
#  9: jmp-head
# 10: get-head
# 11: set-flow
# 12: shift-r
# 13: shift-l
# 14: inc
# 15: dec
# 16: push
# 17: pop
# 18: swap-stk
# 19: swap
# 20: add
# 21: sub
# 22: nand
# 23: h-copy
# 24: h-alloc
# 25: h-divide
# 26: sense-resource0
# 27: time
# 28: IO
# 29: h-search

0 0 0 0 0 0 0 0 0 0 0 0 0 0 0 0 0 0 0 0 0 0 0 0 0 0 0 0 0 
100 0 0 0 0 0 0 0 0 0 0 0 0 0 0 0 0 0 0 0 0 0 0 0 0 0 0 0 0 
200 0 0 0 0 0 0 0 0 0 0 0 0 0 0 0 0 0 0 0 0 0 0 0 0 0 0 0 0 
300 0 0 0 0 0 0 0 0 0 0 0 0 0 0 0 0 0 0 0 0 0 0 0 0 0 0 0 0 
400 0 0 170 0 0 200 200 0 0 0 0 0 0 0 0 0 0 0 0 0 0 200 2 2 0 0 0 4 
500 0 0 170 0 0 200 200 0 0 0 0 0 0 0 0 0 0 0 0 0 0 200 2 2 0 0 0 4 
600 0 0 170 0 0 200 200 0 0 0 0 0 0 0 0 0 0 0 0 0 0 200 2 2 0 0 0 4 
700 0 0 170 0 0 200 200 0 0 0 0 0 0 0 0 0 0 0 0 0 0 200 2 2 0 0 0 4 
800 0 0 340 0 0 400 400 0 0 0 0 0 0 0 0 0 0 0 0 0 0 400 4 4 0 0 0 8 
900 0 0 340 0 0 400 400 0 0 0 0 0 0 0 0 0 0 0 0 0 0 400 4 4 0 0 0 8 
1000 0 0 340 0 0 400 400 0 0 0 0 0 0 0 0 0 0 0 0 0 0 400 4 4 0 0 0 8 
1100 0 0 340 0 0 400 400 0 0 0 0 0 0 0 0 0 0 0 0 0 0 400 4 4 0 0 0 8 
1200 0 0 591 0 0 700 700 2 0 0 0 0 0 0 0 0 0 0 0 0 0 700 7 7 0 0 0 14 
1300 0 0 676 0 0 800 800 2 0 0 0 0 0 0 0 0 0 0 0 0 0 800 8 8 0 0 0 16 
1400 0 0 676 0 0 800 800 2 0 0 0 0 0 0 0 0 0 0 0 0 0 800 8 8 0 0 0 16 
1500 0 0 676 0 0 800 800 2 0 0 0 0 0 0 0 0 0 0 0 0 0 800 8 8 0 0 0 16 
1600 4 0 1182 0 0 1404 1404 4 0 0 0 0 0 0 0 0 0 0 0 0 0 1404 14 14 0 0 0 28 
1700 4 0 1348 0 0 1604 1604 4 0 0 0 0 0 0 0 0 0 0 2 0 0 1604 16 16 0 0 0 32 
1800 4 0 1348 0 0 1604 1604 4 0 0 0 0 0 0 0 0 0 0 2 0 0 1604 16 16 0 0 0 32 
1900 8 0 1654 0 0 2006 2006 6 0 0 0 0 2 0 0 0 0 0 2 0 0 2006 20 20 0 0 0 42 
2000 16 0 2316 2 0 2814 2814 8 0 2 0 0 2 0 0 2 0 0 2 0 0 2814 28 28 0 0 0 58 
2100 14 0 2406 2 0 2912 2912 7 0 2 0 0 2 0 0 4 0 0 4 0 0 2912 29 29 0 0 0 59 
2200 14 0 2406 2 0 2912 2912 7 0 2 0 0 2 0 0 4 0 0 4 0 0 2912 29 29 0 0 0 59 
2300 26 0 3058 2 0 3720 3720 9 0 2 0 0 4 0 0 6 0 4 4 0 0 3720 37 37 2 0 0 75 
2400 40 0 3852 4 0 4733 4733 10 0 4 2 2 4 2 0 10 0 6 6 0 2 4733 47 47 2 0 0 97 
2500 40 0 3856 4 0 4733 4733 10 0 4 2 2 4 1 0 9 0 6 6 0 2 4733 47 47 2 0 0 97 
2600 40 0 3856 4 0 4733 4733 10 0 4 2 2 4 1 0 9 0 6 6 0 2 4733 47 47 2 0 0 97 
2700 64 2 4645 3 0 5753 5755 14 2 5 4 2 7 1 2 11 0 9 5 0 5 5753 57 57 3 6 0 116 
2800 84 2 5668 6 2 7074 7078 18 2 8 10 4 7 2 2 16 0 12 7 0 6 7076 70 70 3 8 0 143 
2900 83 2 5671 6 2 7074 7078 18 2 8 10 4 6 2 2 16 0 11 8 0 6 7076 70 70 3 8 0 143 
3000 83 2 5752 6 2 7073 7077 18 2 8 10 4 6 2 2 16 0 11 8 0 7 7075 71 71 3 8 0 145 
3100 146 6 7055 5 2 8832 8835 27 3 9 14 7 12 2 4 20 0 17 11 0 9 8833 88 88 5 14 0 179 
3200 145 6 7872 8 3 9831 9839 26 3 11 20 8 13 2 3 20 0 17 9 0 11 9834 98 98 6 16 0 200 
3300 145 6 7953 8 4 9932 9941 26 3 11 18 8 13 2 3 21 2 17 9 0 11 9935 99 99 8 16 0 202 
3400 146 8 8026 8 4 10030 10039 26 3 11 18 8 14 2 3 21 2 17 10 0 11 10033 100 100 8 17 0 204 
3500 354 8 9314 9 4 11788 11800 38 8 18 22 16 17 4 7 25 1 27 20 1 13 11793 117 117 6 22 0 238 
3600 357 8 10559 13 6 13394 13409 38 8 20 28 18 18 4 7 29 2 28 21 2 19 13397 133 133 11 21 0 272 
3700 357 8 10558 13 6 13394 13408 38 8 20 28 18 18 4 7 29 3 28 22 2 19 13397 133 133 12 21 0 272 
3800 371 11 10832 11 6 13807 13820 39 8 19 31 19 23 4 7 30 3 29 23 3 21 13809 137 137 13 26 0 279 
3900 408 12 11921 12 8 15448 15464 50 11 22 41 25 33 8 5 31 2 36 17 4 23 15449 152 152 18 31 3 310 
4000 399 9 12919 20 11 16752 16769 47 8 28 44 25 29 8 4 37 2 38 18 4 31 16750 165 165 21 31 5 337 
4100 399 9 12911 20 11 16752 16769 47 8 28 44 25 29 10 4 37 2 38 18 4 31 16750 165 165 21 33 5 337 
4200 409 10 13279 20 11 17260 17278 48 8 30 50 27 33 10 4 36 6 36 18 5 33 17258 170 170 23 38 7 347 
4300 826 15 14848 26 9 19565 19686 58 9 35 59 31 43 12 12 45 6 152 19 6 37 19670 192 192 26 45 10 395 
4400 734 11 15731 32 12 20682 20806 58 7 41 63 32 40 13 11 53 7 153 21 7 47 20784 204 204 26 45 9 424 
4500 733 11 15749 32 12 20681 20806 58 7 41 63 32 39 13 11 53 7 152 21 7 47 20784 204 204 26 45 9 424 
4600 664 13 16294 32 12 21301 21428 62 6 41 65 36 44 15 13 53 7 154 20 9 50 21408 211 211 28 47 9 437 
4700 862 15 18494 36 11 24392 24524 76 11 47 73 42 50 18 18 62 10 172 20 10 60 24503 240 240 30 55 17 495 
4800 898 12 19291 45 14 25436 25570 74 16 58 75 41 51 15 18 73 10 175 27 9 65 25546 251 251 29 54 17 521 
4900 897 12 19336 45 16 25545 25677 74 16 57 75 41 51 15 18 74 12 176 26 9 64 25652 252 252 30 54 17 523 
5000 936 15 19734 44 16 26174 26307 77 17 62 75 41 59 15 18 74 10 177 27 9 64 26284 258 258 36 59 17 539 
5100 1343 18 22131 52 15 29448 29692 94 23 72 88 63 65 115 27 85 14 192 36 15 81 29672 291 291 37 67 26 614 
5200 1400 17 22832 57 17 30660 30854 96 21 79 88 63 67 65 25 92 18 196 37 14 86 30835 301 301 36 70 28 641 
5300 1353 21 23046 57 22 31085 31228 98 21 76 89 64 67 297 26 96 18 147 36 14 85 31204 304 304 38 69 28 645 
5400 1455 24 24109 55 22 32574 32714 111 23 77 98 72 79 298 31 97 18 157 35 11 84 32695 318 318 39 78 29 670 
5500 1641 31 26586 70 22 35713 35872 127 24 88 113 80 96 304 38 99 17 167 43 19 106 35843 349 349 43 91 35 732 
5600 1598 34 27162 73 27 36723 36831 128 24 90 116 79 99 255 35 108 20 166 48 20 111 36803 358 358 43 97 39 758 
5700 1692 34 27351 73 32 36839 37044 129 24 90 118 79 99 372 133 111 21 167 47 21 110 37012 361 361 45 96 38 763 
5800 1942 40 27988 74 32 37639 37947 132 30 91 124 85 112 260 137 105 25 172 43 23 117 37917 371 371 46 194 37 778 
5900 2126 43 30664 87 41 41415 41732 139 37 104 123 94 121 266 139 116 35 188 54 32 131 41697 407 407 53 199 46 851 
6000 2264 47 30980 89 45 42148 42459 149 37 104 120 94 119 266 144 126 35 186 58 34 134 42432 413 413 55 201 46 870 
6100 2211 48 31062 87 49 42296 42607 153 29 103 120 95 115 263 145 128 37 187 57 34 132 42576 415 415 58 202 46 876 
6200 2243 58 33031 90 55 45279 45594 164 37 102 131 97 140 274 152 135 38 201 52 36 142 45566 443 443 67 220 48 935 
6300 2473 61 35418 107 56 48711 49032 174 48 121 140 111 144 282 155 146 46 216 65 42 158 49012 475 475 80 226 60 1000 
6400 2586 65 35946 112 61 49618 49938 171 51 125 142 109 142 282 156 148 47 217 69 44 167 49921 483 483 78 229 61 1025 
6500 2492 69 36288 110 63 50289 50556 173 50 119 140 112 144 280 161 150 49 368 68 47 169 50532 489 489 78 226 62 1042 
6600 2606 77 38212 124 74 53291 53514 175 56 120 157 112 155 177 161 159 45 386 74 63 182 53491 517 517 91 186 72 1092 
6700 3102 84 40747 141 84 57351 57573 196 53 141 159 123 171 307 164 172 60 300 89 64 195 57563 553 553 104 206 85 1173 
6800 3144 93 41226 147 87 58082 58296 196 56 150 162 123 170 308 166 175 57 304 88 68 201 58297 560 560 99 209 88 1191 
6900 3153 98 41411 145 94 58442 58651 199 55 145 157 120 171 304 170 176 58 304 85 65 196 58650 563 563 97 212 87 1198 
7000 3345 113 43521 156 105 61584 61916 208 72 146 179 133 192 315 185 192 68 317 186 83 212 61897 595 595 114 222 94 1267 
7100 3580 113 45496 174 108 65089 65321 227 74 158 177 140 201 207 141 204 85 237 149 84 218 65319 624 624 115 247 104 1334 
7200 3635 121 45938 183 117 66035 66261 228 73 172 185 143 201 325 143 208 86 238 155 87 222 66269 632 632 113 254 102 1362 
7300 3931 131 46645 184 121 66671 66994 229 85 166 184 153 208 318 147 209 86 242 160 89 211 66999 639 639 113 254 105 1372 
7400 4293 147 49364 193 130 70454 70794 238 98 176 228 160 233 338 109 220 100 267 165 112 237 70802 678 678 140 222 119 1454 
7500 4505 152 51291 204 132 73843 74142 251 90 188 242 165 242 231 116 228 110 276 172 109 247 74147 707 707 146 249 124 1521 
7600 4604 156 51720 210 139 74643 74937 254 85 197 251 167 243 230 112 226 108 279 185 111 254 74950 714 714 148 255 124 1539 
7700 4601 158 52141 224 143 75323 75614 254 98 192 247 169 253 350 116 226 107 290 184 123 257 75634 721 721 151 257 133 1548 
7800 5012 184 55048 226 149 79504 79888 261 102 194 282 264 298 234 126 230 123 300 196 143 270 79905 763 763 179 284 142 1634 
7900 5181 189 56792 250 159 82897 83194 273 94 223 292 255 300 247 127 251 137 315 156 143 291 83212 791 791 184 305 147 1704 
8000 5188 198 57031 252 163 83486 83781 272 99 229 297 256 300 245 131 250 139 317 163 145 291 83806 796 796 187 309 140 1723 
8100 5200 205 57681 267 169 84284 84569 276 103 230 303 258 302 239 130 252 139 320 175 163 291 84601 803 803 186 317 146 1741 
8200 5393 232 60810 275 191 88897 89219 275 114 243 344 295 362 382 131 271 153 323 185 170 319 89227 849 849 229 329 157 1824 
8300 6055 239 62594 288 211 92474 92804 297 116 259 346 294 359 282 142 298 163 338 202 175 341 92808 877 877 231 346 178 1892 
8400 6324 243 62988 296 216 93288 93665 299 112 265 349 295 355 282 148 303 164 336 202 177 392 93675 885 885 227 346 175 1926 
8500 6382 249 63802 310 224 94466 94830 299 118 270 362 301 367 291 150 297 158 341 205 192 402 94840 898 898 240 349 184 1948 
8600 6567 275 66389 325 235 98304 98780 309 135 276 384 336 396 180 160 319 157 373 219 214 416 98788 938 938 264 371 294 2031 
8700 6301 288 68359 352 242 101381 101747 328 131 288 384 282 404 194 159 326 175 388 224 214 383 101747 967 967 273 387 307 2106 
8800 6510 290 69029 362 246 102833 103192 323 133 302 382 278 400 201 168 337 177 393 232 221 385 103203 980 980 272 388 310 2156 
8900 6765 303 69974 374 259 104633 105001 338 147 300 397 285 427 204 172 341 181 405 235 249 379 105009 997 997 281 391 328 2179 
9000 6512 325 71911 391 270 107709 108045 347 155 320 413 303 450 211 172 349 184 423 252 270 395 108049 1026 1026 307 415 297 2236 
9100 6858 333 73706 414 284 111327 111672 368 156 334 411 316 448 232 173 370 208 457 267 271 411 111662 1056 1056 327 435 314 2308 
9200 6975 342 75057 442 292 113543 113882 376 153 348 415 311 450 237 176 386 214 461 271 278 425 113883 1077 1077 329 449 325 2373 
9300 6792 344 76317 445 289 115515 115760 382 172 350 433 316 463 235 183 398 215 459 275 303 427 115769 1097 1097 339 461 283 2419 
9400 7309 360 78570 454 307 119788 120049 394 178 373 461 341 497 250 192 422 224 469 309 326 426 120054 1133 1133 366 483 300 2496 
9500 7665 356 79833 480 327 121979 122341 407 178 390 463 362 591 271 189 428 255 486 319 329 458 122335 1155 1155 376 507 315 2554 
9600 8260 356 81320 499 329 124614 125083 423 176 407 481 362 599 294 204 454 259 500 323 335 470 125099 1180 1180 391 519 335 2626 
9700 8155 371 82521 507 340 126291 126771 424 190 411 509 369 617 307 214 454 261 507 337 362 484 126776 1199 1199 413 541 338 2675 
9800 7902 394 85429 521 376 130105 130651 436 205 425 540 390 649 303 225 482 268 500 382 392 499 130626 1242 1242 447 660 345 2768 
9900 8018 391 86863 526 381 133554 133898 452 211 455 543 403 608 329 228 482 300 532 391 402 536 133876 1267 1267 460 582 367 2833 
10000 8300 402 87919 539 391 135436 135746 461 213 455 573 400 550 336 232 504 311 543 394 407 543 135755 1287 1287 460 590 389 2899 
10100 8517 423 89622 566 410 138025 138510 465 232 463 612 398 574 333 243 516 303 557 406 568 553 138509 1315 1315 482 610 392 2959 
10200 8932 444 92428 685 437 142841 143411 478 248 491 648 468 590 346 264 532 309 593 433 533 581 143379 1359 1359 518 704 409 3049 
10300 9560 443 94389 719 445 146335 146901 570 252 528 644 467 590 373 274 547 321 614 457 532 599 146877 1388 1388 516 735 434 3121 
10400 9662 453 95368 832 446 148363 148971 524 251 518 653 467 601 377 281 575 333 634 450 535 602 148951 1407 1407 526 731 458 3178 
10500 9725 485 97490 814 460 151951 152471 521 267 527 684 429 628 388 286 593 334 643 467 568 624 152430 1441 1441 560 753 460 3260 
10600 10205 512 100049 827 477 155920 156566 522 293 561 702 458 636 408 303 604 349 662 488 593 658 156524 1480 1480 702 783 486 3334 
10700 10567 504 101703 806 510 159239 159764 545 300 579 725 463 650 439 313 625 371 674 490 615 683 159740 1508 1508 729 748 516 3417 
10800 10798 514 102750 832 515 161430 161932 558 290 582 736 462 656 443 308 649 373 688 500 617 701 161917 1528 1528 727 767 539 3492 
10900 10776 548 104987 867 551 164582 165193 541 304 593 776 463 691 457 334 671 386 699 524 653 730 165179 1565 1565 766 785 537 3584 
11000 11211 587 107644 834 572 167955 168670 540 328 637 783 485 718 480 343 695 400 720 557 678 769 168711 1602 1602 778 806 550 3649 
11100 11592 586 108844 867 578 170524 171235 563 346 659 795 509 726 499 363 718 405 726 572 687 776 171266 1626 1626 810 840 568 3719 
11200 11922 612 110430 893 605 173160 173856 574 341 664 829 512 727 516 364 755 428 740 599 703 794 173908 1655 1655 811 878 586 3809 
11300 11819 643 112597 919 597 176738 177632 561 345 664 922 555 795 538 370 920 438 756 623 731 819 177673 1694 1694 855 885 622 3897 
11400 12183 677 115072 926 636 181102 181978 562 376 701 933 579 823 560 380 914 454 773 649 750 831 182030 1732 1732 875 879 634 3965 
11500 12153 677 116487 954 656 184605 185427 570 396 737 931 590 869 594 397 944 470 802 659 773 869 185502 1761 1761 923 928 660 4050 
11600 12592 667 117615 938 649 187557 188420 590 409 735 941 578 853 600 522 986 478 803 680 795 893 188502 1786 1786 922 954 685 4148 
11700 12341 704 120032 959 682 191063 191852 585 423 752 984 619 887 618 479 1014 491 811 707 809 935 191929 1825 1825 958 990 686 4220 
11800 12357 741 121860 971 832 194296 195168 586 453 776 1006 645 863 656 480 1016 531 828 746 828 947 195210 1857 1857 982 981 718 4264 
11900 13068 757 124258 988 846 198595 199448 626 467 806 1088 655 885 672 496 1032 543 846 767 858 961 199482 1890 1890 961 977 756 4343 
12000 16293 777 126688 1031 1108 201581 202763 654 484 823 1111 658 906 696 515 1097 555 888 792 903 1000 202786 1926 1926 1074 1033 764 4470 
12100 16117 812 129428 1057 993 205595 206783 651 503 854 1165 703 953 716 520 1057 559 907 821 915 1036 206778 1966 1966 1111 1064 780 4546 
12200 15787 861 130342 1077 1004 209701 210723 662 520 879 1174 731 964 739 492 1065 589 945 856 928 1049 210755 1996 1996 1084 1062 827 4601 
12300 16177 868 132187 1115 1033 213750 214780 683 530 932 1179 743 974 766 508 1089 605 971 869 953 1052 214823 2031 2031 1117 1077 869 4704 
12400 16343 885 134362 1158 1148 216441 217676 678 542 939 1229 757 1011 773 534 1137 603 963 898 994 1090 217708 2067 2067 1138 1112 870 4813 
12500 16037 920 136332 1184 1154 220164 221215 672 573 960 1274 789 1045 801 540 1094 616 980 931 1018 1137 221228 2104 2104 1184 1131 896 4895 
12600 16935 976 138760 1206 1171 223940 225024 826 607 989 1245 861 1081 805 580 1130 676 1031 960 1038 1180 225031 2138 2138 1205 1149 920 4982 
12700 18287 981 139972 1241 1214 228171 229355 856 614 1015 1251 855 1097 823 595 1143 695 1069 962 1069 1200 229395 2168 2168 1263 1155 1080 5062 
12800 18802 982 142132 1297 1286 232178 233632 853 633 1014 1268 875 1139 851 601 1307 719 1093 1001 1256 1233 233669 2211 2211 1292 1198 1098 5203 
12900 18186 1000 144408 1315 1306 235849 237143 855 666 1028 1285 890 1165 858 615 1233 744 1106 1035 1286 1267 237163 2248 2248 1273 1223 1126 5276 
13000 18721 1043 146638 1360 1303 240212 241567 873 697 1092 1297 905 1178 886 644 1241 768 1166 1060 1290 1297 241678 2286 2286 1300 1259 1141 5347 
13100 18446 1070 147639 1416 1310 242149 243604 889 706 1118 1295 896 1174 897 673 1261 778 1186 1089 1330 1331 243738 2309 2309 1339 1266 1214 5429 
13200 18633 1072 149840 1462 1288 246469 248073 892 735 1133 1340 942 1241 890 688 1327 777 1186 1116 1399 1382 248166 2354 2354 1317 1551 1232 5555 
13300 18545 1122 151914 1623 1312 249897 251721 882 769 1158 1489 970 1263 919 700 1361 810 1220 1159 1459 1413 251812 2396 2396 1333 1607 1257 5660 
13400 19045 1135 153949 1665 1338 254204 255989 819 809 1201 1513 1108 1282 1000 717 1411 848 1245 1195 1471 1449 256097 2430 2430 1371 1531 1303 5745 
13500 17940 1165 155156 1701 1361 257273 258944 784 799 1232 1530 1101 1291 1025 736 1514 857 1263 1215 1437 1494 259094 2460 2460 1401 1540 1287 5809 
13600 18155 1175 156939 1717 1337 260990 262673 762 811 1276 1582 1139 1438 1044 739 1558 899 1266 1255 1506 1514 262812 2500 2500 1421 1596 1171 5946 
13700 18181 1231 160439 1740 1372 266856 268536 764 833 1297 1589 1194 1577 1071 759 1566 912 1297 1298 1502 1540 268641 2557 2557 1479 1641 1215 6078 
13800 18493 1269 162332 1782 1390 271634 273315 763 856 1335 1620 1201 1576 1135 918 1594 945 1337 1312 1507 1549 273404 2596 2596 1491 1671 1266 6142 
13900 18935 1265 163447 1814 1412 274338 275969 789 876 1370 1641 1184 1571 1156 939 1618 949 1338 1342 1529 1590 276090 2620 2620 1525 1675 1281 6213 
14000 18833 1277 165892 1794 1428 279208 280730 815 895 1417 1671 1235 1600 1175 959 1677 981 1324 1356 1607 1649 280840 2665 2665 1549 1760 1316 6323 
14100 19054 1334 168685 1851 1468 285009 286482 808 911 1434 1692 1281 1650 1211 992 1693 1034 1367 1396 1632 1683 286589 2717 2717 1590 1747 1360 6443 
14200 19827 1371 170889 1890 1495 289416 290842 816 956 1474 1737 1286 1772 1255 993 1640 1080 1428 1430 1648 1719 290975 2755 2755 1679 1721 1397 6521 
14300 20187 1520 172576 1921 1467 292612 294222 847 982 1493 1783 1301 1771 1268 1029 1679 1092 1451 1432 1686 1759 294374 2784 2784 1716 1753 1415 6594 
14400 20181 1571 174345 1987 1471 296876 298404 854 1016 1538 1833 1352 1742 1269 1035 1685 1135 1545 1459 1667 1798 298540 2825 2825 1752 1834 1456 6703 
14500 20140 1620 176373 2046 1511 301014 302514 841 1039 1565 1828 1402 1794 1317 1043 1709 1170 1572 1587 1691 1846 302612 2868 2868 1740 1879 1485 6809 
14600 22221 1653 178760 2089 1542 306670 308016 892 1060 1597 1859 1345 1840 1360 1089 1706 1231 1629 1558 1695 1916 308121 2911 2911 1796 1935 1549 6916 
14700 22351 1652 180744 2144 1568 311448 312707 908 1086 1640 1902 1368 1946 1400 1103 1778 1225 1608 1593 1714 1966 312810 2951 2951 1818 1978 1575 7033 
14800 21609 1660 182372 2210 1698 315115 316552 919 1098 1687 1941 1423 1840 1393 1112 1929 1245 1685 1622 1730 2013 316637 2990 2990 1798 2024 1597 7150 
14900 21758 1634 185487 2250 1652 319954 321198 925 1102 1710 1959 1492 1883 1449 1169 1956 1289 1673 1632 1785 2045 321333 3035 3035 1832 2116 1623 7292 
15000 21769 1753 187226 2288 1644 323706 324986 1127 1134 1733 2017 1475 1912 1491 1170 1992 1325 1717 1648 1825 2056 325109 3070 3070 1855 2142 1687 7393 
15100 22080 1693 188079 2327 1685 325806 327261 1123 1148 1743 2041 1458 1942 1546 1208 2025 1351 1701 1692 1861 2091 327379 3094 3094 2008 2160 1826 7428 
15200 22149 1751 190101 2413 1649 329904 331515 1170 1171 1818 2064 1490 2002 1556 1208 2037 1359 1688 1704 1908 2279 331630 3136 3136 2007 2338 1836 7553 
15300 21853 1705 192175 2407 1657 333718 335267 1055 1181 1833 2098 1551 2058 1598 1228 2301 1387 1704 1720 2131 2319 335341 3176 3176 2021 2404 1855 7635 
15400 22041 1739 193463 2410 1676 336717 338300 1056 1220 1851 2141 1486 2078 1641 1225 2306 1440 1737 1820 2143 2354 338393 3202 3202 2036 2417 1879 7689 
15500 22148 1718 194275 2453 1716 338763 340380 1042 1232 1867 2132 1481 2082 1671 1352 2407 1468 1754 1851 2171 2390 340495 3223 3223 2053 2439 1838 7741 
15600 22953 1762 195990 2516 1748 342844 344625 1161 1241 1945 2191 1496 2140 1702 1373 2526 1474 1773 1882 2191 2396 344726 3263 3263 1999 2395 1860 7867 
15700 22171 1772 197006 2528 1684 344935 346711 1135 1252 1972 2215 1558 2187 1719 1397 2644 1480 1762 1896 2229 2421 346798 3288 3288 1998 2435 1899 7903 
15800 22214 1782 197836 2537 1697 346719 348540 1127 1287 1989 2228 1549 2200 1738 1430 2847 1528 1750 1932 2245 2459 348671 3306 3306 2048 2441 1919 7973 
15900 22693 1786 198586 2552 1734 348194 350315 1135 1319 1989 2240 1533 2193 1762 1545 2734 1538 1748 1948 2158 2474 350458 3320 3320 2061 2572 1941 8023 
16000 23248 1948 200925 2641 1761 350032 352592 1161 1346 2021 2271 1579 2235 1766 1534 2697 1792 1795 1959 2168 2449 352729 3352 3352 2076 2588 1973 8062 
16100 24158 1921 201843 2662 1754 352990 355357 1174 1348 2019 2292 1751 2275 1794 1529 2648 1813 1783 1949 2161 2500 355498 3376 3376 2106 2562 2009 8121 
16200 24894 1937 202312 2665 1804 354978 357214 1130 1381 2025 2320 1782 2261 1798 1564 2764 1845 1818 1969 2147 2515 357378 3391 3391 2093 2578 2007 8147 
16300 25128 1932 202427 2703 1806 355927 358289 1133 1416 2056 2330 1721 2286 1907 1572 2889 1851 1815 1973 2263 2626 358496 3401 3401 2098 2599 1975 8165 
16400 25048 1958 204518 2810 1803 358163 360579 1143 1420 2080 2352 1772 2501 1907 1496 2723 1877 1838 1989 2286 2628 360798 3431 3431 2105 2613 2005 8205 
16500 23746 1972 204673 2842 1815 359672 361949 1129 1424 2102 2355 1831 2535 1921 1424 2708 1876 1816 2027 2218 2599 362126 3442 3442 2088 2656 2037 8231 
16600 24695 1975 204939 2863 1798 361733 364041 1149 1435 2141 2359 1857 2598 1987 1388 2744 1896 1854 2066 2254 2618 364278 3456 3456 2083 2638 2058 8273 
16700 24653 1971 205209 2844 1864 362230 364735 1136 1464 2179 2372 1872 2694 1993 1399 2801 1882 1852 2196 2277 2624 364976 3467 3467 2095 2657 2200 8320 
16800 24561 2043 206016 2882 1870 364399 366657 1167 1439 2190 2412 1933 2664 2018 1339 2803 1930 1890 2210 2246 2507 366917 3483 3483 2101 2858 2204 8350 
16900 24577 2032 205899 2830 1887 365446 367605 1182 1477 2194 2387 1882 2929 1998 1356 2753 1944 1941 2247 2256 2507 367864 3489 3489 2084 2872 2222 8354 
17000 24690 2081 206414 2843 1892 366947 369066 1040 1492 2233 2375 1901 2947 2018 1412 2676 1916 1939 2209 2268 2520 369373 3502 3502 2097 2914 2334 8364 
17100 24666 2072 206859 2881 1909 368231 370342 1040 1626 2245 2431 1905 2569 1980 1421 2708 1915 1948 2203 2282 2549 370673 3515 3515 2102 2895 2337 8429 
17200 24881 2109 207021 2891 1935 368809 371056 1057 1588 2266 2457 1965 2637 1997 1416 2691 1937 2076 2301 2259 2508 371385 3522 3522 2122 2780 2355 8437 
17300 24608 2116 207112 2902 1909 369216 371466 1050 1589 2258 2452 2048 2659 2037 1430 2693 1951 2068 2320 2267 2515 371758 3530 3530 2148 2819 2379 8450 
17400 25029 2084 209531 3175 1911 371618 373632 1069 1603 2521 2506 2081 2862 2047 1448 2671 1978 2031 2327 2278 2523 373946 3541 3541 2162 2822 2389 8459 
17500 24397 2063 208325 3076 1993 372246 374252 1069 1737 2408 2624 2068 2505 2072 1502 2802 1900 2148 2281 2255 2562 374578 3551 3551 2167 2702 2413 8491 
17600 24231 2101 208765 3097 2010 373372 375330 1064 1751 2392 2634 2235 2558 2084 1487 2803 1932 2160 2300 2287 2518 375663 3560 3560 2161 2725 2370 8501 
17700 24902 2094 208765 3118 1968 374002 376145 1071 1783 2403 2618 2253 2593 2150 1518 2925 1915 2180 2342 2304 2532 376498 3564 3564 2177 2849 2360 8510 
17800 25164 2119 208569 3135 1959 375147 377104 1074 1808 2408 2527 2261 2589 2126 1553 2963 1866 2143 2333 2287 2570 377498 3568 3568 2199 2860 2358 8520 
17900 24375 2030 208074 3111 2033 375768 377370 1075 1840 2408 2534 2292 2696 2123 1581 2718 1875 2134 2312 2302 2628 377763 3573 3573 2196 2847 2353 8548 
18000 24535 2066 208475 3127 2068 376066 377769 1069 1853 2418 2528 2296 2845 2128 1580 2710 1920 2110 2308 2337 2619 378198 3581 3581 2197 2872 2359 8582 
18100 24467 2068 208121 3130 2294 375383 377307 1071 1857 2464 2516 2415 2863 2163 1601 2684 1916 2108 2319 2321 2625 377757 3581 3581 2200 2855 2369 8567 
18200 24679 2102 208260 3151 2166 376783 378657 1066 1845 2481 2690 2448 2772 2131 1638 2936 1947 2110 2247 2287 2646 379102 3588 3588 2214 2929 2346 8594 
18300 25366 2101 207948 3180 2182 377271 379226 1087 1858 2512 2710 2478 2818 2160 1638 2931 1948 2119 2275 2305 2648 379647 3590 3590 2247 2956 2380 8642 
18400 25327 2119 207597 3301 2177 378297 380145 1093 1880 2627 2722 2384 2827 2184 1635 2823 1964 2057 2322 2327 2648 380569 3593 3593 2263 2891 2388 8644 
18500 25264 2124 206985 3179 2069 380147 381639 1083 1938 2528 2693 2401 2930 2104 1645 2821 1975 2083 2331 2313 2655 382127 3596 3596 2294 2898 2376 8652 
18600 25896 2124 206516 3304 2016 380804 382224 1105 1883 2554 2709 2488 2954 2092 1657 2881 1985 2095 2335 2300 2650 382745 3596 3596 2317 2901 2394 8658 
18700 26416 2124 206035 3309 2039 382100 383440 1401 1890 2578 2866 2459 2972 2089 1673 3130 1988 2089 2358 2317 2627 383939 3599 3599 2336 2807 2402 8682 
18800 25658 2133 205422 3297 2014 381677 382940 1393 1896 2575 2805 2480 2964 2196 1675 3010 1985 2098 2405 2348 2623 383409 3597 3597 2304 2825 2407 8669 
18900 25534 2125 205276 3322 2038 381051 382717 1412 1945 2595 2768 2489 2955 2311 1855 3038 1972 2156 2418 2377 2633 383218 3598 3598 2383 2820 2419 8664 
19000 25317 2149 204709 3351 2006 380428 382046 1414 1907 2608 2707 2504 2881 2395 1862 3002 1992 2130 2403 2360 2741 382590 3594 3594 2410 2791 2508 8659 
19100 25748 2169 204237 3345 2030 381196 382760 1427 1940 2617 2765 2665 3205 2343 1851 3003 2004 2133 2452 2409 2695 383227 3597 3597 2414 2807 2555 8686 
19200 26153 2190 203662 3323 2044 381377 382895 1564 1975 2575 2768 2618 3104 2350 1852 3367 1977 2116 2485 2445 2695 383339 3595 3595 2396 2816 2585 8714 
19300 26093 2207 203581 3192 2079 381430 383001 1803 1965 2456 2758 2593 3110 2359 1888 3397 1988 2166 2481 2412 2688 383462 3599 3599 2372 2835 2544 8706 
19400 26128 2243 203337 3207 2066 381256 382839 1545 1955 2478 2791 2611 3153 2450 1762 3509 2023 2215 2480 2498 2681 383324 3599 3599 2403 2847 2610 8758 
19500 26323 2265 202551 3219 2063 380606 382255 1547 1946 2486 2738 2448 3239 2432 1742 3271 2002 2194 2472 2508 2674 382687 3598 3598 2439 2878 2605 8730 
19600 25683 2264 201982 3251 2107 381103 382522 1398 1922 2451 2712 2475 3499 2466 1784 3010 2009 2186 2483 2519 2712 382925 3599 3599 2407 2904 2619 8755 
19700 25867 2267 202205 3289 2134 381003 382695 1426 1894 2487 2704 2425 3399 2492 1837 3332 2022 2203 2478 2517 2723 383191 3599 3599 2388 3011 2606 8734 
19800 26168 2264 201797 3328 2164 380363 382035 1527 1917 2499 2747 2414 3143 2495 1840 3429 2046 2222 2483 2507 2729 382587 3596 3596 2446 2986 2667 8749 
19900 26744 2284 201575 3326 2250 379508 381383 1402 1949 2532 2768 2432 3182 2513 1851 3410 2047 2331 2501 2577 2728 381903 3597 3597 2508 2982 2638 8772 
20000 27021 2275 201259 3342 2196 379739 381561 1413 2011 2493 2767 2443 3123 2460 1861 3308 2130 2321 2521 2625 2764 382057 3597 3597 2504 2992 2645 8774 
20100 26818 2366 201120 3337 2216 379006 380882 1394 2013 2517 2725 2577 3169 2384 1812 3442 2084 2362 2579 2614 2815 381445 3595 3595 2412 2917 2641 8778 
20200 27222 2333 200467 3344 2223 380038 381660 1151 2053 2535 2762 2614 3383 2373 1834 3539 2050 2367 2615 2567 2765 382256 3593 3593 2457 2917 2599 8784 
20300 26548 2365 200451 3319 2176 380337 381780 1134 2070 2545 2796 2603 3276 2401 1780 3663 2141 2354 2630 2581 2780 382360 3595 3595 2494 2939 2560 8767 
20400 26850 2333 200363 3331 2217 381044 382571 1169 2082 2533 2795 2616 3275 2398 1790 3660 2140 2384 2623 2693 2694 383136 3597 3597 2497 2964 2589 8789 
20500 26543 2379 200010 3364 2357 380727 382181 1166 2091 2570 2759 2587 3296 2380 1822 3445 2165 2369 2618 2628 2743 382800 3599 3599 2486 2986 2617 8806 
20600 26198 2396 199841 3394 2313 381586 382947 1169 2059 2585 2797 2675 3112 2340 1832 3435 2134 2366 2586 2577 2817 383553 3598 3598 2497 2995 2589 8813 
20700 27353 2392 199241 3432 2302 382421 383765 1177 2061 2621 2887 2699 3223 2364 1852 3382 2167 2368 2595 2591 2813 384381 3596 3596 2554 2976 2599 8809 
20800 27683 2390 199152 3555 2318 381935 383458 1195 2065 2617 2958 2735 3246 2378 1875 3280 2081 2392 2577 2603 2823 384133 3599 3599 2523 3087 2621 8829 
20900 28362 2342 199385 3564 2277 381408 383173 1209 2060 2645 2897 2762 3258 2360 1892 3306 2094 2436 2559 2587 2857 383912 3598 3598 2505 3273 2639 8831 
21000 28648 2361 198633 3531 2307 382074 383717 1212 2058 2698 2929 2787 3214 2349 1881 3197 2115 2463 2579 2682 2851 384426 3596 3596 2549 3227 2654 8824 
21100 28570 2353 198543 3541 2312 382608 384253 1210 2065 2711 2944 2805 2991 2383 1903 3192 2143 2453 2589 2629 2882 384940 3599 3599 2670 3239 2640 8862 
21200 28394 2327 197966 3492 2287 382143 383645 1215 2138 2707 2933 2823 3015 2322 1907 2989 2149 2444 2620 2570 2906 384332 3595 3595 2622 3251 2649 8883 
21300 29663 2361 198023 3434 2275 382771 384165 1221 2173 2727 2927 2858 3140 2416 1933 2742 2198 2450 2612 2610 2868 384840 3598 3598 2610 3293 2693 8882 
21400 30113 2489 197660 3524 2259 383384 384975 1440 2176 2747 2988 2892 3138 2452 1925 2755 2220 2461 2611 2622 2820 385643 3598 3598 2652 3414 2713 8841 
21500 30106 2501 197727 3538 2274 382501 384420 1444 2212 2737 2994 2938 3055 2442 1979 2756 2211 2475 2628 2662 2823 385097 3599 3599 2692 3399 2742 8828 
21600 30490 2419 197565 3556 2241 382232 384096 1410 2235 2677 2971 2884 2965 2452 2016 2861 2204 2468 2738 2670 2799 384780 3598 3598 2662 3415 2744 8848 
21700 30799 2431 197618 3567 2254 382615 384287 1416 2192 2695 2973 2877 2930 2628 2029 2833 2238 2505 2676 2636 2817 384953 3599 3599 2688 3338 2759 8818 
21800 31312 2443 197252 3573 2275 382881 384509 1433 2108 2731 2991 2915 3032 2633 2005 2979 2239 2503 2625 2634 2838 385196 3597 3597 2867 3262 2841 8818 
21900 30682 2434 196565 3602 2301 381905 383604 1452 2292 2743 3003 2878 3018 2567 2007 3000 2247 2577 2656 2670 2775 384270 3597 3597 2865 3403 2865 8819 
22000 31493 2432 195970 3569 2290 382598 384210 1463 2341 2771 3016 2912 3006 2530 2046 3005 2258 2575 2652 2701 2773 384931 3598 3598 2839 3422 2884 8847 
22100 31825 2453 195824 3560 2305 382921 384960 1404 2289 2802 2990 3051 3011 2519 2039 2986 2285 2620 2671 2678 2770 385633 3598 3598 2923 3434 3190 8857 
22200 32662 2456 195426 3660 2345 384085 386295 1511 2271 2818 3001 3038 2894 2475 2021 2920 2323 2762 2654 2677 2806 386946 3599 3599 2913 3379 3297 8870 
22300 32811 2410 196108 3693 2365 384199 386380 1523 2331 2783 3045 3122 2891 2382 2029 3103 2488 2707 2670 2718 2907 387015 3597 3597 2923 3394 3119 8873 
22400 34280 2427 195654 3699 2383 384456 386644 1535 2244 2787 3018 3037 2953 2336 2087 3082 2648 2713 2683 2735 2900 387332 3592 3592 2952 3496 3130 8876 
22500 34894 2440 196028 3685 2411 385113 387218 1530 2141 2794 3110 3065 2968 2378 2085 3074 2638 2724 2693 2680 2952 387924 3597 3597 2905 3478 2983 8905 
22600 35003 2429 195114 3688 2412 386029 387807 1431 2107 2822 3130 3019 2993 2478 2088 3087 2507 2830 2711 2680 2873 388569 3594 3594 2901 3397 2948 8927 
22700 34132 2410 195090 3673 2411 385537 387254 1445 2160 2791 3063 3048 2999 2446 2079 3113 2508 2651 2733 2855 2886 387998 3597 3597 2898 3400 2949 8915 
22800 34533 2428 194948 3679 2397 385042 386995 1571 2223 2785 3022 3060 2896 2438 2194 3255 2523 2659 2738 2796 2865 387837 3597 3597 2917 3223 2995 8922 
22900 34153 2482 194830 3659 2424 384421 386547 1491 2185 2813 3054 3077 2930 2469 2208 3341 2651 2681 2738 2774 3026 387369 3595 3595 2878 3221 3026 8915 
23000 33256 2509 195076 3685 2415 384317 386349 1491 2182 2832 3133 3077 3075 2420 2215 3126 2618 2710 2741 2865 2966 387208 3597 3597 2899 3310 3055 8911 
23100 33103 2469 194347 3677 2442 385167 387043 1514 2173 2823 3129 2998 3080 2436 2229 3182 2603 2705 2739 2936 2990 387911 3596 3596 2901 3347 3068 8912 
23200 31914 2491 193798 3633 2443 384615 386293 1509 2240 2807 3126 2974 3018 2434 2285 3189 2609 2688 2728 2892 2899 387211 3596 3596 2909 3315 3053 8923 
23300 32075 2530 193846 3618 2461 384397 385991 1442 2216 2856 3132 2995 3050 2448 2283 3294 2606 2688 2758 2804 2946 387020 3597 3597 2943 3311 3077 8904 
23400 32189 2529 193194 3628 2495 383745 385388 1449 2198 2852 3209 2997 3093 2454 2282 3407 2600 2728 2756 2838 3022 386352 3597 3597 2967 3323 3063 8914 
23500 33212 2491 193060 3633 2491 385851 387307 1491 2217 2883 3208 2954 3285 2483 2238 3354 2577 2741 2853 2906 2950 388302 3600 3600 3045 3374 3139 8920 
23600 33353 2515 192613 3602 2503 384878 386551 1468 2397 2881 3235 2887 2956 2495 2262 3371 2684 2717 2842 2897 2968 387619 3596 3596 3106 3456 3170 8926 
23700 32539 2517 192534 3597 2496 385785 387304 1439 2335 2910 3188 2901 2975 2475 2255 3360 2646 2706 2875 2864 2984 388364 3599 3599 3112 3438 3195 8940 
23800 32135 2560 192084 3559 2497 386474 387793 1394 2325 2976 3184 2922 2983 2498 2222 3427 2646 2732 2871 2862 2984 388907 3600 3600 3243 3406 3170 8958 
23900 33105 2507 191579 3589 2517 387154 388524 1532 2365 2971 3213 2941 2998 2488 2234 3768 2664 2724 2845 2959 2940 389614 3599 3599 3255 3450 3211 8927 
24000 34362 2518 191242 3497 2552 388037 389428 1495 2391 2958 3193 3055 3000 2599 2270 3621 2632 2713 2858 2855 2950 390443 3598 3598 3472 3354 3265 8930 
24100 33663 2559 190778 3480 2561 387928 389202 1445 2563 2960 3223 3074 2977 2584 2263 3610 2638 2724 2866 2835 2951 390211 3598 3598 3395 3328 3232 8952 
24200 33964 2577 190139 3510 2569 387624 388964 1465 2463 2969 3255 3055 3016 2631 2255 3533 2792 2804 2838 2842 2906 389957 3597 3597 3361 3453 3245 8961 
24300 34994 2545 190000 3566 2540 387636 389267 1439 2419 2961 3244 3060 3151 2622 2268 3394 2830 2762 2838 2958 2905 390290 3592 3592 3377 3507 3252 8941 
24400 34500 2540 190130 3554 2619 387907 389494 1424 2464 2977 3173 3023 3111 2650 2309 3380 2681 2757 2804 2987 2894 390555 3598 3598 3299 3528 3328 8944 
24500 34420 2592 190830 3509 2609 387847 389348 1427 2457 2990 3174 3009 3115 2674 2326 3360 2705 2733 2881 2979 2894 390407 3598 3598 3181 3577 3303 8953 
24600 35750 2616 190384 3538 2619 388863 390306 1553 2453 2999 3255 3044 3087 2657 2309 3401 2701 2798 2804 2997 2890 391337 3598 3598 3316 3600 3345 8966 
24700 35822 2593 189798 3586 2588 389476 390828 1491 2622 3027 3281 3052 3071 2706 2435 3395 2674 2791 2830 3002 2904 391928 3599 3599 3228 3606 3345 8983 
24800 35249 2592 189405 3565 2601 388463 389937 1488 2628 3024 3251 3159 3182 2674 2470 3322 2662 2774 2817 2994 2925 391023 3597 3597 3176 3609 3381 8974 
24900 35870 2617 189318 3521 2744 388554 390090 1592 2644 3071 3296 3104 3120 2690 2444 3245 2663 2771 2830 2973 2906 391256 3597 3597 3194 3588 3404 8963 
25000 35747 2648 187985 3516 2709 388612 390067 1594 2556 3071 3287 3120 3151 2683 2464 3229 2638 2772 2834 2965 2927 391374 3595 3595 3281 3470 3370 8967 
25100 34595 2620 188022 3568 2669 386442 388129 1569 2604 3072 3257 3149 3252 2729 2480 3263 2656 2772 2842 3039 2932 389445 3595 3595 3285 3530 3352 8957 
25200 35751 2681 187668 3571 2714 387954 389447 1619 2642 3057 3199 3080 3286 2750 2505 3263 2691 2757 2870 2979 2936 390784 3594 3594 3260 3472 3450 8953 
25300 36549 2911 187878 3537 2729 387275 388707 1633 2592 3093 3266 3063 3247 2959 2490 3135 2690 2810 2927 2964 2919 390086 3595 3595 3286 3443 3655 8991 
25400 36567 2901 186833 3593 2688 387480 389036 1552 2635 3106 3247 3053 3270 2994 2583 3252 2745 2828 3120 3001 2967 390367 3599 3599 3171 3376 3636 9007 
25500 35953 2763 186120 3618 2687 387394 389156 1644 2877 3119 3245 3129 3271 2910 2510 3297 2782 2815 3003 3026 2996 390482 3597 3597 3294 3489 3630 8994 
25600 34620 2661 185744 3659 2669 386946 388427 1574 2893 3093 3219 3051 3307 2869 2557 3322 2826 2840 3028 2975 3012 389825 3598 3598 3309 3496 3584 8972 
25700 34187 2691 185586 3587 2639 386848 388087 1566 2870 3104 3212 3019 3412 2868 2473 3297 2844 2877 2965 2937 3044 389507 3599 3599 3287 3510 3535 8981 
25800 34052 2662 184949 3611 2658 386385 387779 1552 2884 3155 3382 3034 3414 2865 2464 3344 2870 2886 2979 2969 3064 389217 3599 3599 3294 3530 3534 9005 
25900 36047 2668 185029 3744 2690 387021 388446 1525 2885 3184 3420 3105 3336 2917 2516 3245 2885 2904 2960 2978 3044 389921 3598 3598 3343 3591 3530 8976 
26000 34748 2666 184436 3765 2702 386852 387968 1484 2856 3173 3308 3237 3383 2931 2560 3512 2901 2941 3005 2954 3020 389502 3599 3599 3459 3538 3589 8950 
26100 34537 2703 183956 3679 2687 386794 387841 1477 2842 3149 3328 3191 3395 2921 2563 3492 2920 2966 3015 3163 3020 389413 3596 3596 3347 3541 3623 8960 
26200 34118 2715 183473 3746 2690 385665 386820 1455 2820 3183 3363 3167 3395 2937 2551 3520 2948 2982 3025 3211 3053 388427 3597 3597 3313 3625 3604 8960 
26300 34452 2686 183051 3763 2720 385646 386835 1441 2874 3208 3337 3179 3410 3063 2569 3548 2967 2976 3010 3229 3014 388344 3595 3595 3346 3651 3621 8957 
26400 34326 2711 182861 3752 2774 386462 387432 1429 2921 3204 3254 3201 3421 3036 2561 3563 2986 3057 3059 3175 2989 388979 3597 3597 3284 3621 3657 8948 
26500 33365 2754 183331 3717 2753 385761 386738 1427 2922 3215 3236 3207 3460 3021 2584 3671 3016 3101 3191 3226 2962 388374 3597 3597 3278 3540 3826 8968 
26600 33490 2773 183161 3777 2758 386126 387243 1468 2897 3208 3212 3171 3539 3058 2633 3674 3035 3099 3168 3213 2992 388794 3596 3596 3288 3528 3842 8965 
26700 33500 2760 182967 3811 2806 387116 388176 1471 2838 3267 3188 3170 3524 3100 2645 3646 3046 3076 3172 3225 3016 389757 3599 3599 3334 3507 3854 8964 
26800 34730 2868 182690 3805 2819 387559 388786 1570 2867 3259 3181 3301 3561 3361 2650 3650 3073 3094 3031 3320 2996 390716 3598 3598 3381 3485 3857 8981 
26900 34887 2858 182574 3773 2767 387766 388935 1536 2888 3259 3161 3198 3594 3305 2639 3553 3082 3137 3052 3345 3033 390946 3596 3596 3384 3512 3890 8975 
27000 35068 2956 182167 3803 2790 387707 389180 1505 2864 3243 3194 3301 3575 3305 2645 3629 3111 3182 3036 3368 3058 391157 3597 3597 3379 3506 3871 8982 
27100 34264 2834 182116 3786 2832 387165 388650 1512 2857 3268 3183 3310 3539 3117 2656 3750 3220 3138 3035 3336 3064 390387 3598 3598 3402 3558 3871 8992 
27200 34903 2950 181657 3917 2830 386957 388671 1519 2833 3304 3248 3341 3572 3148 2618 3632 3174 3134 3045 3367 3031 390284 3599 3599 3454 3691 3910 9001 
27300 34534 2962 182086 3888 2785 385282 387172 1518 2812 3288 3254 3327 3592 3106 2628 3549 3122 3257 3005 3376 3066 388911 3599 3599 3521 3670 3865 9005 
27400 34238 2964 181417 3860 2810 385325 387341 1512 2872 3264 3253 3332 3599 3062 2647 3633 3290 3278 2968 3369 3090 389052 3597 3597 3530 3667 3865 8998 
27500 34108 2935 180823 3870 2830 386261 388178 1544 2869 3277 3212 3330 3596 3099 2652 3672 3281 3220 2968 3364 3062 389683 3596 3596 3438 3679 3752 9013 
27600 34595 2939 179995 3873 2856 386580 388499 1681 2860 3291 3180 3331 3522 3243 2610 3799 3454 3217 2987 3365 3060 390031 3593 3593 3467 3685 3779 9006 
27700 34152 2965 180131 3843 2869 386470 388372 1654 2872 3281 3198 3332 3715 3251 2582 3732 3448 3239 3030 3314 3079 390042 3595 3595 3472 3625 3832 8977 
27800 33827 2956 180327 3856 2873 386854 388553 1642 2892 3270 3199 3317 3617 3183 2560 3774 3430 3231 3032 3472 3076 390165 3596 3596 3465 3612 3792 8983 
27900 34517 2855 179920 4053 2874 387783 389434 1658 2878 3306 3265 3363 3592 3215 2583 3775 3431 3184 3069 3627 3127 391039 3596 3596 3469 3871 4013 8997 
28000 34527 2802 179748 3990 2898 386955 388976 1653 2925 3330 3220 3501 3627 3110 2691 3799 3446 3209 3096 3647 3183 390593 3599 3599 3538 3874 4325 9017 
28100 33717 2821 179513 3895 2916 386045 387984 1605 2907 3322 3243 3474 3684 3245 2633 3797 3539 3240 3115 3654 3125 389643 3599 3599 3524 3747 4552 9023 
28200 34155 2868 179157 4104 2892 386744 388565 1603 2889 3371 3248 3446 3600 3175 2632 3762 3531 3249 3121 3579 3135 390298 3600 3600 3472 3731 4447 9037 
28300 34190 2895 178914 4232 2910 386468 388337 1683 3093 3399 3248 3375 3591 3179 2688 3760 3567 3182 3139 3518 3144 390137 3598 3598 3495 3752 4417 9022 
28400 33577 2880 178284 4125 2892 385938 387527 1672 3156 3448 3200 3441 3612 3216 2744 3785 3564 3172 3196 3387 3145 389323 3595 3595 3495 3659 4457 9023 
28500 32761 2928 178215 4071 2895 385557 387072 1760 3167 3459 3227 3428 3610 3198 2728 3732 3500 3217 3173 3480 3131 388944 3597 3597 3627 3655 4496 9010 
28600 32920 2972 178089 4069 2901 385129 386976 1919 3048 3453 3244 3406 3599 3390 2733 3634 3719 3339 3217 3467 3149 388891 3596 3596 3567 3686 4836 9026 
28700 33602 2958 177864 4080 2897 385467 387364 1916 3053 3478 3238 3510 3513 3394 2728 3566 3751 3346 3243 3539 3197 389118 3596 3596 3563 3704 5705 9052 
28800 32806 2972 177405 4035 2896 385895 387714 1925 3156 3535 3225 3548 3533 3364 2681 3577 3644 3310 3264 3510 3302 389378 3596 3596 3623 3725 5629 9054 
28900 31764 3030 177112 4074 2862 385868 387163 1860 3177 3542 3309 3486 3683 3302 2655 3568 3632 3285 3199 3452 3191 388870 3599 3599 3512 3665 5674 9053 
29000 31891 3007 176673 3995 2859 386679 387877 1799 3171 3556 3280 3451 3635 3302 2920 3505 3468 3345 3172 3431 3197 389549 3598 3598 3476 3676 5354 9078 
29100 32560 2988 176342 4105 2872 387147 388344 1794 2997 3548 3251 3558 3552 3268 2890 3539 3671 3320 3136 3497 3263 390077 3596 3596 3455 3708 5143 9075 
29200 32570 2983 176329 4054 2913 388036 389051 1690 2953 3594 3239 3586 3484 3299 2866 3500 3565 3256 3152 3500 3240 390729 3597 3597 3596 3679 5958 9078 
29300 31132 3134 176290 4020 2988 386362 387624 1622 2907 3587 3313 3592 3505 3392 3035 3510 3499 3324 3142 3412 3161 389315 3598 3598 3581 3655 6514 9046 
29400 31175 3093 176375 4055 2971 385855 387249 1606 2917 3608 3241 3562 3532 3415 3187 3468 3533 3402 3172 3417 3213 389115 3597 3597 3598 3682 6411 9072 
29500 31492 3097 175996 4076 2986 388230 389280 1561 2989 3645 3262 3590 3540 3353 3078 3468 3770 3321 3159 3448 3209 391022 3595 3595 3529 3704 6876 9072 
29600 31575 3077 176542 4145 3030 388992 389784 1525 3052 3689 3273 3507 3561 3397 3044 3506 3698 3318 3146 3529 3210 391542 3598 3598 3506 3710 6887 9067 
29700 31402 3093 175923 4097 3100 388151 388756 1531 3016 3663 3294 3499 3635 3371 2950 3471 3576 3366 3124 3518 3227 390584 3594 3594 3531 3707 7466 9059 
29800 31099 3116 176066 4090 3052 387103 387935 1515 3080 3633 3292 3472 3644 3393 2954 3454 3343 3378 3120 3558 3267 389719 3597 3597 3510 3779 8734 9053 
29900 31826 3105 175772 4096 3014 388882 389648 1522 3119 3649 3291 3508 3588 3417 2944 3439 3310 3351 3138 3567 3248 391255 3597 3597 3533 3789 9402 9048 
30000 30966 3083 175377 4026 2999 387961 388715 1509 3131 3680 3351 3476 3609 3410 2904 3486 3330 3407 3145 3571 3229 390503 3596 3596 3535 3804 9643 9037 
30100 31670 3111 175777 4009 3022 388293 389077 1501 3068 3680 3358 3427 3673 3361 2826 3638 3413 3421 3148 3571 3192 390795 3600 3600 3589 3810 10632 9048 
30200 31276 3213 175176 4030 3009 388360 388971 1446 3059 3648 3349 3465 3731 3584 2861 3604 3402 3475 3141 3581 3199 390648 3599 3599 3577 3777 10485 9052 
30300 31715 3164 174707 4030 2958 389795 390332 1454 3136 3714 3318 3680 3723 3709 2858 3621 3398 3473 3137 3558 3165 392006 3599 3599 3550 3781 11662 9034 
30400 32706 3187 174846 4061 2954 390437 391137 1472 3139 3726 3341 3661 3690 3731 2854 3662 3437 3404 3170 3581 3194 392727 3598 3598 3543 3761 11930 9033 
30500 32652 3161 174563 4052 3010 389828 390508 1470 3154 3694 3346 3668 3723 3712 2870 3678 3410 3410 3177 3594 3188 392114 3596 3596 3561 3718 12212 9039 
30600 32182 3339 174433 4015 3021 388480 389225 1464 3130 3721 3382 3684 3780 3580 2884 3642 3378 3468 3205 3592 3200 390914 3592 3592 3732 3685 12279 9031 
30700 32127 3262 174433 4027 3023 388429 388975 1473 3083 3753 3355 3670 3758 3668 2976 3661 3357 3456 3204 3639 3205 390598 3596 3596 3714 3702 13178 9051 
30800 33784 3293 174400 4020 3029 389777 390348 1509 3085 3757 3544 3741 3753 3706 2997 3786 3325 3379 3231 3661 3312 391824 3597 3597 3953 3658 13603 9075 
30900 33143 3297 173013 3996 3065 389453 390041 1715 3050 3799 3590 3710 3728 3715 2943 3819 3306 3392 3213 3675 3331 391581 3599 3599 3905 3662 14252 9115 
31000 33402 3272 172627 3984 3103 389044 389687 1608 3099 3815 3547 3603 3761 3687 2938 3783 3244 3353 3289 3664 3362 391275 3594 3594 3892 3652 15663 9120 
31100 34262 3034 171962 3956 3093 389524 390139 1623 3069 3787 3661 3608 3774 3693 2953 3753 3407 3404 3310 3657 3386 391694 3588 3588 3722 3610 16726 9133 
31200 35149 3070 172085 3946 3045 391577 392187 1625 3125 3816 3579 3706 3755 3747 2987 3710 3457 3389 3266 3674 3482 393857 3595 3595 3752 3649 16592 9214 
31300 33726 3076 171668 3997 3235 390235 390678 1733 3168 3876 3734 3718 3734 3813 2976 3751 3335 3256 3256 3726 3501 392370 3596 3596 3714 3677 17200 9193 
31400 33944 3082 171368 4026 3119 391006 391253 1715 3155 3931 3753 3725 3767 3731 2978 3757 3305 3270 3262 3684 3396 392877 3596 3596 3824 3707 17158 9194 
31500 34761 3115 172362 4019 3005 389538 390381 1627 3128 3934 3533 3713 3900 3479 2992 3723 3302 3298 3259 3677 3388 391991 3594 3594 3915 3687 17866 9203 
31600 35225 3119 172233 3988 2995 390519 391313 1635 3154 3936 3496 3705 3870 3486 3008 3736 3301 3293 3279 3699 3386 392912 3596 3596 3893 3735 17922 9241 
31700 34791 3071 171307 4043 3044 391197 391680 1689 3136 3932 3506 3685 3828 3520 3014 3723 3349 3300 3287 3708 3393 393392 3597 3597 3836 3759 18950 9252 
31800 34617 3211 170885 4050 3057 390506 391154 1796 3128 3985 3532 3728 3833 3415 2978 3731 3378 3257 3267 3722 3452 393070 3595 3595 3820 3731 18930 9254 
31900 34265 3256 170604 4046 3051 390110 390829 1776 3064 3977 3556 3816 3804 3549 2989 3781 3358 3385 3287 3683 3460 392666 3595 3595 3725 3844 20171 9283 
32000 34564 3254 170124 4024 3050 390229 390967 1701 3102 3932 3548 3867 3857 3543 2967 3859 3318 3408 3266 3695 3448 392775 3596 3596 3782 3860 20076 9274 
32100 33296 3252 170147 4026 3066 389624 390309 1692 3127 3962 3548 3909 3811 3562 2956 3890 3329 3364 3302 3715 3465 392149 3598 3598 3794 3797 20829 9246 
32200 34232 3282 169742 4064 3062 390807 391580 1709 3098 3996 3561 3904 3795 3534 2989 3878 3351 3321 3438 3689 3469 393370 3597 3597 3921 3814 23246 9273 
32300 35092 3299 169533 4076 3078 392360 393030 1680 3125 4037 3590 3821 3837 3437 2996 3848 3457 3306 3480 3687 3501 394848 3598 3598 3942 3775 25048 9260 
32400 35788 3297 169739 4071 3090 392306 393154 1676 3170 4006 3586 3824 3710 3340 3010 3886 3618 3370 3483 3711 3510 394924 3597 3597 3938 3779 25115 9224 
32500 36693 3378 169286 4091 3060 393030 393539 1655 3197 3988 3809 3726 3775 3309 3003 3871 3652 3354 3513 3805 3495 395385 3596 3596 3916 3828 27443 9218 
32600 35835 3496 169210 4264 3069 391841 392503 1611 3226 4050 3704 3801 3752 3358 3003 3902 3684 3278 3484 3835 3421 394355 3595 3595 3949 3820 27066 9173 
32700 35241 3453 169066 4212 3066 390505 391319 1628 3266 4097 3617 4053 3757 3345 3016 4039 3673 3392 3447 3792 3451 393118 3595 3595 3914 3807 26277 9204 
32800 36562 3393 168586 4255 3078 391641 392624 1651 3468 4128 3622 3970 3768 3328 3016 4074 3665 3423 3542 3790 3567 394511 3594 3594 3921 3862 28535 9252 
32900 37509 3387 168272 4244 3080 392587 393630 1679 3380 4078 3508 3987 3826 3402 3021 4195 3863 3414 3522 3797 3674 395538 3593 3593 3824 3906 29816 9306 
33000 37760 3508 167969 4256 3099 393702 394673 1617 3267 4090 3608 3975 3899 3505 3063 4193 3762 3389 3564 3815 3657 396499 3595 3595 3737 3906 30368 9298 
33100 36481 3436 167114 4281 3053 392747 393556 1603 3292 4116 3729 3975 3908 3531 3108 4206 3670 3350 3589 3793 3818 395354 3595 3595 3705 3849 30792 9308 
33200 35586 3466 167138 4227 3060 391405 392105 1642 3322 4169 3658 4049 4040 3447 3111 4198 3675 3341 3501 3783 3839 393967 3596 3596 3710 3809 30813 9335 
33300 35181 3356 166770 4209 3059 391242 391808 1635 3322 4187 3769 3964 4068 3359 3069 4224 3839 3395 3507 3813 3875 393623 3598 3598 3736 3788 31962 9358 
33400 36538 3364 166584 4233 3059 392951 393478 1681 3328 4175 3721 3981 4078 3362 3072 4196 3892 3587 3481 3810 3878 395314 3597 3597 3728 3875 32848 9369 
33500 36901 3375 165938 4308 3088 392666 393327 1684 3367 4201 3611 3850 4135 3510 3073 4233 3959 3552 3530 3830 3834 395201 3595 3595 3775 4087 33867 9360 
33600 37275 3399 165748 4521 3105 391839 392704 1697 3413 4253 3660 3923 4193 3638 3063 4120 3750 3533 3504 3768 3850 394621 3592 3592 3782 4062 34763 9347 
33700 39632 3395 165565 4503 3101 394238 395147 1684 3391 4295 3609 3909 4219 3528 3108 4141 3682 3537 3508 3759 3877 397100 3596 3596 3769 4120 38522 9414 
33800 38396 3267 165082 4416 3062 394439 395196 1723 3372 4312 3621 3903 4233 3566 3156 4124 3652 3534 3566 3801 3849 397203 3595 3595 3774 4048 39503 9405 
33900 40046 3244 164721 4418 3056 395570 396250 1654 3380 4309 3574 3913 4209 3560 3167 4140 3584 3936 3611 3988 3875 398311 3595 3595 3783 4082 42001 9461 
34000 40061 3259 164308 4409 3061 395736 396370 1642 3363 4257 3578 3887 4195 3542 3165 4108 3588 3763 3631 4022 3907 398326 3593 3593 3805 4097 43466 9457 
34100 39483 3233 163991 4533 3079 394886 395544 1629 3386 4279 3649 3791 4225 3512 3157 4116 3575 3964 3629 3917 3981 397440 3592 3592 3785 3968 44249 9454 
34200 38973 3222 163989 4568 3107 395284 395953 1620 3381 4328 3920 3706 4210 3634 3171 4171 3555 3937 3608 3908 3940 397732 3592 3592 3804 3912 45479 9463 
34300 38835 3173 163430 4503 3080 394245 395153 1591 3405 4409 4113 3748 4187 3740 3135 4395 3529 3843 3579 3961 3932 396956 3593 3593 3823 3934 48337 9498 
34400 38573 3190 163276 4572 3046 393922 394829 1608 3404 4380 4081 3778 4157 3636 3115 4438 3555 3684 3569 3938 3960 396772 3591 3591 3823 4152 47959 9501 
34500 37702 3195 163218 4522 3052 393133 393977 1600 3398 4372 3823 3736 4247 3490 3131 4387 3561 3716 3604 3934 3955 395911 3589 3589 3817 4040 48175 9484 
34600 38571 3203 163404 4537 3197 394198 395263 1594 3435 4403 3626 3800 4474 3517 3157 4446 3589 3653 3661 3964 3955 397186 3596 3598 3856 4136 51230 9471 
34700 37867 3207 163119 4439 3206 394890 395756 1577 3490 4392 3647 3763 4490 3560 3185 4484 3569 3507 3699 3964 3995 397542 3596 3598 3857 4134 53090 9487 
34800 38772 3219 162492 4437 3229 395544 396261 1567 3467 4432 3692 3639 4467 3697 3189 4447 3532 3606 3703 3952 3944 398123 3591 3593 3859 4020 55493 9501 
34900 38894 3211 161887 4426 3221 396053 396612 1569 3489 4452 3652 3527 4504 3716 3205 4486 3556 3718 3741 3955 3906 398485 3591 3593 4065 4036 57972 9537 
35000 38751 3181 161261 4442 3191 395058 395642 1597 3456 4442 3645 3544 4569 3806 3219 4450 3589 3732 3695 3970 3972 397470 3584 3586 4153 4052 58713 9535 
35100 39428 3170 161016 4387 3192 396282 396705 1639 3451 4464 3636 3568 4535 3841 3214 4460 3535 3940 3707 3999 4032 398522 3588 3590 3996 4084 61482 9558 
35200 40236 3148 160839 4504 3141 396307 396955 1644 3460 4464 3775 3571 4579 3766 3256 4629 3540 3988 3679 4144 4026 398771 3589 3590 4030 4011 63961 9550 
35300 38173 3129 160307 4485 3125 393586 393931 1607 3482 4433 3707 3559 4560 3950 3258 4551 3546 3856 3670 4131 4014 395714 3583 3586 4031 4142 63652 9528 
35400 39163 3150 160724 4384 3144 395082 395251 1631 3535 4420 3744 3569 4657 3938 3253 4610 3578 3786 3704 4055 4149 397191 3593 3595 4012 4113 66246 9569 
35500 39410 3148 160062 4403 3159 394900 395377 1660 3543 4490 3791 3945 4696 3853 3264 4616 3547 3770 3725 4072 4168 397319 3592 3594 4006 4106 69766 9575 
35600 38962 3175 159652 4367 3173 394933 395313 1678 3566 4485 3781 3847 4626 3850 3283 4644 3531 3796 3750 4109 4169 397209 3592 3593 4001 4273 71722 9618 
35700 40130 3162 159575 4374 3200 396047 396548 1705 3600 4516 3789 3745 4686 3807 3317 4587 3533 3996 3777 4170 4190 398420 3598 3599 4026 4329 75433 9664 
35800 39056 3145 159319 4303 3162 394890 395251 1689 3572 4538 3784 3669 4645 3711 3290 4638 3465 3996 3793 4172 4163 397088 3594 3595 4021 4314 75282 9649 
35900 39123 3151 158704 4297 3147 394511 394989 1675 3548 4574 3915 3644 4673 3609 3308 4756 3698 3927 3790 4226 4201 396863 3592 3593 4033 4427 79042 9650 
36000 38623 3174 158475 4276 3138 393115 393687 1624 3597 4601 3870 3641 4601 3679 3310 4751 3794 4063 3781 4262 4213 395531 3593 3594 4055 4417 79313 9628 
36100 38132 3169 158196 4289 3126 392648 393207 1617 3585 4621 3852 3636 4557 3687 3516 4638 3787 4040 3768 4270 4226 394947 3592 3593 4097 4397 80384 9642 
36200 38298 3149 157832 4322 3144 390988 391703 1623 3603 4639 3963 3642 4619 3805 3418 4661 3680 3964 3778 4327 4256 393901 3593 3593 4095 4550 81184 9645 
36300 37883 3144 157536 4284 3161 389695 390467 1623 3654 4666 3884 3676 4658 3751 3350 4706 3628 3984 3757 4461 4206 392722 3593 3593 4184 4663 84052 9632 
36400 38633 3135 157443 4315 3112 390931 391672 1629 3710 4694 3881 3718 4628 3644 3363 4743 3431 4033 3798 4424 4254 393930 3593 3593 4166 4667 85907 9673 
36500 38120 3116 156964 4341 3115 391353 391995 1627 3714 4702 3856 3726 4584 3699 3373 4917 3392 4010 3849 4448 4313 394004 3595 3595 4151 4690 88227 9682 
36600 40815 3205 157165 4329 3102 393191 393754 1637 3710 4744 3884 3720 4613 3702 3417 4904 3423 4025 3889 4452 4357 395666 3594 3594 4214 4971 92456 9712 
36700 40863 3229 156811 4320 3081 392187 392890 1639 3753 4739 3901 3716 4689 3877 3390 4820 3376 4025 3901 4448 4381 394818 3592 3592 4237 4981 94067 9669 
36800 40222 3232 156769 4338 3106 391943 392657 1662 3742 4752 3908 3645 4693 3786 3426 4822 3356 4149 3930 4419 4338 394439 3594 3594 4322 4871 94778 9636 
36900 41157 3267 156493 4279 3105 391261 391870 1663 3804 4740 3903 3708 4741 3773 3443 4820 3247 4057 3916 4492 4369 393623 3594 3594 4343 4593 97029 9683 
37000 41254 3261 156020 4293 3136 392909 393224 1639 3807 4726 3940 3580 4793 3793 3450 4824 3262 4023 3909 4489 4371 395466 3593 3593 4361 4425 99206 9679 
37100 40799 3283 155518 4246 3169 393135 393413 1632 3846 4747 3998 3561 5079 3824 3456 5071 3157 4026 3881 4535 4393 395650 3598 3598 4314 4415 103119 9715 
37200 42160 3253 154752 4216 3148 392380 392969 1631 3867 4748 4096 3666 5083 3926 3456 5042 3141 4021 3858 4581 4448 395082 3596 3596 4416 4549 105173 9716 
37300 43495 3231 154634 4228 3266 394503 395076 1619 3897 4748 4005 3569 5115 3926 3473 5013 3133 4056 3868 4613 4434 397142 3597 3597 4418 4641 108387 9742 
37400 43894 3347 154436 4199 3263 394650 395515 1710 3866 4811 4002 3542 5127 3812 3502 4943 3263 4060 3855 4661 4452 397535 3596 3596 4457 4655 111666 9720 
37500 45875 3353 154407 4232 3253 397441 398358 1706 3896 4857 4013 3536 5154 3800 3468 4935 3217 4032 3879 4659 4433 400327 3597 3597 4474 4661 115311 9729 
37600 45022 3372 153843 4180 3303 397333 398056 1708 3870 4858 4025 3534 5179 3793 3494 4932 3178 4064 3912 4589 4460 400052 3598 3598 4468 4656 116273 9716 
37700 44962 3379 153421 4193 3275 396391 397139 1726 3871 4835 3995 3647 5207 3794 3477 4850 3163 4040 3924 4560 4481 399288 3589 3589 4472 4649 117757 9709 
37800 45075 3401 153264 4146 3259 395333 396409 1671 3843 4857 4215 3621 5217 3896 3650 4803 3160 4037 3948 4612 4614 398513 3592 3592 4520 4675 120264 9722 
37900 44821 3405 153327 4255 3387 394152 395598 1617 3864 4858 4228 3612 5251 3948 3673 4817 3137 4123 3962 4607 4628 397677 3595 3595 4494 4564 120932 9749 
38000 42205 3438 152692 4255 3310 392420 393797 1592 3963 4880 4125 3601 5271 3958 3466 4865 3140 4341 3943 4774 4659 395849 3595 3595 4641 4675 122489 9740 
38100 42925 3442 152842 4213 3324 391780 393342 1815 3990 4896 4065 3652 5299 3972 3452 4863 3162 4347 3922 4782 4682 395340 3593 3593 4558 4522 122397 9744 
38200 41597 3418 152241 4183 3454 390466 392093 1614 4029 4924 4018 3607 5343 4010 3489 4925 3144 4274 3913 4811 4733 394117 3594 3594 4615 4512 125199 9771 
38300 43729 3400 151728 4145 3473 392544 393941 1622 4020 4943 4022 3575 5371 3942 3538 4916 3145 4308 3937 4766 4669 395976 3593 3593 4630 4398 128489 9817 
38400 44637 3401 150943 4150 3449 393074 394582 1674 4044 4980 4000 3546 5545 3970 3499 4967 3229 4437 3960 4966 4741 396915 3593 3593 4635 4454 133195 9810 
38500 45256 3417 150468 4189 3388 395506 396799 1693 4070 5022 4003 3527 5606 4039 3496 5008 3236 4444 3970 5125 4793 399155 3591 3592 4662 4517 137574 9829 
38600 46729 3446 150116 4149 3378 395530 396930 1675 4094 5066 4000 3506 5666 4073 3495 4968 3310 4340 4203 5140 4819 399314 3593 3594 4698 4481 140538 9831 
38700 44064 3451 149929 4140 3276 393978 395329 1627 4049 5056 4003 3494 5647 4151 3587 5129 3303 4268 4207 5144 4857 397696 3593 3594 4747 4469 141965 9830 
38800 44268 3486 149605 4124 3271 393422 394852 1612 4056 5042 3955 3500 5650 4298 3593 5106 3338 4176 4198 5147 4860 397216 3591 3592 4784 4478 143070 9821 
38900 44625 3486 149208 4095 3285 395298 396432 1555 4065 5026 3991 3520 5848 4257 3622 5049 3279 4167 4410 5200 4869 398767 3596 3597 4805 4448 146961 9846 
39000 46189 3542 149904 4092 3302 395776 397122 1550 4114 5076 3972 3484 6091 4288 3598 5050 3272 4139 4535 5080 4944 399535 3595 3596 4793 4350 150859 9882 
39100 50406 3549 149514 4073 3303 396396 397743 1547 4140 5088 3981 3479 6304 4294 3645 5045 3303 4154 4553 5138 4986 400032 3597 3598 4832 4346 154630 9910 
39200 49825 3590 149034 4085 3325 395925 397601 1558 4146 5073 3991 3475 6242 4282 3640 5294 3293 4164 4669 5053 5021 399856 3595 3596 5037 4252 157226 9919 
39300 50370 3556 148578 4044 3377 396520 398132 1560 4141 5089 3988 3454 6258 4333 3724 5341 3296 4210 4664 5100 5046 400394 3596 3597 5031 4264 159908 9906 
39400 48764 3558 148591 4047 3405 395818 397282 1560 4193 5075 4019 3496 6206 4328 3635 5254 3302 4282 4654 5100 5059 399495 3594 3595 5026 4252 160605 9987 
39500 51565 3572 148101 4062 3392 398286 399824 1560 4176 5088 4036 3455 6187 4362 3687 5326 3291 4290 4787 5153 5112 402117 3594 3595 5047 4238 164839 9996 
39600 51603 3585 147567 4068 3368 398965 400563 1562 4201 5107 3930 3786 6202 4359 3631 5486 3315 4344 4791 5172 5183 402854 3596 3597 5077 4258 165790 10012 
39700 50975 3618 147439 4073 3392 399865 401656 1713 4211 5116 3924 3808 6104 4514 3619 5497 3334 4659 4700 5192 5210 404029 3597 3598 5033 4258 169537 9990 
39800 50453 3621 147109 4064 3383 400310 401897 1703 4214 5161 3934 3476 5742 4530 3659 5373 3281 4459 4684 5216 5419 404531 3594 3595 5014 4459 171734 9987 
39900 52142 3623 146459 4089 3396 402391 403710 1688 4191 5151 4135 3499 5790 4384 3632 5367 3305 4385 4674 5177 5308 406476 3591 3591 5016 4422 174524 9985 
40000 50938 3595 146310 4086 3377 402176 403648 1708 4279 5190 4051 3477 5798 4405 3702 5425 3302 4375 4920 5224 5388 406360 3597 3597 5057 4393 177571 10016 
40100 50846 3608 145891 4043 3279 403253 404484 1634 4264 5185 3959 3487 5811 4351 3689 5409 3239 4288 4895 5254 5389 407139 3598 3598 5075 4419 180830 10022 
40200 51084 3819 145895 4134 3283 402311 403640 1664 4241 5180 3969 3510 5852 4437 3669 5415 3430 4274 4818 5234 5384 406076 3597 3597 5096 4395 181750 10001 
40300 50675 3842 145302 4161 3260 401228 402563 1657 4263 5192 3974 3533 5867 4490 3671 5505 3302 4264 4825 5223 5317 404947 3595 3595 4993 4350 184667 9979 
40400 48968 3828 144796 4153 3276 400470 401657 1657 4264 5203 3966 3515 5994 4446 3641 5503 3192 4391 4821 5233 5333 404055 3595 3595 5015 4190 185866 10000 
40500 48260 3828 144627 4105 3285 400455 401640 1661 4278 5207 3970 3512 6012 4407 3895 5508 3198 4350 4815 5239 5559 403995 3598 3598 5066 4161 187561 10009 
40600 48163 3822 144464 4111 3292 399565 400901 1649 4277 5248 3958 3498 6025 4429 3924 5511 3152 4430 4880 5148 5577 403196 3597 3597 5080 4207 188690 10035 
40700 44548 3844 144062 4100 3226 396351 397641 1684 4287 5236 3959 3448 6054 4565 3899 5535 3109 4394 4935 5159 5500 399938 3596 3596 5106 4125 188971 10036 
40800 43853 3842 143762 4173 3358 395126 396630 1684 4271 5191 4010 3469 6052 4721 3872 5869 3169 4382 5036 5104 5515 398951 3592 3594 5101 4130 189364 10051 
40900 43369 3819 143344 4128 3358 395391 396617 1691 4301 5237 4018 3476 6011 4699 3940 5858 3366 4393 5043 5192 5485 398986 3595 3596 5080 4070 192524 10052 
41000 43524 3838 142646 4169 3353 396458 397418 1712 4372 5229 4123 3510 6039 4607 3918 5726 3387 4308 5115 5190 5525 399783 3596 3597 5398 4133 196679 10069 
41100 41764 3833 142253 4187 3280 394033 394934 1721 4386 5237 4148 3523 6038 4607 3939 5708 3411 4292 4882 5212 5534 397324 3595 3596 5432 4118 195180 10085 
41200 42922 3797 141709 4173 3283 395117 395964 1760 4529 5245 4157 3526 6048 4528 3947 5760 3409 4275 4834 5266 5569 398308 3594 3595 5467 4114 197657 10073 
41300 43482 3780 141243 4188 3281 396180 396851 1777 4550 5239 4046 3557 6101 4586 3973 5664 3400 4331 4742 5285 5576 399185 3595 3596 5698 4081 202519 10116 
41400 43780 3782 141282 4198 3286 397510 398045 1813 4571 5260 4052 3556 6114 4592 3951 5644 3430 4354 4601 5294 5606 400394 3599 3599 5720 4094 205700 10145 
41500 43531 3796 141068 4143 3252 395943 396790 1782 4558 5267 4074 3768 6124 4469 4052 5667 3466 4346 4658 5305 5640 399311 3595 3595 5588 4110 207588 10150 
41600 43335 3733 140803 4177 3250 397276 397876 1809 4556 5293 4081 3760 6174 4463 4152 5714 3475 4356 4688 5326 5657 400232 3598 3598 5602 4184 210262 10189 
41700 44096 3729 140689 4189 3216 397081 397879 1839 4606 5304 4055 3740 6160 4387 4141 5809 3625 4336 4564 5325 5715 400221 3596 3596 5598 4181 212189 10214 
41800 45092 3627 140231 4206 3246 398091 398928 2044 4595 5287 4244 3761 6141 4375 4027 5730 3636 4328 4789 5299 5726 401295 3595 3595 5595 4176 214187 10215 
41900 47140 3852 141202 4224 3275 399072 399776 2059 4619 5283 4134 3928 6457 4473 3943 5723 3863 4548 5307 5851 6066 402150 3593 3593 5641 4249 217458 10237 
42000 47601 3856 141463 4260 3282 398542 399513 2092 4623 5309 4123 3989 6573 4400 4066 5782 3737 4520 5299 5896 6121 401669 3594 3594 5636 4264 218845 10247 
42100 49002 3864 141402 4258 3321 401221 402083 2029 4674 5297 4171 4017 6563 4402 4043 5903 3746 4494 5552 5863 6157 404145 3594 3594 5624 4276 222301 10287 
42200 48704 3857 140620 4209 3332 401625 402257 2100 4690 5283 4138 4154 6598 4305 4157 5910 3636 4505 5562 5764 6129 404349 3593 3593 5640 4257 224142 10293 
42300 48892 3854 140364 4236 3441 401659 402369 2134 4889 5311 4168 4155 6610 4324 4167 5920 3507 4558 5566 5741 6151 404488 3594 3594 5452 4274 225454 10304 
42400 48957 3849 139713 4240 3434 402543 402942 2223 4795 5292 4123 4184 6574 4328 4181 5804 3517 4518 5571 5729 6057 405064 3591 3591 5430 4505 227413 10331 
42500 51285 3883 139607 4247 3442 404455 404767 2237 4847 5347 4156 4171 6590 4353 4475 5825 4008 4341 5645 5729 6147 406895 3596 3596 5716 4536 230126 10377 
42600 53266 3894 140266 4254 3456 405569 406129 2347 4860 5415 4152 4354 6607 4398 4487 5893 4022 4337 5890 5734 6268 408361 3596 3596 5843 4601 233976 10381 
42700 55004 3656 138381 4328 3457 407866 408796 2369 4882 5437 4018 4148 6409 4439 4686 5890 3543 4520 5369 5462 6056 411046 3596 3596 5832 4587 238415 10360 
42800 53203 3657 138142 4308 3486 406526 407361 2336 4707 5425 4016 3893 6429 4427 4492 5918 3544 4511 5249 5476 6017 409539 3594 3594 5691 4597 238860 10333 
42900 57579 3624 137568 4298 3615 411126 412128 2275 4721 5452 4288 3874 6466 4438 4590 5937 3533 4692 5160 5474 6072 414312 3595 3595 5705 4578 245138 10349 
43000 56378 3611 137394 4299 3559 411091 411882 2233 4751 5468 4279 4088 6360 4444 4589 5948 3309 4714 5217 5491 6075 413882 3593 3595 5690 4574 246326 10355 
43100 58504 3617 137384 4395 3559 412594 413465 2270 4776 5513 4310 4063 6383 4448 4679 5999 3250 4751 5310 5499 6095 415499 3593 3594 5729 4612 249276 10368 
43200 57352 3855 136996 4277 3510 412154 412875 2267 4803 5529 4312 4075 6400 4652 4745 6014 3258 4768 5328 5508 6129 414952 3598 3599 5761 4507 249322 10358 
43300 55628 3880 136455 4308 3477 409589 410620 2184 4784 5532 4484 4094 6471 4685 4850 5994 3242 4764 5309 5502 6130 412651 3593 3596 5740 4477 249160 10347 
43400 56317 3978 135882 4366 3471 411166 412200 2236 4841 5545 4507 4155 6528 4838 5237 5985 3297 4812 5378 5519 6134 414285 3594 3597 5719 4280 252091 10368 
43500 57080 3966 136806 4456 3433 411352 412406 2205 4814 5615 4639 4253 6826 4992 5286 5997 3288 4778 5381 5562 6354 414451 3589 3593 5712 4333 254105 10376 
43600 57723 3938 136656 4460 3552 411165 412751 2225 4901 5654 4582 4235 6806 5235 5328 6292 3273 4821 5411 5590 6388 414742 3595 3599 5715 4327 257435 10383 
43700 59472 3923 136264 4460 3529 414831 415621 2260 4884 5675 4486 4266 6883 5085 5243 6284 3298 4805 5375 5553 6413 417591 3594 3598 5726 4537 260883 10430 
43800 60041 3972 135123 4397 3566 414831 416010 2297 5152 5581 4409 4187 6696 5108 5236 6173 3303 4759 5336 5480 6459 418030 3593 3597 5857 4479 262622 10403 
43900 60491 4108 134834 4445 3512 416048 417236 2324 5081 5634 4417 4194 6723 5340 5468 6169 3250 5022 5372 5552 6458 419267 3594 3598 5917 4397 265080 10409 
44000 60161 4194 134310 4393 3454 415041 416426 2225 5098 5617 4405 4399 6740 5309 5496 6357 3340 5009 5145 5559 6357 418422 3591 3597 5928 4391 264818 10371 
44100 61629 4231 133801 4410 3472 416985 418118 2306 5136 5595 4333 4497 6788 5289 5807 6306 3311 4959 5040 5634 6393 420049 3593 3597 5880 4394 269425 10388 
44200 61765 4234 132880 4377 3429 417618 418569 2329 5154 5528 4268 4403 6679 5262 5678 6208 3307 4915 5100 5548 6387 420505 3588 3592 5866 4255 271821 10372 
44300 64742 4152 132270 4460 3353 421026 421677 2342 5168 5567 4365 4459 6727 5222 5397 6198 3322 4868 5068 5542 6450 423618 3589 3593 5863 4285 276711 10397 
44400 65448 4175 132321 4493 3394 421825 422425 2489 5226 5592 4365 4464 6750 5125 5624 6212 3298 4824 5077 5560 6476 424396 3591 3594 5679 4306 278063 10433 
44500 68232 4005 132168 4456 3487 424679 425362 2396 5191 5635 4352 4490 6947 5014 5645 6234 3289 4838 5083 5637 6420 427345 3595 3598 5676 4313 283849 10469 
44600 72056 4007 131922 4489 3484 425091 425785 2423 5182 5645 4403 4314 6989 5094 5838 6295 3306 4881 5091 5680 6488 427778 3593 3596 5721 4340 286181 10507 
44700 74778 4028 131914 4524 3476 428450 429309 2458 5418 5642 4438 4347 7020 4867 5823 6415 3319 4962 5090 5695 6421 431318 3595 3597 5728 4368 290237 10509 
44800 76908 4019 132325 4561 3630 430054 431095 2456 5334 5673 4442 4375 7028 4914 5629 6419 3416 4951 5120 5767 6453 433127 3596 3598 5742 4397 292481 10557 
44900 79795 4268 131938 4552 3627 433247 434508 2469 5456 5684 4426 4399 7143 4948 5655 6423 3525 5012 5159 5758 6467 436441 3594 3594 5750 4392 297049 10541 
45000 79217 4252 131580 4528 3598 433752 434839 2476 5482 5669 4424 4308 7189 4980 5773 6345 3534 4913 5129 5925 6433 436757 3594 3594 5751 4374 299427 10537 
45100 81388 4215 130952 4538 3589 436773 437485 2484 5480 5666 4366 4363 7206 4958 5784 6235 3467 4870 5158 5915 6437 439427 3591 3591 5685 4358 304151 10565 
45200 84905 4438 130852 4522 3583 440200 440925 2505 5413 5681 4379 4347 7239 4823 5605 6257 3462 4893 5190 5946 6440 442865 3593 3593 5720 4379 308629 10571 
45300 88190 4431 130439 4610 3550 443133 444103 2518 5435 5683 4392 4469 7239 4868 5796 6278 3456 4916 5209 5914 6425 446015 3590 3590 5557 4397 312770 10572 
45400 89258 4288 130514 4538 3586 444323 445288 2527 5434 5698 4419 4468 7407 4879 5903 6284 3361 4941 5214 5946 6420 447336 3593 3593 5670 4451 314293 10571 
45500 88346 4304 130071 4638 3608 443888 444906 2533 5435 5694 4430 4528 7386 4889 5892 6289 3357 4970 5232 5841 6414 446935 3592 3592 5685 4468 315781 10577 
45600 91403 4207 129981 4638 3620 448124 449016 2543 5475 5699 4428 4543 7337 4947 5771 6307 3305 5001 5253 5884 6425 451036 3592 3592 5667 4446 320724 10545 
45700 91186 4165 129771 4757 3625 447591 448662 2524 5510 5716 4407 4405 7509 4933 5795 6335 3326 5021 5277 5803 6430 450682 3594 3594 5671 4464 322521 10555 
45800 92420 4138 129566 4745 3557 449414 450306 2547 5459 5734 4436 4414 7435 4909 5818 6333 3349 4889 5312 5826 6452 452318 3597 3597 5690 4471 325197 10576 
45900 95657 4135 129743 4807 3584 452409 453398 2585 5476 5724 4605 4295 7318 4954 5816 6336 4112 4820 5335 6040 6457 455360 3596 3596 5703 4456 327566 10575 
46000 96616 4110 129437 4801 3573 452586 453587 2558 5458 5726 4598 4310 7306 4961 5789 6324 3652 4801 5281 6050 6480 455348 3593 3593 5680 4632 329151 10578 
46100 100381 4159 129471 4780 3577 456332 457480 2600 5451 5770 4618 4509 7430 4941 5954 6354 3573 4832 5680 6231 6441 459195 3591 3593 5737 4621 333638 10587 
46200 102414 4076 129037 4810 3576 459721 461017 2622 5454 5778 4646 4432 7611 4980 6050 6368 3561 4856 5988 6168 6612 462817 3590 3592 5717 4636 338966 10577 
46300 104638 4081 128775 4818 3573 462668 463871 2616 5475 5868 4563 4450 7535 4979 6073 6370 3584 5003 6001 6147 6585 465632 3587 3589 5759 4680 342842 10553 
46400 107875 4092 128537 4849 3585 466715 467874 2628 5496 5865 4569 4390 7669 4977 6076 6362 3556 5033 6006 6135 6533 469689 3583 3585 5741 4653 347954 10543 
46500 107778 4074 128113 4847 3574 468984 469829 2633 5391 5859 4585 4333 7707 4985 6081 6370 3585 5095 5709 6167 6462 471685 3585 3587 5746 4583 351308 10568 
46600 111593 4103 128319 4854 3578 472410 473667 2660 5402 5884 4599 4237 7714 5009 6116 6380 3571 5141 5735 6187 6508 475528 3587 3589 5785 4594 356276 10568 
46700 114282 4017 128310 4865 3570 475506 476712 2706 5433 5909 4970 4227 7600 5051 6221 6428 3575 5161 5752 6202 6526 478569 3592 3594 5826 4597 359700 10594 
46800 116907 3980 127785 4911 3571 478459 479544 2715 5421 5910 4905 4253 7641 5051 6225 6451 3568 5174 6091 6198 6530 481433 3588 3592 5815 4595 363239 10570 
46900 117158 3982 127295 4906 3566 479573 480319 2710 5420 5940 4736 4271 7671 5050 6207 6444 3578 5178 6088 6271 6523 482176 3587 3591 5822 4541 365409 10574 
47000 122164 4000 127046 4926 3584 485290 485967 2972 5451 5860 4775 4214 7778 5118 6716 6481 3586 5203 6124 6302 6551 487841 3592 3596 5847 4544 372474 10615 
47100 123933 4014 126558 4960 3601 488699 489206 2993 5470 5864 4789 4227 7784 5136 6827 6658 3583 5212 6117 6266 6553 491085 3592 3596 5837 4536 376143 10617 
47200 125760 4040 126435 4950 3601 491009 491609 3007 5481 5894 4845 4249 7841 5143 6732 6678 3618 5255 6079 6276 6586 493555 3593 3597 5861 4605 379677 10637 
47300 127912 4060 126339 4821 3578 493711 494160 3443 5471 5910 4891 4250 7863 5172 6733 6685 3636 5300 6115 6559 6604 496143 3591 3595 5930 4529 382942 10644 
47400 129522 4036 126063 4824 3569 493960 494486 3450 5473 5880 5106 4235 7887 5174 6821 6688 3659 5326 6281 6556 6620 496467 3588 3592 5948 4498 383799 10663 
47500 133980 4024 126084 4854 3580 499545 499934 3043 5488 5897 5121 4265 7900 5191 6724 6723 3670 5333 6307 6480 6691 501939 3590 3594 5997 4552 389957 10656 
47600 135151 4024 125824 4867 3618 501190 501544 3060 5488 5917 5168 4295 7841 5164 6736 6735 3682 5309 6298 6481 6704 503590 3590 3593 6027 4545 391989 10671 
47700 139159 4134 125744 4902 3638 505899 506240 3097 5869 5915 5192 4316 7854 5176 6792 6678 3688 5299 6329 6498 6695 508356 3591 3594 6040 4561 397251 10713 
47800 140547 4128 125534 4898 3654 506953 507527 3093 5859 5927 5208 4325 7760 5183 6776 6694 3279 5270 6348 6498 6689 509622 3590 3593 6070 4576 399703 10704 
47900 140334 4025 125292 4893 4156 504744 505772 3086 5732 5943 5216 4298 7757 5168 6763 6681 3278 5260 6363 6474 6685 507867 3585 3588 6065 4581 399055 10670 
48000 144696 4022 125062 4885 4189 510345 511065 3105 5754 5981 5236 4500 7708 5176 6390 6738 3269 5251 6482 6495 6698 513187 3587 3590 6058 4598 404891 10714 
48100 149292 4037 124906 4860 4187 515235 515997 3108 5573 5988 5116 4516 7727 5190 6388 6744 3270 5261 6624 6501 6612 518101 3584 3587 6051 4603 410711 10707 
48200 152673 4041 124544 4803 4157 519208 519873 3130 5578 6035 5031 4505 7713 5185 6809 6767 3298 5275 6457 6510 6619 521985 3581 3584 6076 4634 415789 10701 
48300 155447 4184 124447 4808 4166 522890 523570 3151 5602 6058 5041 4505 7789 5223 7026 6783 3277 5301 6475 6500 6613 525701 3582 3585 6085 4640 420263 10724 
48400 158792 4164 124379 4832 4462 526357 527362 3155 5603 6081 5123 4575 7789 5214 6926 6784 3306 5289 6495 6523 6621 529525 3582 3585 6068 4643 424591 10743 
48500 161478 4168 124224 4863 4477 530233 531250 3373 5594 6080 5130 4606 7821 5236 6936 6822 3323 5320 6396 6550 6650 533431 3586 3589 6072 4677 428719 10783 
48600 166878 4182 124122 4864 4508 535693 536750 3384 5599 6101 5148 4621 7788 5226 6992 6842 3334 5328 6415 6567 6670 538964 3586 3589 6101 4698 435359 10814 
48700 170366 4171 124015 4881 4508 539612 540878 3399 5600 6130 5151 4631 7770 5258 7042 6873 3364 5331 6428 6578 6644 543102 3584 3587 6076 4722 440001 10796 
48800 175110 4192 123993 4926 4482 545193 546302 3435 5609 6134 5081 4667 7795 5293 7057 7092 3390 5365 6329 6611 6650 548633 3588 3591 6098 4741 446003 10823 
48900 181002 4204 123923 4936 4241 551597 553053 3465 5628 6142 5313 4692 7825 5953 6974 7110 3370 5386 6118 6620 6654 555423 3589 3592 6131 4735 453353 10833 
49000 182981 4220 123972 4938 4263 554891 556256 3466 5621 6154 5254 4713 7815 5923 6994 7168 3373 5365 6146 6620 6666 558587 3590 3593 6149 4749 457414 10843 
49100 186903 4215 123792 4932 4273 559652 560906 3483 5638 6174 5275 4713 7732 5933 6805 7177 3374 5356 6169 6657 6722 563274 3589 3592 6168 4795 462705 10857 
49200 188467 4210 123627 4930 4255 561022 562143 3491 5628 6185 5263 4706 7739 5950 6705 7200 3380 5366 6178 6649 6731 564502 3585 3588 6170 4778 464744 10834 
49300 195513 4218 123597 4930 4016 570042 570878 3514 5627 6201 5282 4737 7770 5974 6942 7245 3404 5390 6192 6504 6756 573267 3587 3590 6204 4802 474368 10893 
49400 200260 4229 123577 4887 4028 574621 575411 3531 5611 6212 5304 4723 7778 5988 6866 7251 3430 5386 6210 6327 6763 577776 3589 3592 6226 4822 479136 10922 
49500 203325 4224 123404 4847 4302 577765 578779 3533 5619 6221 5309 4628 7777 5979 6865 7250 3432 5433 6199 6317 6735 581160 3585 3588 6216 4810 482682 10916 
49600 208524 4237 123432 4857 4070 583921 584702 4854 5634 6220 5160 4629 7808 6023 6791 7259 3447 5481 6072 6332 6744 587111 3587 3590 6218 4805 488692 10935 
49700 213955 4235 123461 4863 4074 588057 589187 4872 5664 6231 5142 4668 7813 6337 6728 7277 3476 5499 6077 6449 6764 591647 3588 3591 6221 4839 493418 10940 
49800 217037 4224 123469 4862 4075 592231 593363 4872 5696 6245 5141 4696 7843 6340 6625 7306 3485 5517 6099 6458 6776 595831 3589 3592 6240 4867 498024 10955 
49900 217822 4241 123405 4880 4105 592569 593725 4890 5725 6273 5166 4731 7845 6353 6652 7304 3485 5485 6105 6469 6776 596187 3588 3591 6268 4881 498739 10970 
50000 228197 4268 123555 4902 4141 599433 600252 4788 5746 6316 5540 4744 7875 6248 7077 7318 3506 5475 6142 6485 6793 602870 3591 3594 6313 4886 505202 11007 
