# Avida resource data
# Mon Jan 16 16:19:54 2017
# First column gives the current update, all further columns give the quantity
# of the particular resource at that update.
#  1: Update
#  2: day
#  3: night

0 0 0 
10 0 0 
20 0 0 
30 0 0 
40 0 0 
50 0 0 
60 0 0 
70 0 0 
80 0 0 
90 0 0 
100 0 0 
110 100 1 
120 100 1 
130 100 1 
140 100 1 
150 100 1 
160 100 1 
170 100 1 
180 100 1 
190 100 1 
200 100 1 
210 1 100 
220 1 100 
230 1 100 
240 1 100 
250 1 100 
260 1 100 
270 1 100 
280 1 100 
290 1 100 
300 1 100 
310 100 1 
320 100 1 
330 100 1 
340 100 1 
350 100 1 
360 100 1 
370 100 1 
380 100 1 
390 100 1 
400 100 1 
410 1 100 
420 1 100 
430 1 100 
440 1 100 
450 1 100 
460 1 100 
470 1 100 
480 1 100 
490 1 100 
500 1 100 
510 100 1 
520 100 1 
530 100 1 
540 100 1 
550 100 1 
560 100 1 
570 100 1 
580 100 1 
590 100 1 
600 100 1 
610 1 100 
620 1 100 
630 1 100 
640 1 100 
650 1 100 
660 1 100 
670 1 100 
680 1 100 
690 1 100 
700 1 100 
710 100 1 
720 100 1 
730 100 1 
740 100 1 
750 100 1 
760 100 1 
770 100 1 
780 100 1 
790 100 1 
800 100 1 
810 1 100 
820 1 100 
830 1 100 
840 1 100 
850 1 100 
860 1 100 
870 1 100 
880 1 100 
890 1 100 
900 1 100 
910 100 1 
920 100 1 
930 100 1 
940 100 1 
950 100 1 
960 100 1 
970 100 1 
980 100 1 
990 100 1 
1000 100 1 
1010 1 100 
1020 1 100 
1030 1 100 
1040 1 100 
1050 1 100 
1060 1 100 
1070 1 100 
1080 1 100 
1090 1 100 
1100 1 100 
1110 100 1 
1120 100 1 
1130 100 1 
1140 100 1 
1150 100 1 
1160 100 1 
1170 100 1 
1180 100 1 
1190 100 1 
1200 100 1 
1210 1 100 
1220 1 100 
1230 1 100 
1240 1 100 
1250 1 100 
1260 1 100 
1270 1 100 
1280 1 100 
1290 1 100 
1300 1 100 
1310 100 1 
1320 100 1 
1330 100 1 
1340 100 1 
1350 100 1 
1360 100 1 
1370 100 1 
1380 100 1 
1390 100 1 
1400 100 1 
1410 1 100 
1420 1 100 
1430 1 100 
1440 1 100 
1450 1 100 
1460 1 100 
1470 1 100 
1480 1 100 
1490 1 100 
1500 1 100 
1510 100 1 
1520 100 1 
1530 100 1 
1540 100 1 
1550 100 1 
1560 100 1 
1570 100 1 
1580 100 1 
1590 100 1 
1600 100 1 
1610 1 100 
1620 1 100 
1630 1 100 
1640 1 100 
1650 1 100 
1660 1 100 
1670 1 100 
1680 1 100 
1690 1 100 
1700 1 100 
1710 100 1 
1720 100 1 
1730 100 1 
1740 100 1 
1750 100 1 
1760 100 1 
1770 100 1 
1780 100 1 
1790 100 1 
1800 100 1 
1810 1 100 
1820 1 100 
1830 1 100 
1840 1 100 
1850 1 100 
1860 1 100 
1870 1 100 
1880 1 100 
1890 1 100 
1900 1 100 
1910 100 1 
1920 100 1 
1930 100 1 
1940 100 1 
1950 100 1 
1960 100 1 
1970 100 1 
1980 100 1 
1990 100 1 
2000 100 1 
2010 1 100 
2020 1 100 
2030 1 100 
2040 1 100 
2050 1 100 
2060 1 100 
2070 1 100 
2080 1 100 
2090 1 100 
2100 1 100 
2110 100 1 
2120 100 1 
2130 100 1 
2140 100 1 
2150 100 1 
2160 100 1 
2170 100 1 
2180 100 1 
2190 100 1 
2200 100 1 
2210 1 100 
2220 1 100 
2230 1 100 
2240 1 100 
2250 1 100 
2260 1 100 
2270 1 100 
2280 1 100 
2290 1 100 
2300 1 100 
2310 100 1 
2320 100 1 
2330 100 1 
2340 100 1 
2350 100 1 
2360 100 1 
2370 100 1 
2380 100 1 
2390 100 1 
2400 100 1 
2410 1 100 
2420 1 100 
2430 1 100 
2440 1 100 
2450 1 100 
2460 1 100 
2470 1 100 
2480 1 100 
2490 1 100 
2500 1 100 
2510 100 1 
2520 100 1 
2530 100 1 
2540 100 1 
2550 100 1 
2560 100 1 
2570 100 1 
2580 100 1 
2590 100 1 
2600 100 1 
2610 1 100 
2620 1 100 
2630 1 100 
2640 1 100 
2650 1 100 
2660 1 100 
2670 1 100 
2680 1 100 
2690 1 100 
2700 1 100 
2710 100 1 
2720 100 1 
2730 100 1 
2740 100 1 
2750 100 1 
2760 100 1 
2770 100 1 
2780 100 1 
2790 100 1 
2800 100 1 
2810 1 100 
2820 1 100 
2830 1 100 
2840 1 100 
2850 1 100 
2860 1 100 
2870 1 100 
2880 1 100 
2890 1 100 
2900 1 100 
2910 100 1 
2920 100 1 
2930 100 1 
2940 100 1 
2950 100 1 
2960 100 1 
2970 100 1 
2980 100 1 
2990 100 1 
3000 100 1 
3010 1 100 
3020 1 100 
3030 1 100 
3040 1 100 
3050 1 100 
3060 1 100 
3070 1 100 
3080 1 100 
3090 1 100 
3100 1 100 
3110 100 1 
3120 100 1 
3130 100 1 
3140 100 1 
3150 100 1 
3160 100 1 
3170 100 1 
3180 100 1 
3190 100 1 
3200 100 1 
3210 1 100 
3220 1 100 
3230 1 100 
3240 1 100 
3250 1 100 
3260 1 100 
3270 1 100 
3280 1 100 
3290 1 100 
3300 1 100 
3310 100 1 
3320 100 1 
3330 100 1 
3340 100 1 
3350 100 1 
3360 100 1 
3370 100 1 
3380 100 1 
3390 100 1 
3400 100 1 
3410 1 100 
3420 1 100 
3430 1 100 
3440 1 100 
3450 1 100 
3460 1 100 
3470 1 100 
3480 1 100 
3490 1 100 
3500 1 100 
3510 100 1 
3520 100 1 
3530 100 1 
3540 100 1 
3550 100 1 
3560 100 1 
3570 100 1 
3580 100 1 
3590 100 1 
3600 100 1 
3610 1 100 
3620 1 100 
3630 1 100 
3640 1 100 
3650 1 100 
3660 1 100 
3670 1 100 
3680 1 100 
3690 1 100 
3700 1 100 
3710 100 1 
3720 100 1 
3730 100 1 
3740 100 1 
3750 100 1 
3760 100 1 
3770 100 1 
3780 100 1 
3790 100 1 
3800 100 1 
3810 1 100 
3820 1 100 
3830 1 100 
3840 1 100 
3850 1 100 
3860 1 100 
3870 1 100 
3880 1 100 
3890 1 100 
3900 1 100 
3910 100 1 
3920 100 1 
3930 100 1 
3940 100 1 
3950 100 1 
3960 100 1 
3970 100 1 
3980 100 1 
3990 100 1 
4000 100 1 
4010 1 100 
4020 1 100 
4030 1 100 
4040 1 100 
4050 1 100 
4060 1 100 
4070 1 100 
4080 1 100 
4090 1 100 
4100 1 100 
4110 100 1 
4120 100 1 
4130 100 1 
4140 100 1 
4150 100 1 
4160 100 1 
4170 100 1 
4180 100 1 
4190 100 1 
4200 100 1 
4210 1 100 
4220 1 100 
4230 1 100 
4240 1 100 
4250 1 100 
4260 1 100 
4270 1 100 
4280 1 100 
4290 1 100 
4300 1 100 
4310 100 1 
4320 100 1 
4330 100 1 
4340 100 1 
4350 100 1 
4360 100 1 
4370 100 1 
4380 100 1 
4390 100 1 
4400 100 1 
4410 1 100 
4420 1 100 
4430 1 100 
4440 1 100 
4450 1 100 
4460 1 100 
4470 1 100 
4480 1 100 
4490 1 100 
4500 1 100 
4510 100 1 
4520 100 1 
4530 100 1 
4540 100 1 
4550 100 1 
4560 100 1 
4570 100 1 
4580 100 1 
4590 100 1 
4600 100 1 
4610 1 100 
4620 1 100 
4630 1 100 
4640 1 100 
4650 1 100 
4660 1 100 
4670 1 100 
4680 1 100 
4690 1 100 
4700 1 100 
4710 100 1 
4720 100 1 
4730 100 1 
4740 100 1 
4750 100 1 
4760 100 1 
4770 100 1 
4780 100 1 
4790 100 1 
4800 100 1 
4810 1 100 
4820 1 100 
4830 1 100 
4840 1 100 
4850 1 100 
4860 1 100 
4870 1 100 
4880 1 100 
4890 1 100 
4900 1 100 
4910 100 1 
4920 100 1 
4930 100 1 
4940 100 1 
4950 100 1 
4960 100 1 
4970 100 1 
4980 100 1 
4990 100 1 
5000 100 1 
5010 1 100 
5020 1 100 
5030 1 100 
5040 1 100 
5050 1 100 
5060 1 100 
5070 1 100 
5080 1 100 
5090 1 100 
5100 1 100 
5110 100 1 
5120 100 1 
5130 100 1 
5140 100 1 
5150 100 1 
5160 100 1 
5170 100 1 
5180 100 1 
5190 100 1 
5200 100 1 
5210 1 100 
5220 1 100 
5230 1 100 
5240 1 100 
5250 1 100 
5260 1 100 
5270 1 100 
5280 1 100 
5290 1 100 
5300 1 100 
5310 100 1 
5320 100 1 
5330 100 1 
5340 100 1 
5350 100 1 
5360 100 1 
5370 100 1 
5380 100 1 
5390 100 1 
5400 100 1 
5410 1 100 
5420 1 100 
5430 1 100 
5440 1 100 
5450 1 100 
5460 1 100 
5470 1 100 
5480 1 100 
5490 1 100 
5500 1 100 
5510 100 1 
5520 100 1 
5530 100 1 
5540 100 1 
5550 100 1 
5560 100 1 
5570 100 1 
5580 100 1 
5590 100 1 
5600 100 1 
5610 1 100 
5620 1 100 
5630 1 100 
5640 1 100 
5650 1 100 
5660 1 100 
5670 1 100 
5680 1 100 
5690 1 100 
5700 1 100 
5710 100 1 
5720 100 1 
5730 100 1 
5740 100 1 
5750 100 1 
5760 100 1 
5770 100 1 
5780 100 1 
5790 100 1 
5800 100 1 
5810 1 100 
5820 1 100 
5830 1 100 
5840 1 100 
5850 1 100 
5860 1 100 
5870 1 100 
5880 1 100 
5890 1 100 
5900 1 100 
5910 100 1 
5920 100 1 
5930 100 1 
5940 100 1 
5950 100 1 
5960 100 1 
5970 100 1 
5980 100 1 
5990 100 1 
6000 100 1 
6010 1 100 
6020 1 100 
6030 1 100 
6040 1 100 
6050 1 100 
6060 1 100 
6070 1 100 
6080 1 100 
6090 1 100 
6100 1 100 
6110 100 1 
6120 100 1 
6130 100 1 
6140 100 1 
6150 100 1 
6160 100 1 
6170 100 1 
6180 100 1 
6190 100 1 
6200 100 1 
6210 1 100 
6220 1 100 
6230 1 100 
6240 1 100 
6250 1 100 
6260 1 100 
6270 1 100 
6280 1 100 
6290 1 100 
6300 1 100 
6310 100 1 
6320 100 1 
6330 100 1 
6340 100 1 
6350 100 1 
6360 100 1 
6370 100 1 
6380 100 1 
6390 100 1 
6400 100 1 
6410 1 100 
6420 1 100 
6430 1 100 
6440 1 100 
6450 1 100 
6460 1 100 
6470 1 100 
6480 1 100 
6490 1 100 
6500 1 100 
6510 100 1 
6520 100 1 
6530 100 1 
6540 100 1 
6550 100 1 
6560 100 1 
6570 100 1 
6580 100 1 
6590 100 1 
6600 100 1 
6610 1 100 
6620 1 100 
6630 1 100 
6640 1 100 
6650 1 100 
6660 1 100 
6670 1 100 
6680 1 100 
6690 1 100 
6700 1 100 
6710 100 1 
6720 100 1 
6730 100 1 
6740 100 1 
6750 100 1 
6760 100 1 
6770 100 1 
6780 100 1 
6790 100 1 
6800 100 1 
6810 1 100 
6820 1 100 
6830 1 100 
6840 1 100 
6850 1 100 
6860 1 100 
6870 1 100 
6880 1 100 
6890 1 100 
6900 1 100 
6910 100 1 
6920 100 1 
6930 100 1 
6940 100 1 
6950 100 1 
6960 100 1 
6970 100 1 
6980 100 1 
6990 100 1 
7000 100 1 
7010 1 100 
7020 1 100 
7030 1 100 
7040 1 100 
7050 1 100 
7060 1 100 
7070 1 100 
7080 1 100 
7090 1 100 
7100 1 100 
7110 100 1 
7120 100 1 
7130 100 1 
7140 100 1 
7150 100 1 
7160 100 1 
7170 100 1 
7180 100 1 
7190 100 1 
7200 100 1 
7210 1 100 
7220 1 100 
7230 1 100 
7240 1 100 
7250 1 100 
7260 1 100 
7270 1 100 
7280 1 100 
7290 1 100 
7300 1 100 
7310 100 1 
7320 100 1 
7330 100 1 
7340 100 1 
7350 100 1 
7360 100 1 
7370 100 1 
7380 100 1 
7390 100 1 
7400 100 1 
7410 1 100 
7420 1 100 
7430 1 100 
7440 1 100 
7450 1 100 
7460 1 100 
7470 1 100 
7480 1 100 
7490 1 100 
7500 1 100 
7510 100 1 
7520 100 1 
7530 100 1 
7540 100 1 
7550 100 1 
7560 100 1 
7570 100 1 
7580 100 1 
7590 100 1 
7600 100 1 
7610 1 100 
7620 1 100 
7630 1 100 
7640 1 100 
7650 1 100 
7660 1 100 
7670 1 100 
7680 1 100 
7690 1 100 
7700 1 100 
7710 100 1 
7720 100 1 
7730 100 1 
7740 100 1 
7750 100 1 
7760 100 1 
7770 100 1 
7780 100 1 
7790 100 1 
7800 100 1 
7810 1 100 
7820 1 100 
7830 1 100 
7840 1 100 
7850 1 100 
7860 1 100 
7870 1 100 
7880 1 100 
7890 1 100 
7900 1 100 
7910 100 1 
7920 100 1 
7930 100 1 
7940 100 1 
7950 100 1 
7960 100 1 
7970 100 1 
7980 100 1 
7990 100 1 
8000 100 1 
8010 1 100 
8020 1 100 
8030 1 100 
8040 1 100 
8050 1 100 
8060 1 100 
8070 1 100 
8080 1 100 
8090 1 100 
8100 1 100 
8110 100 1 
8120 100 1 
8130 100 1 
8140 100 1 
8150 100 1 
8160 100 1 
8170 100 1 
8180 100 1 
8190 100 1 
8200 100 1 
8210 1 100 
8220 1 100 
8230 1 100 
8240 1 100 
8250 1 100 
8260 1 100 
8270 1 100 
8280 1 100 
8290 1 100 
8300 1 100 
8310 100 1 
8320 100 1 
8330 100 1 
8340 100 1 
8350 100 1 
8360 100 1 
8370 100 1 
8380 100 1 
8390 100 1 
8400 100 1 
8410 1 100 
8420 1 100 
8430 1 100 
8440 1 100 
8450 1 100 
8460 1 100 
8470 1 100 
8480 1 100 
8490 1 100 
8500 1 100 
8510 100 1 
8520 100 1 
8530 100 1 
8540 100 1 
8550 100 1 
8560 100 1 
8570 100 1 
8580 100 1 
8590 100 1 
8600 100 1 
8610 1 100 
8620 1 100 
8630 1 100 
8640 1 100 
8650 1 100 
8660 1 100 
8670 1 100 
8680 1 100 
8690 1 100 
8700 1 100 
8710 100 1 
8720 100 1 
8730 100 1 
8740 100 1 
8750 100 1 
8760 100 1 
8770 100 1 
8780 100 1 
8790 100 1 
8800 100 1 
8810 1 100 
8820 1 100 
8830 1 100 
8840 1 100 
8850 1 100 
8860 1 100 
8870 1 100 
8880 1 100 
8890 1 100 
8900 1 100 
8910 100 1 
8920 100 1 
8930 100 1 
8940 100 1 
8950 100 1 
8960 100 1 
8970 100 1 
8980 100 1 
8990 100 1 
9000 100 1 
9010 1 100 
9020 1 100 
9030 1 100 
9040 1 100 
9050 1 100 
9060 1 100 
9070 1 100 
9080 1 100 
9090 1 100 
9100 1 100 
9110 100 1 
9120 100 1 
9130 100 1 
9140 100 1 
9150 100 1 
9160 100 1 
9170 100 1 
9180 100 1 
9190 100 1 
9200 100 1 
9210 1 100 
9220 1 100 
9230 1 100 
9240 1 100 
9250 1 100 
9260 1 100 
9270 1 100 
9280 1 100 
9290 1 100 
9300 1 100 
9310 100 1 
9320 100 1 
9330 100 1 
9340 100 1 
9350 100 1 
9360 100 1 
9370 100 1 
9380 100 1 
9390 100 1 
9400 100 1 
9410 1 100 
9420 1 100 
9430 1 100 
9440 1 100 
9450 1 100 
9460 1 100 
9470 1 100 
9480 1 100 
9490 1 100 
9500 1 100 
9510 100 1 
9520 100 1 
9530 100 1 
9540 100 1 
9550 100 1 
9560 100 1 
9570 100 1 
9580 100 1 
9590 100 1 
9600 100 1 
9610 1 100 
9620 1 100 
9630 1 100 
9640 1 100 
9650 1 100 
9660 1 100 
9670 1 100 
9680 1 100 
9690 1 100 
9700 1 100 
9710 100 1 
9720 100 1 
9730 100 1 
9740 100 1 
9750 100 1 
9760 100 1 
9770 100 1 
9780 100 1 
9790 100 1 
9800 100 1 
9810 1 100 
9820 1 100 
9830 1 100 
9840 1 100 
9850 1 100 
9860 1 100 
9870 1 100 
9880 1 100 
9890 1 100 
9900 1 100 
9910 100 1 
9920 100 1 
9930 100 1 
9940 100 1 
9950 100 1 
9960 100 1 
9970 100 1 
9980 100 1 
9990 100 1 
10000 100 1 
10010 1 100 
10020 1 100 
10030 1 100 
10040 1 100 
10050 1 100 
10060 1 100 
10070 1 100 
10080 1 100 
10090 1 100 
10100 1 100 
10110 100 1 
10120 100 1 
10130 100 1 
10140 100 1 
10150 100 1 
10160 100 1 
10170 100 1 
10180 100 1 
10190 100 1 
10200 100 1 
10210 1 100 
10220 1 100 
10230 1 100 
10240 1 100 
10250 1 100 
10260 1 100 
10270 1 100 
10280 1 100 
10290 1 100 
10300 1 100 
10310 100 1 
10320 100 1 
10330 100 1 
10340 100 1 
10350 100 1 
10360 100 1 
10370 100 1 
10380 100 1 
10390 100 1 
10400 100 1 
10410 1 100 
10420 1 100 
10430 1 100 
10440 1 100 
10450 1 100 
10460 1 100 
10470 1 100 
10480 1 100 
10490 1 100 
10500 1 100 
10510 100 1 
10520 100 1 
10530 100 1 
10540 100 1 
10550 100 1 
10560 100 1 
10570 100 1 
10580 100 1 
10590 100 1 
10600 100 1 
10610 1 100 
10620 1 100 
10630 1 100 
10640 1 100 
10650 1 100 
10660 1 100 
10670 1 100 
10680 1 100 
10690 1 100 
10700 1 100 
10710 100 1 
10720 100 1 
10730 100 1 
10740 100 1 
10750 100 1 
10760 100 1 
10770 100 1 
10780 100 1 
10790 100 1 
10800 100 1 
10810 1 100 
10820 1 100 
10830 1 100 
10840 1 100 
10850 1 100 
10860 1 100 
10870 1 100 
10880 1 100 
10890 1 100 
10900 1 100 
10910 100 1 
10920 100 1 
10930 100 1 
10940 100 1 
10950 100 1 
10960 100 1 
10970 100 1 
10980 100 1 
10990 100 1 
11000 100 1 
11010 1 100 
11020 1 100 
11030 1 100 
11040 1 100 
11050 1 100 
11060 1 100 
11070 1 100 
11080 1 100 
11090 1 100 
11100 1 100 
11110 100 1 
11120 100 1 
11130 100 1 
11140 100 1 
11150 100 1 
11160 100 1 
11170 100 1 
11180 100 1 
11190 100 1 
11200 100 1 
11210 1 100 
11220 1 100 
11230 1 100 
11240 1 100 
11250 1 100 
11260 1 100 
11270 1 100 
11280 1 100 
11290 1 100 
11300 1 100 
11310 100 1 
11320 100 1 
11330 100 1 
11340 100 1 
11350 100 1 
11360 100 1 
11370 100 1 
11380 100 1 
11390 100 1 
11400 100 1 
11410 1 100 
11420 1 100 
11430 1 100 
11440 1 100 
11450 1 100 
11460 1 100 
11470 1 100 
11480 1 100 
11490 1 100 
11500 1 100 
11510 100 1 
11520 100 1 
11530 100 1 
11540 100 1 
11550 100 1 
11560 100 1 
11570 100 1 
11580 100 1 
11590 100 1 
11600 100 1 
11610 1 100 
11620 1 100 
11630 1 100 
11640 1 100 
11650 1 100 
11660 1 100 
11670 1 100 
11680 1 100 
11690 1 100 
11700 1 100 
11710 100 1 
11720 100 1 
11730 100 1 
11740 100 1 
11750 100 1 
11760 100 1 
11770 100 1 
11780 100 1 
11790 100 1 
11800 100 1 
11810 1 100 
11820 1 100 
11830 1 100 
11840 1 100 
11850 1 100 
11860 1 100 
11870 1 100 
11880 1 100 
11890 1 100 
11900 1 100 
11910 100 1 
11920 100 1 
11930 100 1 
11940 100 1 
11950 100 1 
11960 100 1 
11970 100 1 
11980 100 1 
11990 100 1 
12000 100 1 
12010 1 100 
12020 1 100 
12030 1 100 
12040 1 100 
12050 1 100 
12060 1 100 
12070 1 100 
12080 1 100 
12090 1 100 
12100 1 100 
12110 100 1 
12120 100 1 
12130 100 1 
12140 100 1 
12150 100 1 
12160 100 1 
12170 100 1 
12180 100 1 
12190 100 1 
12200 100 1 
12210 1 100 
12220 1 100 
12230 1 100 
12240 1 100 
12250 1 100 
12260 1 100 
12270 1 100 
12280 1 100 
12290 1 100 
12300 1 100 
12310 100 1 
12320 100 1 
12330 100 1 
12340 100 1 
12350 100 1 
12360 100 1 
12370 100 1 
12380 100 1 
12390 100 1 
12400 100 1 
12410 1 100 
12420 1 100 
12430 1 100 
12440 1 100 
12450 1 100 
12460 1 100 
12470 1 100 
12480 1 100 
12490 1 100 
12500 1 100 
12510 100 1 
12520 100 1 
12530 100 1 
12540 100 1 
12550 100 1 
12560 100 1 
12570 100 1 
12580 100 1 
12590 100 1 
12600 100 1 
12610 1 100 
12620 1 100 
12630 1 100 
12640 1 100 
12650 1 100 
12660 1 100 
12670 1 100 
12680 1 100 
12690 1 100 
12700 1 100 
12710 100 1 
12720 100 1 
12730 100 1 
12740 100 1 
12750 100 1 
12760 100 1 
12770 100 1 
12780 100 1 
12790 100 1 
12800 100 1 
12810 1 100 
12820 1 100 
12830 1 100 
12840 1 100 
12850 1 100 
12860 1 100 
12870 1 100 
12880 1 100 
12890 1 100 
12900 1 100 
12910 100 1 
12920 100 1 
12930 100 1 
12940 100 1 
12950 100 1 
12960 100 1 
12970 100 1 
12980 100 1 
12990 100 1 
13000 100 1 
13010 1 100 
13020 1 100 
13030 1 100 
13040 1 100 
13050 1 100 
13060 1 100 
13070 1 100 
13080 1 100 
13090 1 100 
13100 1 100 
13110 100 1 
13120 100 1 
13130 100 1 
13140 100 1 
13150 100 1 
13160 100 1 
13170 100 1 
13180 100 1 
13190 100 1 
13200 100 1 
13210 1 100 
13220 1 100 
13230 1 100 
13240 1 100 
13250 1 100 
13260 1 100 
13270 1 100 
13280 1 100 
13290 1 100 
13300 1 100 
13310 100 1 
13320 100 1 
13330 100 1 
13340 100 1 
13350 100 1 
13360 100 1 
13370 100 1 
13380 100 1 
13390 100 1 
13400 100 1 
13410 1 100 
13420 1 100 
13430 1 100 
13440 1 100 
13450 1 100 
13460 1 100 
13470 1 100 
13480 1 100 
13490 1 100 
13500 1 100 
13510 100 1 
13520 100 1 
13530 100 1 
13540 100 1 
13550 100 1 
13560 100 1 
13570 100 1 
13580 100 1 
13590 100 1 
13600 100 1 
13610 1 100 
13620 1 100 
13630 1 100 
13640 1 100 
13650 1 100 
13660 1 100 
13670 1 100 
13680 1 100 
13690 1 100 
13700 1 100 
13710 100 1 
13720 100 1 
13730 100 1 
13740 100 1 
13750 100 1 
13760 100 1 
13770 100 1 
13780 100 1 
13790 100 1 
13800 100 1 
13810 1 100 
13820 1 100 
13830 1 100 
13840 1 100 
13850 1 100 
13860 1 100 
13870 1 100 
13880 1 100 
13890 1 100 
13900 1 100 
13910 100 1 
13920 100 1 
13930 100 1 
13940 100 1 
13950 100 1 
13960 100 1 
13970 100 1 
13980 100 1 
13990 100 1 
14000 100 1 
14010 1 100 
14020 1 100 
14030 1 100 
14040 1 100 
14050 1 100 
14060 1 100 
14070 1 100 
14080 1 100 
14090 1 100 
14100 1 100 
14110 100 1 
14120 100 1 
14130 100 1 
14140 100 1 
14150 100 1 
14160 100 1 
14170 100 1 
14180 100 1 
14190 100 1 
14200 100 1 
14210 1 100 
14220 1 100 
14230 1 100 
14240 1 100 
14250 1 100 
14260 1 100 
14270 1 100 
14280 1 100 
14290 1 100 
14300 1 100 
14310 100 1 
14320 100 1 
14330 100 1 
14340 100 1 
14350 100 1 
14360 100 1 
14370 100 1 
14380 100 1 
14390 100 1 
14400 100 1 
14410 1 100 
14420 1 100 
14430 1 100 
14440 1 100 
14450 1 100 
14460 1 100 
14470 1 100 
14480 1 100 
14490 1 100 
14500 1 100 
14510 100 1 
14520 100 1 
14530 100 1 
14540 100 1 
14550 100 1 
14560 100 1 
14570 100 1 
14580 100 1 
14590 100 1 
14600 100 1 
14610 1 100 
14620 1 100 
14630 1 100 
14640 1 100 
14650 1 100 
14660 1 100 
14670 1 100 
14680 1 100 
14690 1 100 
14700 1 100 
14710 100 1 
14720 100 1 
14730 100 1 
14740 100 1 
14750 100 1 
14760 100 1 
14770 100 1 
14780 100 1 
14790 100 1 
14800 100 1 
14810 1 100 
14820 1 100 
14830 1 100 
14840 1 100 
14850 1 100 
14860 1 100 
14870 1 100 
14880 1 100 
14890 1 100 
14900 1 100 
14910 100 1 
14920 100 1 
14930 100 1 
14940 100 1 
14950 100 1 
14960 100 1 
14970 100 1 
14980 100 1 
14990 100 1 
15000 100 1 
15010 1 100 
15020 1 100 
15030 1 100 
15040 1 100 
15050 1 100 
15060 1 100 
15070 1 100 
15080 1 100 
15090 1 100 
15100 1 100 
15110 100 1 
15120 100 1 
15130 100 1 
15140 100 1 
15150 100 1 
15160 100 1 
15170 100 1 
15180 100 1 
15190 100 1 
15200 100 1 
15210 1 100 
15220 1 100 
15230 1 100 
15240 1 100 
15250 1 100 
15260 1 100 
15270 1 100 
15280 1 100 
15290 1 100 
15300 1 100 
15310 100 1 
15320 100 1 
15330 100 1 
15340 100 1 
15350 100 1 
15360 100 1 
15370 100 1 
15380 100 1 
15390 100 1 
15400 100 1 
15410 1 100 
15420 1 100 
15430 1 100 
15440 1 100 
15450 1 100 
15460 1 100 
15470 1 100 
15480 1 100 
15490 1 100 
15500 1 100 
15510 100 1 
15520 100 1 
15530 100 1 
15540 100 1 
15550 100 1 
15560 100 1 
15570 100 1 
15580 100 1 
15590 100 1 
15600 100 1 
15610 1 100 
15620 1 100 
15630 1 100 
15640 1 100 
15650 1 100 
15660 1 100 
15670 1 100 
15680 1 100 
15690 1 100 
15700 1 100 
15710 100 1 
15720 100 1 
15730 100 1 
15740 100 1 
15750 100 1 
15760 100 1 
15770 100 1 
15780 100 1 
15790 100 1 
15800 100 1 
15810 1 100 
15820 1 100 
15830 1 100 
15840 1 100 
15850 1 100 
15860 1 100 
15870 1 100 
15880 1 100 
15890 1 100 
15900 1 100 
15910 100 1 
15920 100 1 
15930 100 1 
15940 100 1 
15950 100 1 
15960 100 1 
15970 100 1 
15980 100 1 
15990 100 1 
16000 100 1 
16010 1 100 
16020 1 100 
16030 1 100 
16040 1 100 
16050 1 100 
16060 1 100 
16070 1 100 
16080 1 100 
16090 1 100 
16100 1 100 
16110 100 1 
16120 100 1 
16130 100 1 
16140 100 1 
16150 100 1 
16160 100 1 
16170 100 1 
16180 100 1 
16190 100 1 
16200 100 1 
16210 1 100 
16220 1 100 
16230 1 100 
16240 1 100 
16250 1 100 
16260 1 100 
16270 1 100 
16280 1 100 
16290 1 100 
16300 1 100 
16310 100 1 
16320 100 1 
16330 100 1 
16340 100 1 
16350 100 1 
16360 100 1 
16370 100 1 
16380 100 1 
16390 100 1 
16400 100 1 
16410 1 100 
16420 1 100 
16430 1 100 
16440 1 100 
16450 1 100 
16460 1 100 
16470 1 100 
16480 1 100 
16490 1 100 
16500 1 100 
16510 100 1 
16520 100 1 
16530 100 1 
16540 100 1 
16550 100 1 
16560 100 1 
16570 100 1 
16580 100 1 
16590 100 1 
16600 100 1 
16610 1 100 
16620 1 100 
16630 1 100 
16640 1 100 
16650 1 100 
16660 1 100 
16670 1 100 
16680 1 100 
16690 1 100 
16700 1 100 
16710 100 1 
16720 100 1 
16730 100 1 
16740 100 1 
16750 100 1 
16760 100 1 
16770 100 1 
16780 100 1 
16790 100 1 
16800 100 1 
16810 1 100 
16820 1 100 
16830 1 100 
16840 1 100 
16850 1 100 
16860 1 100 
16870 1 100 
16880 1 100 
16890 1 100 
16900 1 100 
16910 100 1 
16920 100 1 
16930 100 1 
16940 100 1 
16950 100 1 
16960 100 1 
16970 100 1 
16980 100 1 
16990 100 1 
17000 100 1 
17010 1 100 
17020 1 100 
17030 1 100 
17040 1 100 
17050 1 100 
17060 1 100 
17070 1 100 
17080 1 100 
17090 1 100 
17100 1 100 
17110 100 1 
17120 100 1 
17130 100 1 
17140 100 1 
17150 100 1 
17160 100 1 
17170 100 1 
17180 100 1 
17190 100 1 
17200 100 1 
17210 1 100 
17220 1 100 
17230 1 100 
17240 1 100 
17250 1 100 
17260 1 100 
17270 1 100 
17280 1 100 
17290 1 100 
17300 1 100 
17310 100 1 
17320 100 1 
17330 100 1 
17340 100 1 
17350 100 1 
17360 100 1 
17370 100 1 
17380 100 1 
17390 100 1 
17400 100 1 
17410 1 100 
17420 1 100 
17430 1 100 
17440 1 100 
17450 1 100 
17460 1 100 
17470 1 100 
17480 1 100 
17490 1 100 
17500 1 100 
17510 100 1 
17520 100 1 
17530 100 1 
17540 100 1 
17550 100 1 
17560 100 1 
17570 100 1 
17580 100 1 
17590 100 1 
17600 100 1 
17610 1 100 
17620 1 100 
17630 1 100 
17640 1 100 
17650 1 100 
17660 1 100 
17670 1 100 
17680 1 100 
17690 1 100 
17700 1 100 
17710 100 1 
17720 100 1 
17730 100 1 
17740 100 1 
17750 100 1 
17760 100 1 
17770 100 1 
17780 100 1 
17790 100 1 
17800 100 1 
17810 1 100 
17820 1 100 
17830 1 100 
17840 1 100 
17850 1 100 
17860 1 100 
17870 1 100 
17880 1 100 
17890 1 100 
17900 1 100 
17910 100 1 
17920 100 1 
17930 100 1 
17940 100 1 
17950 100 1 
17960 100 1 
17970 100 1 
17980 100 1 
17990 100 1 
18000 100 1 
18010 1 100 
18020 1 100 
18030 1 100 
18040 1 100 
18050 1 100 
18060 1 100 
18070 1 100 
18080 1 100 
18090 1 100 
18100 1 100 
18110 100 1 
18120 100 1 
18130 100 1 
18140 100 1 
18150 100 1 
18160 100 1 
18170 100 1 
18180 100 1 
18190 100 1 
18200 100 1 
18210 1 100 
18220 1 100 
18230 1 100 
18240 1 100 
18250 1 100 
18260 1 100 
18270 1 100 
18280 1 100 
18290 1 100 
18300 1 100 
18310 100 1 
18320 100 1 
18330 100 1 
18340 100 1 
18350 100 1 
18360 100 1 
18370 100 1 
18380 100 1 
18390 100 1 
18400 100 1 
18410 1 100 
18420 1 100 
18430 1 100 
18440 1 100 
18450 1 100 
18460 1 100 
18470 1 100 
18480 1 100 
18490 1 100 
18500 1 100 
18510 100 1 
18520 100 1 
18530 100 1 
18540 100 1 
18550 100 1 
18560 100 1 
18570 100 1 
18580 100 1 
18590 100 1 
18600 100 1 
18610 1 100 
18620 1 100 
18630 1 100 
18640 1 100 
18650 1 100 
18660 1 100 
18670 1 100 
18680 1 100 
18690 1 100 
18700 1 100 
18710 100 1 
18720 100 1 
18730 100 1 
18740 100 1 
18750 100 1 
18760 100 1 
18770 100 1 
18780 100 1 
18790 100 1 
18800 100 1 
18810 1 100 
18820 1 100 
18830 1 100 
18840 1 100 
18850 1 100 
18860 1 100 
18870 1 100 
18880 1 100 
18890 1 100 
18900 1 100 
18910 100 1 
18920 100 1 
18930 100 1 
18940 100 1 
18950 100 1 
18960 100 1 
18970 100 1 
18980 100 1 
18990 100 1 
19000 100 1 
19010 1 100 
19020 1 100 
19030 1 100 
19040 1 100 
19050 1 100 
19060 1 100 
19070 1 100 
19080 1 100 
19090 1 100 
19100 1 100 
19110 100 1 
19120 100 1 
19130 100 1 
19140 100 1 
19150 100 1 
19160 100 1 
19170 100 1 
19180 100 1 
19190 100 1 
19200 100 1 
19210 1 100 
19220 1 100 
19230 1 100 
19240 1 100 
19250 1 100 
19260 1 100 
19270 1 100 
19280 1 100 
19290 1 100 
19300 1 100 
19310 100 1 
19320 100 1 
19330 100 1 
19340 100 1 
19350 100 1 
19360 100 1 
19370 100 1 
19380 100 1 
19390 100 1 
19400 100 1 
19410 1 100 
19420 1 100 
19430 1 100 
19440 1 100 
19450 1 100 
19460 1 100 
19470 1 100 
19480 1 100 
19490 1 100 
19500 1 100 
19510 100 1 
19520 100 1 
19530 100 1 
19540 100 1 
19550 100 1 
19560 100 1 
19570 100 1 
19580 100 1 
19590 100 1 
19600 100 1 
19610 1 100 
19620 1 100 
19630 1 100 
19640 1 100 
19650 1 100 
19660 1 100 
19670 1 100 
19680 1 100 
19690 1 100 
19700 1 100 
19710 100 1 
19720 100 1 
19730 100 1 
19740 100 1 
19750 100 1 
19760 100 1 
19770 100 1 
19780 100 1 
19790 100 1 
19800 100 1 
19810 1 100 
19820 1 100 
19830 1 100 
19840 1 100 
19850 1 100 
19860 1 100 
19870 1 100 
19880 1 100 
19890 1 100 
19900 1 100 
19910 100 1 
19920 100 1 
19930 100 1 
19940 100 1 
19950 100 1 
19960 100 1 
19970 100 1 
19980 100 1 
19990 100 1 
20000 100 1 
20010 1 100 
20020 1 100 
20030 1 100 
20040 1 100 
20050 1 100 
20060 1 100 
20070 1 100 
20080 1 100 
20090 1 100 
20100 1 100 
20110 100 1 
20120 100 1 
20130 100 1 
20140 100 1 
20150 100 1 
20160 100 1 
20170 100 1 
20180 100 1 
20190 100 1 
20200 100 1 
20210 1 100 
20220 1 100 
20230 1 100 
20240 1 100 
20250 1 100 
20260 1 100 
20270 1 100 
20280 1 100 
20290 1 100 
20300 1 100 
20310 100 1 
20320 100 1 
20330 100 1 
20340 100 1 
20350 100 1 
20360 100 1 
20370 100 1 
20380 100 1 
20390 100 1 
20400 100 1 
20410 1 100 
20420 1 100 
20430 1 100 
20440 1 100 
20450 1 100 
20460 1 100 
20470 1 100 
20480 1 100 
20490 1 100 
20500 1 100 
20510 100 1 
20520 100 1 
20530 100 1 
20540 100 1 
20550 100 1 
20560 100 1 
20570 100 1 
20580 100 1 
20590 100 1 
20600 100 1 
20610 1 100 
20620 1 100 
20630 1 100 
20640 1 100 
20650 1 100 
20660 1 100 
20670 1 100 
20680 1 100 
20690 1 100 
20700 1 100 
20710 100 1 
20720 100 1 
20730 100 1 
20740 100 1 
20750 100 1 
20760 100 1 
20770 100 1 
20780 100 1 
20790 100 1 
20800 100 1 
20810 1 100 
20820 1 100 
20830 1 100 
20840 1 100 
20850 1 100 
20860 1 100 
20870 1 100 
20880 1 100 
20890 1 100 
20900 1 100 
20910 100 1 
20920 100 1 
20930 100 1 
20940 100 1 
20950 100 1 
20960 100 1 
20970 100 1 
20980 100 1 
20990 100 1 
21000 100 1 
21010 1 100 
21020 1 100 
21030 1 100 
21040 1 100 
21050 1 100 
21060 1 100 
21070 1 100 
21080 1 100 
21090 1 100 
21100 1 100 
21110 100 1 
21120 100 1 
21130 100 1 
21140 100 1 
21150 100 1 
21160 100 1 
21170 100 1 
21180 100 1 
21190 100 1 
21200 100 1 
21210 1 100 
21220 1 100 
21230 1 100 
21240 1 100 
21250 1 100 
21260 1 100 
21270 1 100 
21280 1 100 
21290 1 100 
21300 1 100 
21310 100 1 
21320 100 1 
21330 100 1 
21340 100 1 
21350 100 1 
21360 100 1 
21370 100 1 
21380 100 1 
21390 100 1 
21400 100 1 
21410 1 100 
21420 1 100 
21430 1 100 
21440 1 100 
21450 1 100 
21460 1 100 
21470 1 100 
21480 1 100 
21490 1 100 
21500 1 100 
21510 100 1 
21520 100 1 
21530 100 1 
21540 100 1 
21550 100 1 
21560 100 1 
21570 100 1 
21580 100 1 
21590 100 1 
21600 100 1 
21610 1 100 
21620 1 100 
21630 1 100 
21640 1 100 
21650 1 100 
21660 1 100 
21670 1 100 
21680 1 100 
21690 1 100 
21700 1 100 
21710 100 1 
21720 100 1 
21730 100 1 
21740 100 1 
21750 100 1 
21760 100 1 
21770 100 1 
21780 100 1 
21790 100 1 
21800 100 1 
21810 1 100 
21820 1 100 
21830 1 100 
21840 1 100 
21850 1 100 
21860 1 100 
21870 1 100 
21880 1 100 
21890 1 100 
21900 1 100 
21910 100 1 
21920 100 1 
21930 100 1 
21940 100 1 
21950 100 1 
21960 100 1 
21970 100 1 
21980 100 1 
21990 100 1 
22000 100 1 
22010 1 100 
22020 1 100 
22030 1 100 
22040 1 100 
22050 1 100 
22060 1 100 
22070 1 100 
22080 1 100 
22090 1 100 
22100 1 100 
22110 100 1 
22120 100 1 
22130 100 1 
22140 100 1 
22150 100 1 
22160 100 1 
22170 100 1 
22180 100 1 
22190 100 1 
22200 100 1 
22210 1 100 
22220 1 100 
22230 1 100 
22240 1 100 
22250 1 100 
22260 1 100 
22270 1 100 
22280 1 100 
22290 1 100 
22300 1 100 
22310 100 1 
22320 100 1 
22330 100 1 
22340 100 1 
22350 100 1 
22360 100 1 
22370 100 1 
22380 100 1 
22390 100 1 
22400 100 1 
22410 1 100 
22420 1 100 
22430 1 100 
22440 1 100 
22450 1 100 
22460 1 100 
22470 1 100 
22480 1 100 
22490 1 100 
22500 1 100 
22510 100 1 
22520 100 1 
22530 100 1 
22540 100 1 
22550 100 1 
22560 100 1 
22570 100 1 
22580 100 1 
22590 100 1 
22600 100 1 
22610 1 100 
22620 1 100 
22630 1 100 
22640 1 100 
22650 1 100 
22660 1 100 
22670 1 100 
22680 1 100 
22690 1 100 
22700 1 100 
22710 100 1 
22720 100 1 
22730 100 1 
22740 100 1 
22750 100 1 
22760 100 1 
22770 100 1 
22780 100 1 
22790 100 1 
22800 100 1 
22810 1 100 
22820 1 100 
22830 1 100 
22840 1 100 
22850 1 100 
22860 1 100 
22870 1 100 
22880 1 100 
22890 1 100 
22900 1 100 
22910 100 1 
22920 100 1 
22930 100 1 
22940 100 1 
22950 100 1 
22960 100 1 
22970 100 1 
22980 100 1 
22990 100 1 
23000 100 1 
23010 1 100 
23020 1 100 
23030 1 100 
23040 1 100 
23050 1 100 
23060 1 100 
23070 1 100 
23080 1 100 
23090 1 100 
23100 1 100 
23110 100 1 
23120 100 1 
23130 100 1 
23140 100 1 
23150 100 1 
23160 100 1 
23170 100 1 
23180 100 1 
23190 100 1 
23200 100 1 
23210 1 100 
23220 1 100 
23230 1 100 
23240 1 100 
23250 1 100 
23260 1 100 
23270 1 100 
23280 1 100 
23290 1 100 
23300 1 100 
23310 100 1 
23320 100 1 
23330 100 1 
23340 100 1 
23350 100 1 
23360 100 1 
23370 100 1 
23380 100 1 
23390 100 1 
23400 100 1 
23410 1 100 
23420 1 100 
23430 1 100 
23440 1 100 
23450 1 100 
23460 1 100 
23470 1 100 
23480 1 100 
23490 1 100 
23500 1 100 
23510 100 1 
23520 100 1 
23530 100 1 
23540 100 1 
23550 100 1 
23560 100 1 
23570 100 1 
23580 100 1 
23590 100 1 
23600 100 1 
23610 1 100 
23620 1 100 
23630 1 100 
23640 1 100 
23650 1 100 
23660 1 100 
23670 1 100 
23680 1 100 
23690 1 100 
23700 1 100 
23710 100 1 
23720 100 1 
23730 100 1 
23740 100 1 
23750 100 1 
23760 100 1 
23770 100 1 
23780 100 1 
23790 100 1 
23800 100 1 
23810 1 100 
23820 1 100 
23830 1 100 
23840 1 100 
23850 1 100 
23860 1 100 
23870 1 100 
23880 1 100 
23890 1 100 
23900 1 100 
23910 100 1 
23920 100 1 
23930 100 1 
23940 100 1 
23950 100 1 
23960 100 1 
23970 100 1 
23980 100 1 
23990 100 1 
24000 100 1 
24010 1 100 
24020 1 100 
24030 1 100 
24040 1 100 
24050 1 100 
24060 1 100 
24070 1 100 
24080 1 100 
24090 1 100 
24100 1 100 
24110 100 1 
24120 100 1 
24130 100 1 
24140 100 1 
24150 100 1 
24160 100 1 
24170 100 1 
24180 100 1 
24190 100 1 
24200 100 1 
24210 1 100 
24220 1 100 
24230 1 100 
24240 1 100 
24250 1 100 
24260 1 100 
24270 1 100 
24280 1 100 
24290 1 100 
24300 1 100 
24310 100 1 
24320 100 1 
24330 100 1 
24340 100 1 
24350 100 1 
24360 100 1 
24370 100 1 
24380 100 1 
24390 100 1 
24400 100 1 
24410 1 100 
24420 1 100 
24430 1 100 
24440 1 100 
24450 1 100 
24460 1 100 
24470 1 100 
24480 1 100 
24490 1 100 
24500 1 100 
24510 100 1 
24520 100 1 
24530 100 1 
24540 100 1 
24550 100 1 
24560 100 1 
24570 100 1 
24580 100 1 
24590 100 1 
24600 100 1 
24610 1 100 
24620 1 100 
24630 1 100 
24640 1 100 
24650 1 100 
24660 1 100 
24670 1 100 
24680 1 100 
24690 1 100 
24700 1 100 
24710 100 1 
24720 100 1 
24730 100 1 
24740 100 1 
24750 100 1 
24760 100 1 
24770 100 1 
24780 100 1 
24790 100 1 
24800 100 1 
24810 1 100 
24820 1 100 
24830 1 100 
24840 1 100 
24850 1 100 
24860 1 100 
24870 1 100 
24880 1 100 
24890 1 100 
24900 1 100 
24910 100 1 
24920 100 1 
24930 100 1 
24940 100 1 
24950 100 1 
24960 100 1 
24970 100 1 
24980 100 1 
24990 100 1 
25000 100 1 
25010 1 100 
25020 1 100 
25030 1 100 
25040 1 100 
25050 1 100 
25060 1 100 
25070 1 100 
25080 1 100 
25090 1 100 
25100 1 100 
25110 100 1 
25120 100 1 
25130 100 1 
25140 100 1 
25150 100 1 
25160 100 1 
25170 100 1 
25180 100 1 
25190 100 1 
25200 100 1 
25210 1 100 
25220 1 100 
25230 1 100 
25240 1 100 
25250 1 100 
25260 1 100 
25270 1 100 
25280 1 100 
25290 1 100 
25300 1 100 
25310 100 1 
25320 100 1 
25330 100 1 
25340 100 1 
25350 100 1 
25360 100 1 
25370 100 1 
25380 100 1 
25390 100 1 
25400 100 1 
25410 1 100 
25420 1 100 
25430 1 100 
25440 1 100 
25450 1 100 
25460 1 100 
25470 1 100 
25480 1 100 
25490 1 100 
25500 1 100 
25510 100 1 
25520 100 1 
25530 100 1 
25540 100 1 
25550 100 1 
25560 100 1 
25570 100 1 
25580 100 1 
25590 100 1 
25600 100 1 
25610 1 100 
25620 1 100 
25630 1 100 
25640 1 100 
25650 1 100 
25660 1 100 
25670 1 100 
25680 1 100 
25690 1 100 
25700 1 100 
25710 100 1 
25720 100 1 
25730 100 1 
25740 100 1 
25750 100 1 
25760 100 1 
25770 100 1 
25780 100 1 
25790 100 1 
25800 100 1 
25810 1 100 
25820 1 100 
25830 1 100 
25840 1 100 
25850 1 100 
25860 1 100 
25870 1 100 
25880 1 100 
25890 1 100 
25900 1 100 
25910 100 1 
25920 100 1 
25930 100 1 
25940 100 1 
25950 100 1 
25960 100 1 
25970 100 1 
25980 100 1 
25990 100 1 
26000 100 1 
26010 1 100 
26020 1 100 
26030 1 100 
26040 1 100 
26050 1 100 
26060 1 100 
26070 1 100 
26080 1 100 
26090 1 100 
26100 1 100 
26110 100 1 
26120 100 1 
26130 100 1 
26140 100 1 
26150 100 1 
26160 100 1 
26170 100 1 
26180 100 1 
26190 100 1 
26200 100 1 
26210 1 100 
26220 1 100 
26230 1 100 
26240 1 100 
26250 1 100 
26260 1 100 
26270 1 100 
26280 1 100 
26290 1 100 
26300 1 100 
26310 100 1 
26320 100 1 
26330 100 1 
26340 100 1 
26350 100 1 
26360 100 1 
26370 100 1 
26380 100 1 
26390 100 1 
26400 100 1 
26410 1 100 
26420 1 100 
26430 1 100 
26440 1 100 
26450 1 100 
26460 1 100 
26470 1 100 
26480 1 100 
26490 1 100 
26500 1 100 
26510 100 1 
26520 100 1 
26530 100 1 
26540 100 1 
26550 100 1 
26560 100 1 
26570 100 1 
26580 100 1 
26590 100 1 
26600 100 1 
26610 1 100 
26620 1 100 
26630 1 100 
26640 1 100 
26650 1 100 
26660 1 100 
26670 1 100 
26680 1 100 
26690 1 100 
26700 1 100 
26710 100 1 
26720 100 1 
26730 100 1 
26740 100 1 
26750 100 1 
26760 100 1 
26770 100 1 
26780 100 1 
26790 100 1 
26800 100 1 
26810 1 100 
26820 1 100 
26830 1 100 
26840 1 100 
26850 1 100 
26860 1 100 
26870 1 100 
26880 1 100 
26890 1 100 
26900 1 100 
26910 100 1 
26920 100 1 
26930 100 1 
26940 100 1 
26950 100 1 
26960 100 1 
26970 100 1 
26980 100 1 
26990 100 1 
27000 100 1 
27010 1 100 
27020 1 100 
27030 1 100 
27040 1 100 
27050 1 100 
27060 1 100 
27070 1 100 
27080 1 100 
27090 1 100 
27100 1 100 
27110 100 1 
27120 100 1 
27130 100 1 
27140 100 1 
27150 100 1 
27160 100 1 
27170 100 1 
27180 100 1 
27190 100 1 
27200 100 1 
27210 1 100 
27220 1 100 
27230 1 100 
27240 1 100 
27250 1 100 
27260 1 100 
27270 1 100 
27280 1 100 
27290 1 100 
27300 1 100 
27310 100 1 
27320 100 1 
27330 100 1 
27340 100 1 
27350 100 1 
27360 100 1 
27370 100 1 
27380 100 1 
27390 100 1 
27400 100 1 
27410 1 100 
27420 1 100 
27430 1 100 
27440 1 100 
27450 1 100 
27460 1 100 
27470 1 100 
27480 1 100 
27490 1 100 
27500 1 100 
27510 100 1 
27520 100 1 
27530 100 1 
27540 100 1 
27550 100 1 
27560 100 1 
27570 100 1 
27580 100 1 
27590 100 1 
27600 100 1 
27610 1 100 
27620 1 100 
27630 1 100 
27640 1 100 
27650 1 100 
27660 1 100 
27670 1 100 
27680 1 100 
27690 1 100 
27700 1 100 
27710 100 1 
27720 100 1 
27730 100 1 
27740 100 1 
27750 100 1 
27760 100 1 
27770 100 1 
27780 100 1 
27790 100 1 
27800 100 1 
27810 1 100 
27820 1 100 
27830 1 100 
27840 1 100 
27850 1 100 
27860 1 100 
27870 1 100 
27880 1 100 
27890 1 100 
27900 1 100 
27910 100 1 
27920 100 1 
27930 100 1 
27940 100 1 
27950 100 1 
27960 100 1 
27970 100 1 
27980 100 1 
27990 100 1 
28000 100 1 
28010 1 100 
28020 1 100 
28030 1 100 
28040 1 100 
28050 1 100 
28060 1 100 
28070 1 100 
28080 1 100 
28090 1 100 
28100 1 100 
28110 100 1 
28120 100 1 
28130 100 1 
28140 100 1 
28150 100 1 
28160 100 1 
28170 100 1 
28180 100 1 
28190 100 1 
28200 100 1 
28210 1 100 
28220 1 100 
28230 1 100 
28240 1 100 
28250 1 100 
28260 1 100 
28270 1 100 
28280 1 100 
28290 1 100 
28300 1 100 
28310 100 1 
28320 100 1 
28330 100 1 
28340 100 1 
28350 100 1 
28360 100 1 
28370 100 1 
28380 100 1 
28390 100 1 
28400 100 1 
28410 1 100 
28420 1 100 
28430 1 100 
28440 1 100 
28450 1 100 
28460 1 100 
28470 1 100 
28480 1 100 
28490 1 100 
28500 1 100 
28510 100 1 
28520 100 1 
28530 100 1 
28540 100 1 
28550 100 1 
28560 100 1 
28570 100 1 
28580 100 1 
28590 100 1 
28600 100 1 
28610 1 100 
28620 1 100 
28630 1 100 
28640 1 100 
28650 1 100 
28660 1 100 
28670 1 100 
28680 1 100 
28690 1 100 
28700 1 100 
28710 100 1 
28720 100 1 
28730 100 1 
28740 100 1 
28750 100 1 
28760 100 1 
28770 100 1 
28780 100 1 
28790 100 1 
28800 100 1 
28810 1 100 
28820 1 100 
28830 1 100 
28840 1 100 
28850 1 100 
28860 1 100 
28870 1 100 
28880 1 100 
28890 1 100 
28900 1 100 
28910 100 1 
28920 100 1 
28930 100 1 
28940 100 1 
28950 100 1 
28960 100 1 
28970 100 1 
28980 100 1 
28990 100 1 
29000 100 1 
29010 1 100 
29020 1 100 
29030 1 100 
29040 1 100 
29050 1 100 
29060 1 100 
29070 1 100 
29080 1 100 
29090 1 100 
29100 1 100 
29110 100 1 
29120 100 1 
29130 100 1 
29140 100 1 
29150 100 1 
29160 100 1 
29170 100 1 
29180 100 1 
29190 100 1 
29200 100 1 
29210 1 100 
29220 1 100 
29230 1 100 
29240 1 100 
29250 1 100 
29260 1 100 
29270 1 100 
29280 1 100 
29290 1 100 
29300 1 100 
29310 100 1 
29320 100 1 
29330 100 1 
29340 100 1 
29350 100 1 
29360 100 1 
29370 100 1 
29380 100 1 
29390 100 1 
29400 100 1 
29410 1 100 
29420 1 100 
29430 1 100 
29440 1 100 
29450 1 100 
29460 1 100 
29470 1 100 
29480 1 100 
29490 1 100 
29500 1 100 
29510 100 1 
29520 100 1 
29530 100 1 
29540 100 1 
29550 100 1 
29560 100 1 
29570 100 1 
29580 100 1 
29590 100 1 
29600 100 1 
29610 1 100 
29620 1 100 
29630 1 100 
29640 1 100 
29650 1 100 
29660 1 100 
29670 1 100 
29680 1 100 
29690 1 100 
29700 1 100 
29710 100 1 
29720 100 1 
29730 100 1 
29740 100 1 
29750 100 1 
29760 100 1 
29770 100 1 
29780 100 1 
29790 100 1 
29800 100 1 
29810 1 100 
29820 1 100 
29830 1 100 
29840 1 100 
29850 1 100 
29860 1 100 
29870 1 100 
29880 1 100 
29890 1 100 
29900 1 100 
29910 100 1 
29920 100 1 
29930 100 1 
29940 100 1 
29950 100 1 
29960 100 1 
29970 100 1 
29980 100 1 
29990 100 1 
30000 100 1 
30010 1 100 
30020 1 100 
30030 1 100 
30040 1 100 
30050 1 100 
30060 1 100 
30070 1 100 
30080 1 100 
30090 1 100 
30100 1 100 
30110 100 1 
30120 100 1 
30130 100 1 
30140 100 1 
30150 100 1 
30160 100 1 
30170 100 1 
30180 100 1 
30190 100 1 
30200 100 1 
30210 1 100 
30220 1 100 
30230 1 100 
30240 1 100 
30250 1 100 
30260 1 100 
30270 1 100 
30280 1 100 
30290 1 100 
30300 1 100 
30310 100 1 
30320 100 1 
30330 100 1 
30340 100 1 
30350 100 1 
30360 100 1 
30370 100 1 
30380 100 1 
30390 100 1 
30400 100 1 
30410 1 100 
30420 1 100 
30430 1 100 
30440 1 100 
30450 1 100 
30460 1 100 
30470 1 100 
30480 1 100 
30490 1 100 
30500 1 100 
30510 100 1 
30520 100 1 
30530 100 1 
30540 100 1 
30550 100 1 
30560 100 1 
30570 100 1 
30580 100 1 
30590 100 1 
30600 100 1 
30610 1 100 
30620 1 100 
30630 1 100 
30640 1 100 
30650 1 100 
30660 1 100 
30670 1 100 
30680 1 100 
30690 1 100 
30700 1 100 
30710 100 1 
30720 100 1 
30730 100 1 
30740 100 1 
30750 100 1 
30760 100 1 
30770 100 1 
30780 100 1 
30790 100 1 
30800 100 1 
30810 1 100 
30820 1 100 
30830 1 100 
30840 1 100 
30850 1 100 
30860 1 100 
30870 1 100 
30880 1 100 
30890 1 100 
30900 1 100 
30910 100 1 
30920 100 1 
30930 100 1 
30940 100 1 
30950 100 1 
30960 100 1 
30970 100 1 
30980 100 1 
30990 100 1 
31000 100 1 
31010 1 100 
31020 1 100 
31030 1 100 
31040 1 100 
31050 1 100 
31060 1 100 
31070 1 100 
31080 1 100 
31090 1 100 
31100 1 100 
31110 100 1 
31120 100 1 
31130 100 1 
31140 100 1 
31150 100 1 
31160 100 1 
31170 100 1 
31180 100 1 
31190 100 1 
31200 100 1 
31210 1 100 
31220 1 100 
31230 1 100 
31240 1 100 
31250 1 100 
31260 1 100 
31270 1 100 
31280 1 100 
31290 1 100 
31300 1 100 
31310 100 1 
31320 100 1 
31330 100 1 
31340 100 1 
31350 100 1 
31360 100 1 
31370 100 1 
31380 100 1 
31390 100 1 
31400 100 1 
31410 1 100 
31420 1 100 
31430 1 100 
31440 1 100 
31450 1 100 
31460 1 100 
31470 1 100 
31480 1 100 
31490 1 100 
31500 1 100 
31510 100 1 
31520 100 1 
31530 100 1 
31540 100 1 
31550 100 1 
31560 100 1 
31570 100 1 
31580 100 1 
31590 100 1 
31600 100 1 
31610 1 100 
31620 1 100 
31630 1 100 
31640 1 100 
31650 1 100 
31660 1 100 
31670 1 100 
31680 1 100 
31690 1 100 
31700 1 100 
31710 100 1 
31720 100 1 
31730 100 1 
31740 100 1 
31750 100 1 
31760 100 1 
31770 100 1 
31780 100 1 
31790 100 1 
31800 100 1 
31810 1 100 
31820 1 100 
31830 1 100 
31840 1 100 
31850 1 100 
31860 1 100 
31870 1 100 
31880 1 100 
31890 1 100 
31900 1 100 
31910 100 1 
31920 100 1 
31930 100 1 
31940 100 1 
31950 100 1 
31960 100 1 
31970 100 1 
31980 100 1 
31990 100 1 
32000 100 1 
32010 1 100 
32020 1 100 
32030 1 100 
32040 1 100 
32050 1 100 
32060 1 100 
32070 1 100 
32080 1 100 
32090 1 100 
32100 1 100 
32110 100 1 
32120 100 1 
32130 100 1 
32140 100 1 
32150 100 1 
32160 100 1 
32170 100 1 
32180 100 1 
32190 100 1 
32200 100 1 
32210 1 100 
32220 1 100 
32230 1 100 
32240 1 100 
32250 1 100 
32260 1 100 
32270 1 100 
32280 1 100 
32290 1 100 
32300 1 100 
32310 100 1 
32320 100 1 
32330 100 1 
32340 100 1 
32350 100 1 
32360 100 1 
32370 100 1 
32380 100 1 
32390 100 1 
32400 100 1 
32410 1 100 
32420 1 100 
32430 1 100 
32440 1 100 
32450 1 100 
32460 1 100 
32470 1 100 
32480 1 100 
32490 1 100 
32500 1 100 
32510 100 1 
32520 100 1 
32530 100 1 
32540 100 1 
32550 100 1 
32560 100 1 
32570 100 1 
32580 100 1 
32590 100 1 
32600 100 1 
32610 1 100 
32620 1 100 
32630 1 100 
32640 1 100 
32650 1 100 
32660 1 100 
32670 1 100 
32680 1 100 
32690 1 100 
32700 1 100 
32710 100 1 
32720 100 1 
32730 100 1 
32740 100 1 
32750 100 1 
32760 100 1 
32770 100 1 
32780 100 1 
32790 100 1 
32800 100 1 
32810 1 100 
32820 1 100 
32830 1 100 
32840 1 100 
32850 1 100 
32860 1 100 
32870 1 100 
32880 1 100 
32890 1 100 
32900 1 100 
32910 100 1 
32920 100 1 
32930 100 1 
32940 100 1 
32950 100 1 
32960 100 1 
32970 100 1 
32980 100 1 
32990 100 1 
33000 100 1 
33010 1 100 
33020 1 100 
33030 1 100 
33040 1 100 
33050 1 100 
33060 1 100 
33070 1 100 
33080 1 100 
33090 1 100 
33100 1 100 
33110 100 1 
33120 100 1 
33130 100 1 
33140 100 1 
33150 100 1 
33160 100 1 
33170 100 1 
33180 100 1 
33190 100 1 
33200 100 1 
33210 1 100 
33220 1 100 
33230 1 100 
33240 1 100 
33250 1 100 
33260 1 100 
33270 1 100 
33280 1 100 
33290 1 100 
33300 1 100 
33310 100 1 
33320 100 1 
33330 100 1 
33340 100 1 
33350 100 1 
33360 100 1 
33370 100 1 
33380 100 1 
33390 100 1 
33400 100 1 
33410 1 100 
33420 1 100 
33430 1 100 
33440 1 100 
33450 1 100 
33460 1 100 
33470 1 100 
33480 1 100 
33490 1 100 
33500 1 100 
33510 100 1 
33520 100 1 
33530 100 1 
33540 100 1 
33550 100 1 
33560 100 1 
33570 100 1 
33580 100 1 
33590 100 1 
33600 100 1 
33610 1 100 
33620 1 100 
33630 1 100 
33640 1 100 
33650 1 100 
33660 1 100 
33670 1 100 
33680 1 100 
33690 1 100 
33700 1 100 
33710 100 1 
33720 100 1 
33730 100 1 
33740 100 1 
33750 100 1 
33760 100 1 
33770 100 1 
33780 100 1 
33790 100 1 
33800 100 1 
33810 1 100 
33820 1 100 
33830 1 100 
33840 1 100 
33850 1 100 
33860 1 100 
33870 1 100 
33880 1 100 
33890 1 100 
33900 1 100 
33910 100 1 
33920 100 1 
33930 100 1 
33940 100 1 
33950 100 1 
33960 100 1 
33970 100 1 
33980 100 1 
33990 100 1 
34000 100 1 
34010 1 100 
34020 1 100 
34030 1 100 
34040 1 100 
34050 1 100 
34060 1 100 
34070 1 100 
34080 1 100 
34090 1 100 
34100 1 100 
34110 100 1 
34120 100 1 
34130 100 1 
34140 100 1 
34150 100 1 
34160 100 1 
34170 100 1 
34180 100 1 
34190 100 1 
34200 100 1 
34210 1 100 
34220 1 100 
34230 1 100 
34240 1 100 
34250 1 100 
34260 1 100 
34270 1 100 
34280 1 100 
34290 1 100 
34300 1 100 
34310 100 1 
34320 100 1 
34330 100 1 
34340 100 1 
34350 100 1 
34360 100 1 
34370 100 1 
34380 100 1 
34390 100 1 
34400 100 1 
34410 1 100 
34420 1 100 
34430 1 100 
34440 1 100 
34450 1 100 
34460 1 100 
34470 1 100 
34480 1 100 
34490 1 100 
34500 1 100 
34510 100 1 
34520 100 1 
34530 100 1 
34540 100 1 
34550 100 1 
34560 100 1 
34570 100 1 
34580 100 1 
34590 100 1 
34600 100 1 
34610 1 100 
34620 1 100 
34630 1 100 
34640 1 100 
34650 1 100 
34660 1 100 
34670 1 100 
34680 1 100 
34690 1 100 
34700 1 100 
34710 100 1 
34720 100 1 
34730 100 1 
34740 100 1 
34750 100 1 
34760 100 1 
34770 100 1 
34780 100 1 
34790 100 1 
34800 100 1 
34810 1 100 
34820 1 100 
34830 1 100 
34840 1 100 
34850 1 100 
34860 1 100 
34870 1 100 
34880 1 100 
34890 1 100 
34900 1 100 
34910 100 1 
34920 100 1 
34930 100 1 
34940 100 1 
34950 100 1 
34960 100 1 
34970 100 1 
34980 100 1 
34990 100 1 
35000 100 1 
35010 1 100 
35020 1 100 
35030 1 100 
35040 1 100 
35050 1 100 
35060 1 100 
35070 1 100 
35080 1 100 
35090 1 100 
35100 1 100 
35110 100 1 
35120 100 1 
35130 100 1 
35140 100 1 
35150 100 1 
35160 100 1 
35170 100 1 
35180 100 1 
35190 100 1 
35200 100 1 
35210 1 100 
35220 1 100 
35230 1 100 
35240 1 100 
35250 1 100 
35260 1 100 
35270 1 100 
35280 1 100 
35290 1 100 
35300 1 100 
35310 100 1 
35320 100 1 
35330 100 1 
35340 100 1 
35350 100 1 
35360 100 1 
35370 100 1 
35380 100 1 
35390 100 1 
35400 100 1 
35410 1 100 
35420 1 100 
35430 1 100 
35440 1 100 
35450 1 100 
35460 1 100 
35470 1 100 
35480 1 100 
35490 1 100 
35500 1 100 
35510 100 1 
35520 100 1 
35530 100 1 
35540 100 1 
35550 100 1 
35560 100 1 
35570 100 1 
35580 100 1 
35590 100 1 
35600 100 1 
35610 1 100 
35620 1 100 
35630 1 100 
35640 1 100 
35650 1 100 
35660 1 100 
35670 1 100 
35680 1 100 
35690 1 100 
35700 1 100 
35710 100 1 
35720 100 1 
35730 100 1 
35740 100 1 
35750 100 1 
35760 100 1 
35770 100 1 
35780 100 1 
35790 100 1 
35800 100 1 
35810 1 100 
35820 1 100 
35830 1 100 
35840 1 100 
35850 1 100 
35860 1 100 
35870 1 100 
35880 1 100 
35890 1 100 
35900 1 100 
35910 100 1 
35920 100 1 
35930 100 1 
35940 100 1 
35950 100 1 
35960 100 1 
35970 100 1 
35980 100 1 
35990 100 1 
36000 100 1 
36010 1 100 
36020 1 100 
36030 1 100 
36040 1 100 
36050 1 100 
36060 1 100 
36070 1 100 
36080 1 100 
36090 1 100 
36100 1 100 
36110 100 1 
36120 100 1 
36130 100 1 
36140 100 1 
36150 100 1 
36160 100 1 
36170 100 1 
36180 100 1 
36190 100 1 
36200 100 1 
36210 1 100 
36220 1 100 
36230 1 100 
36240 1 100 
36250 1 100 
36260 1 100 
36270 1 100 
36280 1 100 
36290 1 100 
36300 1 100 
36310 100 1 
36320 100 1 
36330 100 1 
36340 100 1 
36350 100 1 
36360 100 1 
36370 100 1 
36380 100 1 
36390 100 1 
36400 100 1 
36410 1 100 
36420 1 100 
36430 1 100 
36440 1 100 
36450 1 100 
36460 1 100 
36470 1 100 
36480 1 100 
36490 1 100 
36500 1 100 
36510 100 1 
36520 100 1 
36530 100 1 
36540 100 1 
36550 100 1 
36560 100 1 
36570 100 1 
36580 100 1 
36590 100 1 
36600 100 1 
36610 1 100 
36620 1 100 
36630 1 100 
36640 1 100 
36650 1 100 
36660 1 100 
36670 1 100 
36680 1 100 
36690 1 100 
36700 1 100 
36710 100 1 
36720 100 1 
36730 100 1 
36740 100 1 
36750 100 1 
36760 100 1 
36770 100 1 
36780 100 1 
36790 100 1 
36800 100 1 
36810 1 100 
36820 1 100 
36830 1 100 
36840 1 100 
36850 1 100 
36860 1 100 
36870 1 100 
36880 1 100 
36890 1 100 
36900 1 100 
36910 100 1 
36920 100 1 
36930 100 1 
36940 100 1 
36950 100 1 
36960 100 1 
36970 100 1 
36980 100 1 
36990 100 1 
37000 100 1 
37010 1 100 
37020 1 100 
37030 1 100 
37040 1 100 
37050 1 100 
37060 1 100 
37070 1 100 
37080 1 100 
37090 1 100 
37100 1 100 
37110 100 1 
37120 100 1 
37130 100 1 
37140 100 1 
37150 100 1 
37160 100 1 
37170 100 1 
37180 100 1 
37190 100 1 
37200 100 1 
37210 1 100 
37220 1 100 
37230 1 100 
37240 1 100 
37250 1 100 
37260 1 100 
37270 1 100 
37280 1 100 
37290 1 100 
37300 1 100 
37310 100 1 
37320 100 1 
37330 100 1 
37340 100 1 
37350 100 1 
37360 100 1 
37370 100 1 
37380 100 1 
37390 100 1 
37400 100 1 
37410 1 100 
37420 1 100 
37430 1 100 
37440 1 100 
37450 1 100 
37460 1 100 
37470 1 100 
37480 1 100 
37490 1 100 
37500 1 100 
37510 100 1 
37520 100 1 
37530 100 1 
37540 100 1 
37550 100 1 
37560 100 1 
37570 100 1 
37580 100 1 
37590 100 1 
37600 100 1 
37610 1 100 
37620 1 100 
37630 1 100 
37640 1 100 
37650 1 100 
37660 1 100 
37670 1 100 
37680 1 100 
37690 1 100 
37700 1 100 
37710 100 1 
37720 100 1 
37730 100 1 
37740 100 1 
37750 100 1 
37760 100 1 
37770 100 1 
37780 100 1 
37790 100 1 
37800 100 1 
37810 1 100 
37820 1 100 
37830 1 100 
37840 1 100 
37850 1 100 
37860 1 100 
37870 1 100 
37880 1 100 
37890 1 100 
37900 1 100 
37910 100 1 
37920 100 1 
37930 100 1 
37940 100 1 
37950 100 1 
37960 100 1 
37970 100 1 
37980 100 1 
37990 100 1 
38000 100 1 
38010 1 100 
38020 1 100 
38030 1 100 
38040 1 100 
38050 1 100 
38060 1 100 
38070 1 100 
38080 1 100 
38090 1 100 
38100 1 100 
38110 100 1 
38120 100 1 
38130 100 1 
38140 100 1 
38150 100 1 
38160 100 1 
38170 100 1 
38180 100 1 
38190 100 1 
38200 100 1 
38210 1 100 
38220 1 100 
38230 1 100 
38240 1 100 
38250 1 100 
38260 1 100 
38270 1 100 
38280 1 100 
38290 1 100 
38300 1 100 
38310 100 1 
38320 100 1 
38330 100 1 
38340 100 1 
38350 100 1 
38360 100 1 
38370 100 1 
38380 100 1 
38390 100 1 
38400 100 1 
38410 1 100 
38420 1 100 
38430 1 100 
38440 1 100 
38450 1 100 
38460 1 100 
38470 1 100 
38480 1 100 
38490 1 100 
38500 1 100 
38510 100 1 
38520 100 1 
38530 100 1 
38540 100 1 
38550 100 1 
38560 100 1 
38570 100 1 
38580 100 1 
38590 100 1 
38600 100 1 
38610 1 100 
38620 1 100 
38630 1 100 
38640 1 100 
38650 1 100 
38660 1 100 
38670 1 100 
38680 1 100 
38690 1 100 
38700 1 100 
38710 100 1 
38720 100 1 
38730 100 1 
38740 100 1 
38750 100 1 
38760 100 1 
38770 100 1 
38780 100 1 
38790 100 1 
38800 100 1 
38810 1 100 
38820 1 100 
38830 1 100 
38840 1 100 
38850 1 100 
38860 1 100 
38870 1 100 
38880 1 100 
38890 1 100 
38900 1 100 
38910 100 1 
38920 100 1 
38930 100 1 
38940 100 1 
38950 100 1 
38960 100 1 
38970 100 1 
38980 100 1 
38990 100 1 
39000 100 1 
39010 1 100 
39020 1 100 
39030 1 100 
39040 1 100 
39050 1 100 
39060 1 100 
39070 1 100 
39080 1 100 
39090 1 100 
39100 1 100 
39110 100 1 
39120 100 1 
39130 100 1 
39140 100 1 
39150 100 1 
39160 100 1 
39170 100 1 
39180 100 1 
39190 100 1 
39200 100 1 
39210 1 100 
39220 1 100 
39230 1 100 
39240 1 100 
39250 1 100 
39260 1 100 
39270 1 100 
39280 1 100 
39290 1 100 
39300 1 100 
39310 100 1 
39320 100 1 
39330 100 1 
39340 100 1 
39350 100 1 
39360 100 1 
39370 100 1 
39380 100 1 
39390 100 1 
39400 100 1 
39410 1 100 
39420 1 100 
39430 1 100 
39440 1 100 
39450 1 100 
39460 1 100 
39470 1 100 
39480 1 100 
39490 1 100 
39500 1 100 
39510 100 1 
39520 100 1 
39530 100 1 
39540 100 1 
39550 100 1 
39560 100 1 
39570 100 1 
39580 100 1 
39590 100 1 
39600 100 1 
39610 1 100 
39620 1 100 
39630 1 100 
39640 1 100 
39650 1 100 
39660 1 100 
39670 1 100 
39680 1 100 
39690 1 100 
39700 1 100 
39710 100 1 
39720 100 1 
39730 100 1 
39740 100 1 
39750 100 1 
39760 100 1 
39770 100 1 
39780 100 1 
39790 100 1 
39800 100 1 
39810 1 100 
39820 1 100 
39830 1 100 
39840 1 100 
39850 1 100 
39860 1 100 
39870 1 100 
39880 1 100 
39890 1 100 
39900 1 100 
39910 100 1 
39920 100 1 
39930 100 1 
39940 100 1 
39950 100 1 
39960 100 1 
39970 100 1 
39980 100 1 
39990 100 1 
40000 100 1 
40010 1 100 
40020 1 100 
40030 1 100 
40040 1 100 
40050 1 100 
40060 1 100 
40070 1 100 
40080 1 100 
40090 1 100 
40100 1 100 
40110 100 1 
40120 100 1 
40130 100 1 
40140 100 1 
40150 100 1 
40160 100 1 
40170 100 1 
40180 100 1 
40190 100 1 
40200 100 1 
40210 1 100 
40220 1 100 
40230 1 100 
40240 1 100 
40250 1 100 
40260 1 100 
40270 1 100 
40280 1 100 
40290 1 100 
40300 1 100 
40310 100 1 
40320 100 1 
40330 100 1 
40340 100 1 
40350 100 1 
40360 100 1 
40370 100 1 
40380 100 1 
40390 100 1 
40400 100 1 
40410 1 100 
40420 1 100 
40430 1 100 
40440 1 100 
40450 1 100 
40460 1 100 
40470 1 100 
40480 1 100 
40490 1 100 
40500 1 100 
40510 100 1 
40520 100 1 
40530 100 1 
40540 100 1 
40550 100 1 
40560 100 1 
40570 100 1 
40580 100 1 
40590 100 1 
40600 100 1 
40610 1 100 
40620 1 100 
40630 1 100 
40640 1 100 
40650 1 100 
40660 1 100 
40670 1 100 
40680 1 100 
40690 1 100 
40700 1 100 
40710 100 1 
40720 100 1 
40730 100 1 
40740 100 1 
40750 100 1 
40760 100 1 
40770 100 1 
40780 100 1 
40790 100 1 
40800 100 1 
40810 1 100 
40820 1 100 
40830 1 100 
40840 1 100 
40850 1 100 
40860 1 100 
40870 1 100 
40880 1 100 
40890 1 100 
40900 1 100 
40910 100 1 
40920 100 1 
40930 100 1 
40940 100 1 
40950 100 1 
40960 100 1 
40970 100 1 
40980 100 1 
40990 100 1 
41000 100 1 
41010 1 100 
41020 1 100 
41030 1 100 
41040 1 100 
41050 1 100 
41060 1 100 
41070 1 100 
41080 1 100 
41090 1 100 
41100 1 100 
41110 100 1 
41120 100 1 
41130 100 1 
41140 100 1 
41150 100 1 
41160 100 1 
41170 100 1 
41180 100 1 
41190 100 1 
41200 100 1 
41210 1 100 
41220 1 100 
41230 1 100 
41240 1 100 
41250 1 100 
41260 1 100 
41270 1 100 
41280 1 100 
41290 1 100 
41300 1 100 
41310 100 1 
41320 100 1 
41330 100 1 
41340 100 1 
41350 100 1 
41360 100 1 
41370 100 1 
41380 100 1 
41390 100 1 
41400 100 1 
41410 1 100 
41420 1 100 
41430 1 100 
41440 1 100 
41450 1 100 
41460 1 100 
41470 1 100 
41480 1 100 
41490 1 100 
41500 1 100 
41510 100 1 
41520 100 1 
41530 100 1 
41540 100 1 
41550 100 1 
41560 100 1 
41570 100 1 
41580 100 1 
41590 100 1 
41600 100 1 
41610 1 100 
41620 1 100 
41630 1 100 
41640 1 100 
41650 1 100 
41660 1 100 
41670 1 100 
41680 1 100 
41690 1 100 
41700 1 100 
41710 100 1 
41720 100 1 
41730 100 1 
41740 100 1 
41750 100 1 
41760 100 1 
41770 100 1 
41780 100 1 
41790 100 1 
41800 100 1 
41810 1 100 
41820 1 100 
41830 1 100 
41840 1 100 
41850 1 100 
41860 1 100 
41870 1 100 
41880 1 100 
41890 1 100 
41900 1 100 
41910 100 1 
41920 100 1 
41930 100 1 
41940 100 1 
41950 100 1 
41960 100 1 
41970 100 1 
41980 100 1 
41990 100 1 
42000 100 1 
42010 1 100 
42020 1 100 
42030 1 100 
42040 1 100 
42050 1 100 
42060 1 100 
42070 1 100 
42080 1 100 
42090 1 100 
42100 1 100 
42110 100 1 
42120 100 1 
42130 100 1 
42140 100 1 
42150 100 1 
42160 100 1 
42170 100 1 
42180 100 1 
42190 100 1 
42200 100 1 
42210 1 100 
42220 1 100 
42230 1 100 
42240 1 100 
42250 1 100 
42260 1 100 
42270 1 100 
42280 1 100 
42290 1 100 
42300 1 100 
42310 100 1 
42320 100 1 
42330 100 1 
42340 100 1 
42350 100 1 
42360 100 1 
42370 100 1 
42380 100 1 
42390 100 1 
42400 100 1 
42410 1 100 
42420 1 100 
42430 1 100 
42440 1 100 
42450 1 100 
42460 1 100 
42470 1 100 
42480 1 100 
42490 1 100 
42500 1 100 
42510 100 1 
42520 100 1 
42530 100 1 
42540 100 1 
42550 100 1 
42560 100 1 
42570 100 1 
42580 100 1 
42590 100 1 
42600 100 1 
42610 1 100 
42620 1 100 
42630 1 100 
42640 1 100 
42650 1 100 
42660 1 100 
42670 1 100 
42680 1 100 
42690 1 100 
42700 1 100 
42710 100 1 
42720 100 1 
42730 100 1 
42740 100 1 
42750 100 1 
42760 100 1 
42770 100 1 
42780 100 1 
42790 100 1 
42800 100 1 
42810 1 100 
42820 1 100 
42830 1 100 
42840 1 100 
42850 1 100 
42860 1 100 
42870 1 100 
42880 1 100 
42890 1 100 
42900 1 100 
42910 100 1 
42920 100 1 
42930 100 1 
42940 100 1 
42950 100 1 
42960 100 1 
42970 100 1 
42980 100 1 
42990 100 1 
43000 100 1 
43010 1 100 
43020 1 100 
43030 1 100 
43040 1 100 
43050 1 100 
43060 1 100 
43070 1 100 
43080 1 100 
43090 1 100 
43100 1 100 
43110 100 1 
43120 100 1 
43130 100 1 
43140 100 1 
43150 100 1 
43160 100 1 
43170 100 1 
43180 100 1 
43190 100 1 
43200 100 1 
43210 1 100 
43220 1 100 
43230 1 100 
43240 1 100 
43250 1 100 
43260 1 100 
43270 1 100 
43280 1 100 
43290 1 100 
43300 1 100 
43310 100 1 
43320 100 1 
43330 100 1 
43340 100 1 
43350 100 1 
43360 100 1 
43370 100 1 
43380 100 1 
43390 100 1 
43400 100 1 
43410 1 100 
43420 1 100 
43430 1 100 
43440 1 100 
43450 1 100 
43460 1 100 
43470 1 100 
43480 1 100 
43490 1 100 
43500 1 100 
43510 100 1 
43520 100 1 
43530 100 1 
43540 100 1 
43550 100 1 
43560 100 1 
43570 100 1 
43580 100 1 
43590 100 1 
43600 100 1 
43610 1 100 
43620 1 100 
43630 1 100 
43640 1 100 
43650 1 100 
43660 1 100 
43670 1 100 
43680 1 100 
43690 1 100 
43700 1 100 
43710 100 1 
43720 100 1 
43730 100 1 
43740 100 1 
43750 100 1 
43760 100 1 
43770 100 1 
43780 100 1 
43790 100 1 
43800 100 1 
43810 1 100 
43820 1 100 
43830 1 100 
43840 1 100 
43850 1 100 
43860 1 100 
43870 1 100 
43880 1 100 
43890 1 100 
43900 1 100 
43910 100 1 
43920 100 1 
43930 100 1 
43940 100 1 
43950 100 1 
43960 100 1 
43970 100 1 
43980 100 1 
43990 100 1 
44000 100 1 
44010 1 100 
44020 1 100 
44030 1 100 
44040 1 100 
44050 1 100 
44060 1 100 
44070 1 100 
44080 1 100 
44090 1 100 
44100 1 100 
44110 100 1 
44120 100 1 
44130 100 1 
44140 100 1 
44150 100 1 
44160 100 1 
44170 100 1 
44180 100 1 
44190 100 1 
44200 100 1 
44210 1 100 
44220 1 100 
44230 1 100 
44240 1 100 
44250 1 100 
44260 1 100 
44270 1 100 
44280 1 100 
44290 1 100 
44300 1 100 
44310 100 1 
44320 100 1 
44330 100 1 
44340 100 1 
44350 100 1 
44360 100 1 
44370 100 1 
44380 100 1 
44390 100 1 
44400 100 1 
44410 1 100 
44420 1 100 
44430 1 100 
44440 1 100 
44450 1 100 
44460 1 100 
44470 1 100 
44480 1 100 
44490 1 100 
44500 1 100 
44510 100 1 
44520 100 1 
44530 100 1 
44540 100 1 
44550 100 1 
44560 100 1 
44570 100 1 
44580 100 1 
44590 100 1 
44600 100 1 
44610 1 100 
44620 1 100 
44630 1 100 
44640 1 100 
44650 1 100 
44660 1 100 
44670 1 100 
44680 1 100 
44690 1 100 
44700 1 100 
44710 100 1 
44720 100 1 
44730 100 1 
44740 100 1 
44750 100 1 
44760 100 1 
44770 100 1 
44780 100 1 
44790 100 1 
44800 100 1 
44810 1 100 
44820 1 100 
44830 1 100 
44840 1 100 
44850 1 100 
44860 1 100 
44870 1 100 
44880 1 100 
44890 1 100 
44900 1 100 
44910 100 1 
44920 100 1 
44930 100 1 
44940 100 1 
44950 100 1 
44960 100 1 
44970 100 1 
44980 100 1 
44990 100 1 
45000 100 1 
45010 1 100 
45020 1 100 
45030 1 100 
45040 1 100 
45050 1 100 
45060 1 100 
45070 1 100 
45080 1 100 
45090 1 100 
45100 1 100 
45110 100 1 
45120 100 1 
45130 100 1 
45140 100 1 
45150 100 1 
45160 100 1 
45170 100 1 
45180 100 1 
45190 100 1 
45200 100 1 
45210 1 100 
45220 1 100 
45230 1 100 
45240 1 100 
45250 1 100 
45260 1 100 
45270 1 100 
45280 1 100 
45290 1 100 
45300 1 100 
45310 100 1 
45320 100 1 
45330 100 1 
45340 100 1 
45350 100 1 
45360 100 1 
45370 100 1 
45380 100 1 
45390 100 1 
45400 100 1 
45410 1 100 
45420 1 100 
45430 1 100 
45440 1 100 
45450 1 100 
45460 1 100 
45470 1 100 
45480 1 100 
45490 1 100 
45500 1 100 
45510 100 1 
45520 100 1 
45530 100 1 
45540 100 1 
45550 100 1 
45560 100 1 
45570 100 1 
45580 100 1 
45590 100 1 
45600 100 1 
45610 1 100 
45620 1 100 
45630 1 100 
45640 1 100 
45650 1 100 
45660 1 100 
45670 1 100 
45680 1 100 
45690 1 100 
45700 1 100 
45710 100 1 
45720 100 1 
45730 100 1 
45740 100 1 
45750 100 1 
45760 100 1 
45770 100 1 
45780 100 1 
45790 100 1 
45800 100 1 
45810 1 100 
45820 1 100 
45830 1 100 
45840 1 100 
45850 1 100 
45860 1 100 
45870 1 100 
45880 1 100 
45890 1 100 
45900 1 100 
45910 100 1 
45920 100 1 
45930 100 1 
45940 100 1 
45950 100 1 
45960 100 1 
45970 100 1 
45980 100 1 
45990 100 1 
46000 100 1 
46010 1 100 
46020 1 100 
46030 1 100 
46040 1 100 
46050 1 100 
46060 1 100 
46070 1 100 
46080 1 100 
46090 1 100 
46100 1 100 
46110 100 1 
46120 100 1 
46130 100 1 
46140 100 1 
46150 100 1 
46160 100 1 
46170 100 1 
46180 100 1 
46190 100 1 
46200 100 1 
46210 1 100 
46220 1 100 
46230 1 100 
46240 1 100 
46250 1 100 
46260 1 100 
46270 1 100 
46280 1 100 
46290 1 100 
46300 1 100 
46310 100 1 
46320 100 1 
46330 100 1 
46340 100 1 
46350 100 1 
46360 100 1 
46370 100 1 
46380 100 1 
46390 100 1 
46400 100 1 
46410 1 100 
46420 1 100 
46430 1 100 
46440 1 100 
46450 1 100 
46460 1 100 
46470 1 100 
46480 1 100 
46490 1 100 
46500 1 100 
46510 100 1 
46520 100 1 
46530 100 1 
46540 100 1 
46550 100 1 
46560 100 1 
46570 100 1 
46580 100 1 
46590 100 1 
46600 100 1 
46610 1 100 
46620 1 100 
46630 1 100 
46640 1 100 
46650 1 100 
46660 1 100 
46670 1 100 
46680 1 100 
46690 1 100 
46700 1 100 
46710 100 1 
46720 100 1 
46730 100 1 
46740 100 1 
46750 100 1 
46760 100 1 
46770 100 1 
46780 100 1 
46790 100 1 
46800 100 1 
46810 1 100 
46820 1 100 
46830 1 100 
46840 1 100 
46850 1 100 
46860 1 100 
46870 1 100 
46880 1 100 
46890 1 100 
46900 1 100 
46910 100 1 
46920 100 1 
46930 100 1 
46940 100 1 
46950 100 1 
46960 100 1 
46970 100 1 
46980 100 1 
46990 100 1 
47000 100 1 
47010 1 100 
47020 1 100 
47030 1 100 
47040 1 100 
47050 1 100 
47060 1 100 
47070 1 100 
47080 1 100 
47090 1 100 
47100 1 100 
47110 100 1 
47120 100 1 
47130 100 1 
47140 100 1 
47150 100 1 
47160 100 1 
47170 100 1 
47180 100 1 
47190 100 1 
47200 100 1 
47210 1 100 
47220 1 100 
47230 1 100 
47240 1 100 
47250 1 100 
47260 1 100 
47270 1 100 
47280 1 100 
47290 1 100 
47300 1 100 
47310 100 1 
47320 100 1 
47330 100 1 
47340 100 1 
47350 100 1 
47360 100 1 
47370 100 1 
47380 100 1 
47390 100 1 
47400 100 1 
47410 1 100 
47420 1 100 
47430 1 100 
47440 1 100 
47450 1 100 
47460 1 100 
47470 1 100 
47480 1 100 
47490 1 100 
47500 1 100 
47510 100 1 
47520 100 1 
47530 100 1 
47540 100 1 
47550 100 1 
47560 100 1 
47570 100 1 
47580 100 1 
47590 100 1 
47600 100 1 
47610 1 100 
47620 1 100 
47630 1 100 
47640 1 100 
47650 1 100 
47660 1 100 
47670 1 100 
47680 1 100 
47690 1 100 
47700 1 100 
47710 100 1 
47720 100 1 
47730 100 1 
47740 100 1 
47750 100 1 
47760 100 1 
47770 100 1 
47780 100 1 
47790 100 1 
47800 100 1 
47810 1 100 
47820 1 100 
47830 1 100 
47840 1 100 
47850 1 100 
47860 1 100 
47870 1 100 
47880 1 100 
47890 1 100 
47900 1 100 
47910 100 1 
47920 100 1 
47930 100 1 
47940 100 1 
47950 100 1 
47960 100 1 
47970 100 1 
47980 100 1 
47990 100 1 
48000 100 1 
48010 1 100 
48020 1 100 
48030 1 100 
48040 1 100 
48050 1 100 
48060 1 100 
48070 1 100 
48080 1 100 
48090 1 100 
48100 1 100 
48110 100 1 
48120 100 1 
48130 100 1 
48140 100 1 
48150 100 1 
48160 100 1 
48170 100 1 
48180 100 1 
48190 100 1 
48200 100 1 
48210 1 100 
48220 1 100 
48230 1 100 
48240 1 100 
48250 1 100 
48260 1 100 
48270 1 100 
48280 1 100 
48290 1 100 
48300 1 100 
48310 100 1 
48320 100 1 
48330 100 1 
48340 100 1 
48350 100 1 
48360 100 1 
48370 100 1 
48380 100 1 
48390 100 1 
48400 100 1 
48410 1 100 
48420 1 100 
48430 1 100 
48440 1 100 
48450 1 100 
48460 1 100 
48470 1 100 
48480 1 100 
48490 1 100 
48500 1 100 
48510 100 1 
48520 100 1 
48530 100 1 
48540 100 1 
48550 100 1 
48560 100 1 
48570 100 1 
48580 100 1 
48590 100 1 
48600 100 1 
48610 1 100 
48620 1 100 
48630 1 100 
48640 1 100 
48650 1 100 
48660 1 100 
48670 1 100 
48680 1 100 
48690 1 100 
48700 1 100 
48710 100 1 
48720 100 1 
48730 100 1 
48740 100 1 
48750 100 1 
48760 100 1 
48770 100 1 
48780 100 1 
48790 100 1 
48800 100 1 
48810 1 100 
48820 1 100 
48830 1 100 
48840 1 100 
48850 1 100 
48860 1 100 
48870 1 100 
48880 1 100 
48890 1 100 
48900 1 100 
48910 100 1 
48920 100 1 
48930 100 1 
48940 100 1 
48950 100 1 
48960 100 1 
48970 100 1 
48980 100 1 
48990 100 1 
49000 100 1 
49010 1 100 
49020 1 100 
49030 1 100 
49040 1 100 
49050 1 100 
49060 1 100 
49070 1 100 
49080 1 100 
49090 1 100 
49100 1 100 
49110 100 1 
49120 100 1 
49130 100 1 
49140 100 1 
49150 100 1 
49160 100 1 
49170 100 1 
49180 100 1 
49190 100 1 
49200 100 1 
49210 1 100 
49220 1 100 
49230 1 100 
49240 1 100 
49250 1 100 
49260 1 100 
49270 1 100 
49280 1 100 
49290 1 100 
49300 1 100 
49310 100 1 
49320 100 1 
49330 100 1 
49340 100 1 
49350 100 1 
49360 100 1 
49370 100 1 
49380 100 1 
49390 100 1 
49400 100 1 
49410 1 100 
49420 1 100 
49430 1 100 
49440 1 100 
49450 1 100 
49460 1 100 
49470 1 100 
49480 1 100 
49490 1 100 
49500 1 100 
49510 100 1 
49520 100 1 
49530 100 1 
49540 100 1 
49550 100 1 
49560 100 1 
49570 100 1 
49580 100 1 
49590 100 1 
49600 100 1 
49610 1 100 
49620 1 100 
49630 1 100 
49640 1 100 
49650 1 100 
49660 1 100 
49670 1 100 
49680 1 100 
49690 1 100 
49700 1 100 
49710 100 1 
49720 100 1 
49730 100 1 
49740 100 1 
49750 100 1 
49760 100 1 
49770 100 1 
49780 100 1 
49790 100 1 
49800 100 1 
49810 1 100 
49820 1 100 
49830 1 100 
49840 1 100 
49850 1 100 
49860 1 100 
49870 1 100 
49880 1 100 
49890 1 100 
49900 1 100 
49910 100 1 
49920 100 1 
49930 100 1 
49940 100 1 
49950 100 1 
49960 100 1 
49970 100 1 
49980 100 1 
49990 100 1 
50000 100 1 
