# Avida count data
# Mon Jan 16 11:17:28 2017
#  1: update
#  2: number of insts executed this update
#  3: number of organisms
#  4: (deprecated) number of different genotypes
#  5: (deprecated) number of different threshold genotypes
#  6: (deprecated) number of different species
#  7: (deprecated) number of different threshold species
#  8: (deprecated) number of different lineages
#  9: number of births in this update
# 10: number of deaths in this update
# 11: number of breed true
# 12: number of breed true organisms?
# 13: number of no-birth organisms
# 14: number of single-threaded organisms
# 15: number of multi-threaded organisms
# 16: number of modified organisms

0 1 1 0 0 0 0 0 1 0 1 1 1 1 0 0 
100 1 1 0 0 0 0 0 0 0 0 1 1 1 0 0 
200 1 1 0 0 0 0 0 0 0 0 1 1 1 0 0 
300 1 1 0 0 0 0 0 0 0 0 1 1 1 0 0 
400 2 2 0 0 0 0 0 0 0 0 2 1 2 0 0 
500 2 2 0 0 0 0 0 0 0 0 2 1 2 0 0 
600 2 2 0 0 0 0 0 0 0 0 2 1 2 0 0 
700 2 2 0 0 0 0 0 0 0 0 2 1 2 0 0 
800 4 4 0 0 0 0 0 0 0 0 3 2 4 0 0 
900 4 4 0 0 0 0 0 0 0 0 3 2 4 0 0 
1000 4 4 0 0 0 0 0 0 0 0 3 2 4 0 0 
1100 4 4 0 0 0 0 0 0 0 0 3 2 4 0 0 
1200 7 7 0 0 0 0 0 0 0 0 5 3 7 0 0 
1300 8 8 0 0 0 0 0 0 0 0 5 4 8 0 0 
1400 8 8 0 0 0 0 0 0 0 0 5 4 8 0 0 
1500 8 8 0 0 0 0 0 0 0 0 5 4 8 0 0 
1600 14 14 0 0 0 0 0 0 0 0 6 7 14 0 0 
1700 16 16 0 0 0 0 0 0 0 0 7 8 16 0 0 
1800 16 16 0 0 0 0 0 0 0 0 7 8 16 0 0 
1900 19 20 0 0 0 0 0 1 0 0 8 9 20 0 0 
2000 28 28 0 0 0 0 0 0 0 0 7 15 28 0 0 
2100 29 29 0 0 0 0 0 0 0 0 7 16 29 0 0 
2200 29 29 0 0 0 0 0 0 0 0 7 16 29 0 0 
2300 37 37 0 0 0 0 0 0 0 0 8 21 37 0 0 
2400 47 47 0 0 0 0 0 0 0 0 14 25 47 0 0 
2500 47 47 0 0 0 0 0 0 0 0 14 27 47 0 0 
2600 47 47 0 0 0 0 0 0 0 0 14 27 47 0 0 
2700 57 57 0 0 0 0 0 0 0 0 18 30 57 0 0 
2800 70 70 0 0 0 0 0 0 0 0 23 37 70 0 0 
2900 70 70 0 0 0 0 0 0 0 0 22 37 70 0 0 
3000 71 71 0 0 0 0 0 0 0 0 22 37 71 0 0 
3100 88 88 0 0 0 0 0 0 0 0 28 50 88 0 0 
3200 98 98 0 0 0 0 0 0 0 0 31 59 98 0 0 
3300 99 99 0 0 0 0 0 0 0 0 32 58 99 0 0 
3400 100 100 0 0 0 0 0 0 0 0 32 58 100 0 0 
3500 117 117 0 0 0 0 0 0 0 0 39 69 117 0 0 
3600 133 133 0 0 0 0 0 0 0 0 44 77 133 0 0 
3700 133 133 0 0 0 0 0 0 0 0 43 77 133 0 0 
3800 137 137 0 0 0 0 0 1 1 1 44 79 137 0 0 
3900 152 152 0 0 0 0 0 0 0 0 49 88 152 0 0 
4000 165 165 0 0 0 0 0 0 0 0 57 90 165 0 0 
4100 165 165 0 0 0 0 0 0 0 0 57 90 165 0 0 
4200 170 170 0 0 0 0 0 0 0 0 60 95 170 0 0 
4300 192 192 0 0 0 0 0 0 0 0 68 107 192 0 0 
4400 203 204 0 0 0 0 0 1 0 0 66 114 204 0 0 
4500 204 204 0 0 0 0 0 0 0 0 66 117 204 0 0 
4600 211 211 0 0 0 0 0 2 2 1 70 122 211 0 0 
4700 240 240 0 0 0 0 0 0 0 0 76 136 240 0 0 
4800 251 251 0 0 0 0 0 0 0 0 84 138 251 0 0 
4900 252 252 0 0 0 0 0 0 0 0 82 137 252 0 0 
5000 258 258 0 0 0 0 0 0 0 0 86 142 258 0 0 
5100 291 291 0 0 0 0 0 0 0 0 94 159 291 0 0 
5200 301 301 0 0 0 0 0 0 0 0 96 167 301 0 0 
5300 304 304 0 0 0 0 0 1 1 0 98 167 304 0 0 
5400 317 318 0 0 0 0 0 1 0 0 100 181 318 0 0 
5500 350 350 0 0 0 0 0 0 0 0 109 202 350 0 0 
5600 359 359 0 0 0 0 0 0 0 0 104 208 359 0 0 
5700 363 363 0 0 0 0 0 0 0 0 103 208 363 0 0 
5800 376 376 0 0 0 0 0 0 0 0 107 217 376 0 0 
5900 410 410 0 0 0 0 0 0 0 0 119 233 410 0 0 
6000 421 422 0 0 0 0 0 1 0 1 122 242 422 0 0 
6100 425 425 0 0 0 0 0 0 0 0 121 244 425 0 0 
6200 442 443 0 0 0 0 0 2 1 1 125 252 443 0 0 
6300 477 477 0 0 0 0 0 0 0 0 140 262 477 0 0 
6400 486 486 0 0 0 0 0 0 0 0 150 270 486 0 0 
6500 492 492 0 0 0 0 0 1 1 0 155 269 492 0 0 
6600 509 511 0 0 0 0 0 3 1 1 157 296 511 0 0 
6700 542 541 0 0 0 0 0 0 1 0 163 307 541 0 0 
6800 552 552 0 0 0 0 0 0 0 0 169 305 552 0 0 
6900 557 557 0 0 0 0 0 0 0 0 172 309 557 0 0 
7000 579 581 0 0 0 0 0 5 3 1 175 336 581 0 0 
7100 618 618 0 0 0 0 0 1 1 0 183 346 618 0 0 
7200 630 630 0 0 0 0 0 0 0 0 185 353 630 0 0 
7300 635 635 0 0 0 0 0 0 0 0 191 353 635 0 0 
7400 671 672 0 0 0 0 0 3 2 0 211 376 672 0 0 
7500 707 707 0 0 0 0 0 0 0 0 221 406 707 0 0 
7600 719 719 0 0 0 0 0 0 0 0 218 412 719 0 0 
7700 725 725 0 0 0 0 0 0 0 0 224 414 725 0 0 
7800 757 757 0 0 0 0 0 1 1 1 234 435 757 0 0 
7900 798 798 0 0 0 0 0 1 1 0 241 459 798 0 0 
8000 826 827 0 0 0 0 0 1 0 1 244 473 827 0 0 
8100 865 865 0 0 0 0 0 0 0 0 255 493 865 0 0 
8200 878 878 0 0 0 0 0 0 0 0 268 496 878 0 0 
8300 898 898 0 0 0 0 0 1 1 1 264 495 898 0 0 
8400 903 903 0 0 0 0 0 0 0 0 269 494 903 0 0 
8500 927 928 0 0 0 0 0 2 1 1 290 503 928 0 0 
8600 996 997 0 0 0 0 0 1 0 0 300 550 997 0 0 
8700 1020 1021 0 0 0 0 0 1 0 1 308 561 1021 0 0 
8800 1027 1027 0 0 0 0 0 0 0 0 310 569 1027 0 0 
8900 1049 1049 0 0 0 0 0 3 3 0 312 593 1049 0 0 
9000 1107 1108 0 0 0 0 0 3 2 0 324 623 1108 0 0 
9100 1132 1132 0 0 0 0 0 2 2 1 321 640 1132 0 0 
9200 1137 1137 0 0 0 0 0 0 0 0 317 646 1137 0 0 
9300 1167 1167 0 0 0 0 0 0 0 0 323 656 1167 0 0 
9400 1226 1227 0 0 0 0 0 5 4 0 326 690 1227 0 0 
9500 1264 1266 0 0 0 0 0 6 4 1 334 715 1266 0 0 
9600 1309 1307 0 0 0 0 0 2 4 2 352 734 1307 0 0 
9700 1340 1340 0 0 0 0 0 4 4 1 356 748 1340 0 0 
9800 1374 1375 0 0 0 0 0 3 2 1 369 765 1375 0 0 
9900 1396 1396 0 0 0 0 0 1 1 1 381 777 1396 0 0 
10000 1403 1403 0 0 0 0 0 3 3 1 387 782 1403 0 0 
10100 1472 1472 0 0 0 0 0 0 0 0 399 823 1472 0 0 
10200 1496 1496 0 0 0 0 0 1 1 0 410 841 1496 0 0 
10300 1512 1512 0 0 0 0 0 2 2 0 422 838 1512 0 0 
10400 1518 1518 0 0 0 0 0 1 1 0 426 844 1518 0 0 
10500 1527 1527 0 0 0 0 0 1 1 0 429 844 1527 0 0 
10600 1534 1535 0 0 0 0 0 1 0 0 433 846 1535 0 0 
10700 1533 1533 0 0 0 0 0 1 1 1 445 847 1533 0 0 
10800 1543 1545 0 0 0 0 0 4 2 0 441 846 1545 0 0 
10900 1568 1568 0 0 0 0 0 2 2 0 445 861 1568 0 0 
11000 1579 1579 0 0 0 0 0 1 1 0 447 874 1579 0 0 
11100 1589 1590 0 0 0 0 0 3 2 1 449 873 1590 0 0 
11200 1632 1632 0 0 0 0 0 0 0 0 459 911 1632 0 0 
11300 1688 1688 0 0 0 0 0 0 0 0 465 947 1688 0 0 
11400 1699 1700 0 0 0 0 0 1 0 0 471 953 1700 0 0 
11500 1742 1743 0 0 0 0 0 3 2 1 473 975 1743 0 0 
11600 1780 1780 0 0 0 0 0 2 2 0 490 996 1780 0 0 
11700 1802 1803 0 0 0 0 0 3 2 0 507 1029 1803 0 0 
11800 1826 1826 0 0 0 0 0 4 4 1 504 1028 1826 0 0 
11900 1827 1827 0 0 0 0 0 0 0 0 499 1023 1827 0 0 
12000 1828 1828 0 0 0 0 0 2 2 0 486 1027 1828 0 0 
12100 1820 1820 0 0 0 0 0 0 0 0 491 1015 1820 0 0 
12200 1828 1828 0 0 0 0 0 0 0 0 490 1025 1828 0 0 
12300 1878 1878 0 0 0 0 0 3 3 1 501 1051 1878 0 0 
12400 1915 1915 0 0 0 0 0 4 4 1 508 1083 1915 0 0 
12500 1936 1936 0 0 0 0 0 3 3 0 514 1080 1936 0 0 
12600 1975 1975 0 0 0 0 0 5 5 2 522 1116 1975 0 0 
12700 1984 1984 0 0 0 0 0 2 2 0 526 1126 1984 0 0 
12800 1998 1998 0 0 0 0 0 2 2 0 524 1130 1998 0 0 
12900 2004 2004 0 0 0 0 0 2 2 0 527 1135 2004 0 0 
13000 2014 2014 0 0 0 0 0 3 3 1 532 1137 2014 0 0 
13100 2031 2031 0 0 0 0 0 2 2 0 548 1133 2031 0 0 
13200 2061 2061 0 0 0 0 0 1 1 1 571 1141 2061 0 0 
13300 2084 2085 0 0 0 0 0 5 4 0 571 1171 2085 0 0 
13400 2089 2089 0 0 0 0 0 8 8 2 582 1175 2089 0 0 
13500 2097 2098 0 0 0 0 0 1 0 0 588 1180 2098 0 0 
13600 2114 2115 0 0 0 0 0 5 4 2 615 1170 2115 0 0 
13700 2160 2160 0 0 0 0 0 2 2 0 624 1183 2160 0 0 
13800 2166 2166 0 0 0 0 0 7 7 0 637 1180 2166 0 0 
13900 2166 2166 0 0 0 0 0 2 2 0 642 1181 2166 0 0 
14000 2166 2166 0 0 0 0 0 3 3 2 637 1186 2166 0 0 
14100 2178 2178 0 0 0 0 0 6 6 2 636 1190 2178 0 0 
14200 2216 2216 0 0 0 0 0 3 3 1 651 1216 2216 0 0 
14300 2277 2277 0 0 0 0 0 1 1 0 666 1246 2277 0 0 
14400 2382 2384 0 0 0 0 0 5 3 0 668 1301 2384 0 0 
14500 2448 2449 0 0 0 0 0 3 2 0 666 1340 2449 0 0 
14600 2482 2484 0 0 0 0 0 7 5 0 663 1358 2484 0 0 
14700 2515 2515 0 0 0 0 0 2 2 0 696 1387 2515 0 0 
14800 2528 2528 0 0 0 0 0 3 3 0 695 1396 2528 0 0 
14900 2562 2562 0 0 0 0 0 0 0 0 714 1432 2562 0 0 
15000 2567 2567 0 0 0 0 0 4 4 3 726 1435 2567 0 0 
15100 2573 2573 0 0 0 0 0 2 2 0 728 1436 2573 0 0 
15200 2613 2613 0 0 0 0 0 3 3 1 749 1460 2613 0 0 
15300 2634 2634 0 0 0 0 0 0 0 0 759 1477 2634 0 0 
15400 2636 2636 0 0 0 0 0 3 3 0 753 1480 2636 0 0 
15500 2638 2638 0 0 0 0 0 2 2 0 749 1480 2638 0 0 
15600 2637 2636 0 0 0 0 0 3 4 0 740 1488 2636 0 0 
15700 2676 2676 0 0 0 0 0 4 4 2 741 1503 2676 0 0 
15800 2685 2685 0 0 0 0 0 7 7 0 736 1502 2685 0 0 
15900 2685 2685 0 0 0 0 0 8 8 1 748 1494 2685 0 0 
16000 2685 2685 0 0 0 0 0 5 5 0 775 1506 2685 0 0 
16100 2672 2672 0 0 0 0 0 1 1 0 798 1496 2672 0 0 
16200 2677 2677 0 0 0 0 0 1 1 0 793 1495 2677 0 0 
16300 2682 2682 0 0 0 0 0 3 3 0 802 1499 2682 0 0 
16400 2683 2683 0 0 0 0 0 6 6 1 805 1500 2683 0 0 
16500 2689 2689 0 0 0 0 0 7 7 4 806 1509 2689 0 0 
16600 2692 2692 0 0 0 0 0 4 4 2 798 1515 2692 0 0 
16700 2689 2689 0 0 0 0 0 4 4 0 781 1522 2689 0 0 
16800 2688 2688 0 0 0 0 0 3 3 2 785 1513 2688 0 0 
16900 2690 2690 0 0 0 0 0 4 4 2 793 1519 2690 0 0 
17000 2690 2690 0 0 0 0 0 2 2 0 796 1510 2690 0 0 
17100 2690 2690 0 0 0 0 0 1 1 0 782 1516 2690 0 0 
17200 2692 2692 0 0 0 0 0 7 7 1 798 1517 2692 0 0 
17300 2693 2693 0 0 0 0 0 1 1 0 807 1507 2693 0 0 
17400 2693 2693 0 0 0 0 0 2 2 1 805 1511 2693 0 0 
17500 2695 2695 0 0 0 0 0 4 4 2 820 1512 2695 0 0 
17600 2695 2695 0 0 0 0 0 3 3 1 814 1509 2695 0 0 
17700 2698 2698 0 0 0 0 0 0 0 0 821 1516 2698 0 0 
17800 2694 2694 0 0 0 0 0 3 3 1 829 1519 2694 0 0 
17900 2695 2695 0 0 0 0 0 1 1 0 820 1521 2695 0 0 
18000 2698 2699 0 0 0 0 0 4 3 0 818 1510 2699 0 0 
18100 2700 2700 0 0 0 0 0 3 3 1 836 1514 2700 0 0 
18200 2701 2701 0 0 0 0 0 7 7 2 820 1506 2701 0 0 
18300 2699 2699 0 0 0 0 0 5 5 3 833 1503 2699 0 0 
18400 2701 2701 0 0 0 0 0 3 3 0 834 1509 2701 0 0 
18500 2703 2703 0 0 0 0 0 4 4 1 846 1511 2703 0 0 
18600 2705 2705 0 0 0 0 0 6 6 2 836 1519 2705 0 0 
18700 2705 2705 0 0 0 0 0 0 0 0 833 1520 2705 0 0 
18800 2707 2707 0 0 0 0 0 2 2 1 849 1532 2707 0 0 
18900 2709 2710 0 0 0 0 0 3 2 3 852 1534 2710 0 0 
19000 2713 2713 0 0 0 0 0 4 4 1 842 1530 2713 0 0 
19100 2715 2715 0 0 0 0 0 4 4 3 857 1522 2715 0 0 
19200 2721 2721 0 0 0 0 0 3 3 1 864 1526 2721 0 0 
19300 2729 2729 0 0 0 0 0 2 2 1 853 1530 2729 0 0 
19400 2728 2728 0 0 0 0 0 5 5 1 860 1529 2728 0 0 
19500 2741 2741 0 0 0 0 0 0 0 0 856 1539 2741 0 0 
19600 2750 2750 0 0 0 0 0 5 5 1 865 1558 2750 0 0 
19700 2760 2761 0 0 0 0 0 6 5 3 864 1546 2761 0 0 
19800 2768 2768 0 0 0 0 0 1 1 0 861 1558 2768 0 0 
19900 2783 2783 0 0 0 0 0 6 6 0 876 1575 2783 0 0 
20000 2790 2790 0 0 0 0 0 3 3 2 867 1578 2790 0 0 
20100 2802 2802 0 0 0 0 0 3 3 0 851 1575 2802 0 0 
20200 2811 2811 0 0 0 0 0 2 2 1 879 1582 2811 0 0 
20300 2826 2826 0 0 0 0 0 3 3 3 886 1594 2826 0 0 
20400 2836 2836 0 0 0 0 0 3 3 1 866 1584 2836 0 0 
20500 2847 2848 0 0 0 0 0 3 2 1 877 1578 2848 0 0 
20600 2861 2861 0 0 0 0 0 5 5 2 883 1588 2861 0 0 
20700 2876 2876 0 0 0 0 0 4 4 2 893 1618 2876 0 0 
20800 2888 2888 0 0 0 0 0 1 1 1 894 1619 2888 0 0 
20900 2893 2895 0 0 0 0 0 6 4 1 885 1622 2895 0 0 
21000 2908 2908 0 0 0 0 0 0 0 0 909 1611 2908 0 0 
21100 2920 2920 0 0 0 0 0 3 3 1 916 1617 2920 0 0 
21200 2931 2931 0 0 0 0 0 3 3 1 922 1639 2931 0 0 
21300 2940 2940 0 0 0 0 0 1 1 0 946 1663 2940 0 0 
21400 2947 2947 0 0 0 0 0 5 5 3 963 1661 2947 0 0 
21500 2960 2960 0 0 0 0 0 1 1 0 958 1661 2960 0 0 
21600 2965 2964 0 0 0 0 0 6 7 3 964 1675 2964 0 0 
21700 2983 2984 0 0 0 0 0 6 5 2 962 1692 2984 0 0 
21800 2990 2990 0 0 0 0 0 6 6 1 946 1691 2990 0 0 
21900 2999 2999 0 0 0 0 0 2 2 1 950 1677 2999 0 0 
22000 3008 3008 0 0 0 0 0 2 2 0 945 1684 3008 0 0 
22100 3016 3016 0 0 0 0 0 4 4 1 947 1709 3016 0 0 
22200 3023 3023 0 0 0 0 0 7 7 0 949 1714 3023 0 0 
22300 3029 3029 0 0 0 0 0 6 6 3 960 1694 3029 0 0 
22400 3036 3037 0 0 0 0 0 5 4 2 966 1697 3037 0 0 
22500 3044 3045 0 0 0 0 0 5 4 1 983 1711 3045 0 0 
22600 3051 3051 0 0 0 0 0 6 6 2 993 1708 3051 0 0 
22700 3062 3062 0 0 0 0 0 5 5 0 967 1733 3062 0 0 
22800 3074 3074 0 0 0 0 0 4 4 2 989 1730 3074 0 0 
22900 3082 3082 0 0 0 0 0 2 2 1 986 1742 3082 0 0 
23000 3090 3090 0 0 0 0 0 4 4 2 1005 1730 3090 0 0 
23100 3095 3095 0 0 0 0 0 3 3 1 1004 1739 3095 0 0 
23200 3109 3109 0 0 0 0 0 6 6 3 1016 1745 3109 0 0 
23300 3114 3114 0 0 0 0 0 3 3 1 1031 1764 3114 0 0 
23400 3120 3120 0 0 0 0 0 1 1 0 1035 1738 3120 0 0 
23500 3136 3136 0 0 0 0 0 3 3 1 1045 1762 3136 0 0 
23600 3142 3142 0 0 0 0 0 5 5 3 1057 1776 3142 0 0 
23700 3147 3148 0 0 0 0 0 7 6 0 1048 1794 3148 0 0 
23800 3172 3174 0 0 0 0 0 8 6 2 1060 1815 3174 0 0 
23900 3183 3183 0 0 0 0 0 2 2 0 1061 1812 3183 0 0 
24000 3185 3185 0 0 0 0 0 3 3 2 1051 1817 3185 0 0 
24100 3195 3195 0 0 0 0 0 3 3 0 1073 1818 3195 0 0 
24200 3212 3212 0 0 0 0 0 4 4 1 1075 1822 3212 0 0 
24300 3220 3221 0 0 0 0 0 9 8 2 1085 1817 3221 0 0 
24400 3245 3245 0 0 0 0 0 8 8 1 1089 1828 3245 0 0 
24500 3258 3258 0 0 0 0 0 1 1 1 1106 1850 3258 0 0 
24600 3253 3253 0 0 0 0 0 4 4 0 1105 1849 3253 0 0 
24700 3264 3266 0 0 0 0 0 7 5 1 1101 1845 3266 0 0 
24800 3288 3289 0 0 0 0 0 5 4 3 1091 1859 3289 0 0 
24900 3299 3299 0 0 0 0 0 2 2 0 1088 1883 3299 0 0 
25000 3316 3316 0 0 0 0 0 4 4 2 1096 1883 3316 0 0 
25100 3330 3330 0 0 0 0 0 4 4 2 1119 1884 3330 0 0 
25200 3339 3339 0 0 0 0 0 2 2 0 1095 1875 3339 0 0 
25300 3346 3346 0 0 0 0 0 8 8 4 1090 1880 3346 0 0 
25400 3362 3362 0 0 0 0 0 5 5 0 1096 1895 3362 0 0 
25500 3376 3376 0 0 0 0 0 2 2 0 1118 1914 3376 0 0 
25600 3391 3391 0 0 0 0 0 8 8 2 1112 1934 3391 0 0 
25700 3392 3392 0 0 0 0 0 2 2 0 1096 1931 3392 0 0 
25800 3398 3399 0 0 0 0 0 8 7 3 1103 1928 3399 0 0 
25900 3418 3418 0 0 0 0 0 1 1 1 1108 1924 3418 0 0 
26000 3419 3419 0 0 0 0 0 5 5 2 1108 1929 3419 0 0 
26100 3417 3418 0 0 0 0 0 4 3 2 1101 1915 3418 0 0 
26200 3428 3428 0 0 0 0 0 1 1 0 1098 1927 3428 0 0 
26300 3431 3431 0 0 0 0 0 2 2 1 1107 1937 3431 0 0 
26400 3432 3432 0 0 0 0 0 1 1 0 1113 1929 3432 0 0 
26500 3433 3434 0 0 0 0 0 8 7 1 1123 1927 3434 0 0 
26600 3433 3433 0 0 0 0 0 3 3 1 1112 1935 3433 0 0 
26700 3439 3439 0 0 0 0 0 5 5 3 1123 1929 3439 0 0 
26800 3442 3440 0 0 0 0 0 2 4 1 1130 1923 3440 0 0 
26900 3456 3456 0 0 0 0 0 4 4 1 1141 1942 3456 0 0 
27000 3456 3456 0 0 0 0 0 1 1 0 1149 1946 3456 0 0 
27100 3456 3456 0 0 0 0 0 2 2 1 1155 1950 3456 0 0 
27200 3451 3451 0 0 0 0 0 1 1 1 1152 1949 3451 0 0 
27300 3451 3451 0 0 0 0 0 1 1 1 1150 1946 3451 0 0 
27400 3457 3457 0 0 0 0 0 4 4 1 1158 1949 3457 0 0 
27500 3455 3454 0 0 0 0 0 0 1 0 1156 1937 3454 0 0 
27600 3457 3457 0 0 0 0 0 2 2 1 1172 1953 3457 0 0 
27700 3457 3457 0 0 0 0 0 2 2 2 1168 1947 3457 0 0 
27800 3455 3454 0 0 0 0 0 4 5 2 1172 1949 3454 0 0 
27900 3462 3462 0 0 0 0 0 1 1 0 1174 1956 3462 0 0 
28000 3466 3466 0 0 0 0 0 1 1 0 1175 1963 3466 0 0 
28100 3471 3471 0 0 0 0 0 4 4 2 1180 1960 3471 0 0 
28200 3472 3472 0 0 0 0 0 5 5 1 1164 1975 3472 0 0 
28300 3466 3465 0 0 0 0 0 1 2 1 1158 1962 3465 0 0 
28400 3464 3464 0 0 0 0 0 3 3 3 1172 1961 3464 0 0 
28500 3478 3478 0 0 0 0 0 0 0 0 1173 1966 3478 0 0 
28600 3469 3470 0 0 0 0 0 5 4 4 1171 1948 3470 0 0 
28700 3466 3466 0 0 0 0 0 3 3 0 1170 1953 3466 0 0 
28800 3474 3474 0 0 0 0 0 2 2 0 1170 1955 3474 0 0 
28900 3471 3471 0 0 0 0 0 0 0 0 1167 1951 3471 0 0 
29000 3477 3478 0 0 0 0 0 4 3 1 1175 1966 3478 0 0 
29100 3473 3473 0 0 0 0 0 2 2 0 1178 1958 3473 0 0 
29200 3470 3469 0 0 0 0 0 1 2 0 1175 1945 3469 0 0 
29300 3471 3471 0 0 0 0 0 2 2 1 1167 1950 3471 0 0 
29400 3472 3473 0 0 0 0 0 1 0 0 1175 1948 3473 0 0 
29500 3471 3471 0 0 0 0 0 0 0 0 1170 1950 3471 0 0 
29600 3476 3476 0 0 0 0 0 3 3 1 1173 1958 3476 0 0 
29700 3474 3474 0 0 0 0 0 1 1 0 1176 1951 3474 0 0 
29800 3479 3479 0 0 0 0 0 1 1 0 1178 1952 3479 0 0 
29900 3476 3476 0 0 0 0 0 1 1 1 1186 1955 3476 0 0 
30000 3479 3480 0 0 0 0 0 1 0 0 1179 1953 3480 0 0 
30100 3482 3481 0 0 0 0 0 0 1 0 1181 1944 3481 0 0 
30200 3481 3481 0 0 0 0 0 2 2 1 1189 1946 3481 0 0 
30300 3480 3479 0 0 0 0 0 1 2 0 1193 1939 3479 0 0 
30400 3475 3475 0 0 0 0 0 0 0 0 1199 1939 3475 0 0 
30500 3481 3482 0 0 0 0 0 1 0 1 1198 1946 3482 0 0 
30600 3495 3495 0 0 0 0 0 0 0 0 1191 1962 3495 0 0 
30700 3493 3493 0 0 0 0 0 3 3 0 1191 1942 3493 0 0 
30800 3496 3496 0 0 0 0 0 1 1 0 1191 1936 3496 0 0 
30900 3493 3493 0 0 0 0 0 3 3 2 1183 1938 3493 0 0 
31000 3492 3492 0 0 0 0 0 2 2 1 1195 1925 3492 0 0 
31100 3499 3499 0 0 0 0 0 4 4 1 1181 1939 3499 0 0 
31200 3493 3494 0 0 0 0 0 2 1 0 1207 1945 3494 0 0 
31300 3480 3481 0 0 0 0 0 2 1 0 1222 1928 3481 0 0 
31400 3489 3489 0 0 0 0 0 4 4 2 1237 1929 3489 0 0 
31500 3493 3492 0 0 0 0 0 1 2 1 1225 1931 3492 0 0 
31600 3489 3489 0 0 0 0 0 2 2 1 1223 1936 3489 0 0 
31700 3495 3495 0 0 0 0 0 1 1 1 1215 1945 3495 0 0 
31800 3488 3488 0 0 0 0 0 2 2 2 1203 1937 3488 0 0 
31900 3475 3475 0 0 0 0 0 2 2 1 1208 1904 3475 0 0 
32000 3480 3480 0 0 0 0 0 1 1 0 1211 1909 3480 0 0 
32100 3486 3486 0 0 0 0 0 0 0 0 1198 1915 3486 0 0 
32200 3496 3496 0 0 0 0 0 3 3 0 1194 1942 3496 0 0 
32300 3489 3489 0 0 0 0 0 2 2 1 1199 1940 3489 0 0 
32400 3485 3484 0 0 0 0 0 0 1 0 1198 1931 3484 0 0 
32500 3492 3492 0 0 0 0 0 2 2 1 1217 1939 3492 0 0 
32600 3498 3498 0 0 0 0 0 3 3 1 1223 1946 3498 0 0 
32700 3498 3498 0 0 0 0 0 2 2 1 1225 1945 3498 0 0 
32800 3494 3495 0 0 0 0 0 1 0 0 1234 1936 3495 0 0 
32900 3504 3504 0 0 0 0 0 4 4 1 1232 1946 3504 0 0 
33000 3497 3497 0 0 0 0 0 1 1 0 1220 1933 3497 0 0 
33100 3497 3497 0 0 0 0 0 1 1 0 1196 1938 3497 0 0 
33200 3500 3500 0 0 0 0 0 3 3 1 1193 1945 3500 0 0 
33300 3510 3510 0 0 0 0 0 0 0 0 1197 1951 3510 0 0 
33400 3500 3500 0 0 0 0 0 0 0 0 1214 1935 3500 0 0 
33500 3489 3488 0 0 0 0 0 2 3 1 1216 1920 3488 0 0 
33600 3499 3501 0 0 0 0 0 2 0 2 1224 1935 3501 0 0 
33700 3510 3510 0 0 0 0 0 0 0 0 1233 1941 3510 0 0 
33800 3499 3499 0 0 0 0 0 0 0 0 1218 1945 3499 0 0 
33900 3499 3499 0 0 0 0 0 2 2 1 1209 1935 3499 0 0 
34000 3504 3504 0 0 0 0 0 2 2 0 1208 1933 3504 0 0 
34100 3509 3509 0 0 0 0 0 3 3 0 1216 1939 3509 0 0 
34200 3507 3507 0 0 0 0 0 1 1 0 1217 1934 3507 0 0 
34300 3512 3512 0 0 0 0 0 2 2 0 1221 1933 3512 0 0 
34400 3521 3521 0 0 0 0 0 0 0 0 1219 1961 3521 0 0 
34500 3501 3500 0 0 0 0 0 2 3 0 1223 1943 3500 0 0 
34600 3504 3504 0 0 0 0 0 0 0 0 1212 1948 3504 0 0 
34700 3510 3510 0 0 0 0 0 1 1 1 1220 1944 3510 0 0 
34800 3507 3507 0 0 0 0 0 1 1 1 1234 1944 3507 0 0 
34900 3510 3510 0 0 0 0 0 1 1 1 1230 1953 3510 0 0 
35000 3509 3509 0 0 0 0 0 2 2 0 1229 1945 3509 0 0 
35100 3505 3505 0 0 0 0 0 3 3 2 1235 1941 3505 0 0 
35200 3504 3504 0 0 0 0 0 2 2 1 1231 1949 3504 0 0 
35300 3506 3506 0 0 0 0 0 2 2 1 1229 1960 3506 0 0 
35400 3513 3512 0 0 0 0 0 0 1 0 1236 1968 3512 0 0 
35500 3501 3501 0 0 0 0 0 1 1 1 1246 1951 3501 0 0 
35600 3499 3498 0 0 0 0 0 1 2 0 1259 1941 3498 0 0 
35700 3493 3493 0 0 0 0 0 1 1 1 1257 1926 3493 0 0 
35800 3497 3497 0 0 0 0 0 1 1 1 1258 1920 3497 0 0 
35900 3508 3508 0 0 0 0 0 0 0 0 1267 1938 3508 0 0 
36000 3517 3517 0 0 0 0 0 1 1 1 1261 1957 3517 0 0 
36100 3508 3508 0 0 0 0 0 0 0 0 1265 1952 3508 0 0 
36200 3505 3505 0 0 0 0 0 3 3 1 1264 1955 3505 0 0 
36300 3503 3504 0 0 0 0 0 1 0 1 1256 1956 3504 0 0 
36400 3515 3515 0 0 0 0 0 2 2 2 1249 1963 3515 0 0 
36500 3500 3500 0 0 0 0 0 0 0 0 1245 1951 3500 0 0 
36600 3490 3490 0 0 0 0 0 2 2 0 1242 1934 3490 0 0 
36700 3503 3503 0 0 0 0 0 1 1 0 1244 1943 3503 0 0 
36800 3511 3511 0 0 0 0 0 3 3 2 1244 1944 3511 0 0 
36900 3518 3518 0 0 0 0 0 1 1 1 1245 1959 3518 0 0 
37000 3513 3513 0 0 0 0 0 1 1 0 1230 1947 3513 0 0 
37100 3504 3504 0 0 0 0 0 2 2 2 1230 1931 3504 0 0 
37200 3499 3500 0 0 0 0 0 1 0 1 1221 1926 3500 0 0 
37300 3504 3504 0 0 0 0 0 2 2 0 1231 1923 3504 0 0 
37400 3511 3511 0 0 0 0 0 1 1 0 1236 1942 3511 0 0 
37500 3515 3515 0 0 0 0 0 1 1 1 1241 1955 3515 0 0 
37600 3505 3505 0 0 0 0 0 1 1 1 1236 1950 3505 0 0 
37700 3499 3499 0 0 0 0 0 1 1 0 1239 1947 3499 0 0 
37800 3501 3501 0 0 0 0 0 1 1 0 1239 1948 3501 0 0 
37900 3505 3505 0 0 0 0 0 0 0 0 1240 1953 3505 0 0 
38000 3506 3506 0 0 0 0 0 2 2 2 1237 1952 3506 0 0 
38100 3509 3509 0 0 0 0 0 2 2 1 1244 1949 3509 0 0 
38200 3507 3507 0 0 0 0 0 0 0 0 1237 1956 3507 0 0 
38300 3498 3497 0 0 0 0 0 4 5 2 1233 1943 3497 0 0 
38400 3505 3505 0 0 0 0 0 2 2 1 1243 1950 3505 0 0 
38500 3503 3503 0 0 0 0 0 1 1 1 1245 1951 3503 0 0 
38600 3499 3499 0 0 0 0 0 1 1 0 1250 1943 3499 0 0 
38700 3507 3507 0 0 0 0 0 1 1 0 1257 1949 3507 0 0 
38800 3510 3510 0 0 0 0 0 2 2 1 1261 1948 3510 0 0 
38900 3514 3513 0 0 0 0 0 1 2 0 1272 1947 3513 0 0 
39000 3518 3517 0 0 0 0 0 2 3 2 1245 1952 3517 0 0 
39100 3509 3508 0 0 0 0 0 1 2 1 1251 1945 3508 0 0 
39200 3496 3497 0 0 0 0 0 1 0 1 1247 1938 3497 0 0 
39300 3498 3499 0 0 0 0 0 2 1 0 1249 1931 3499 0 0 
39400 3508 3508 0 0 0 0 0 2 2 0 1249 1949 3508 0 0 
39500 3508 3508 0 0 0 0 0 2 2 0 1243 1939 3508 0 0 
39600 3513 3514 0 0 0 0 0 1 0 0 1246 1944 3514 0 0 
39700 3511 3511 0 0 0 0 0 2 2 1 1239 1939 3511 0 0 
39800 3515 3516 0 0 0 0 0 5 4 1 1231 1954 3516 0 0 
39900 3505 3506 0 0 0 0 0 1 0 0 1238 1940 3506 0 0 
40000 3513 3513 0 0 0 0 0 1 1 0 1244 1946 3513 0 0 
40100 3512 3512 0 0 0 0 0 2 2 0 1238 1942 3512 0 0 
40200 3512 3511 0 0 0 0 0 0 1 0 1234 1945 3511 0 0 
40300 3512 3512 0 0 0 0 0 1 1 0 1240 1952 3512 0 0 
40400 3516 3516 0 0 0 0 0 2 2 1 1246 1950 3516 0 0 
40500 3507 3507 0 0 0 0 0 0 0 0 1241 1949 3507 0 0 
40600 3495 3495 0 0 0 0 0 1 1 0 1255 1929 3495 0 0 
40700 3496 3496 0 0 0 0 0 1 1 1 1256 1920 3496 0 0 
40800 3507 3506 0 0 0 0 0 0 1 0 1269 1926 3506 0 0 
40900 3511 3511 0 0 0 0 0 2 2 0 1279 1934 3511 0 0 
41000 3511 3511 0 0 0 0 0 2 2 0 1275 1940 3511 0 0 
41100 3505 3506 0 0 0 0 0 1 0 0 1277 1936 3506 0 0 
41200 3508 3508 0 0 0 0 0 0 0 0 1269 1932 3508 0 0 
41300 3512 3513 0 0 0 0 0 2 1 1 1274 1928 3513 0 0 
41400 3511 3512 0 0 0 0 0 4 3 2 1266 1935 3512 0 0 
41500 3511 3511 0 0 0 0 0 1 1 1 1268 1925 3511 0 0 
41600 3520 3520 0 0 0 0 0 1 1 1 1270 1937 3520 0 0 
41700 3522 3522 0 0 0 0 0 2 2 1 1265 1944 3522 0 0 
41800 3522 3522 0 0 0 0 0 3 3 0 1259 1941 3522 0 0 
41900 3518 3518 0 0 0 0 0 3 3 0 1259 1941 3518 0 0 
42000 3518 3518 0 0 0 0 0 0 0 0 1268 1934 3518 0 0 
42100 3512 3512 0 0 0 0 0 1 1 1 1262 1920 3512 0 0 
42200 3514 3513 0 0 0 0 0 0 1 0 1263 1923 3513 0 0 
42300 3506 3506 0 0 0 0 0 1 1 1 1263 1924 3506 0 0 
42400 3512 3512 0 0 0 0 0 1 1 0 1253 1923 3512 0 0 
42500 3520 3520 0 0 0 0 0 0 0 0 1259 1931 3520 0 0 
42600 3525 3525 0 0 0 0 0 0 0 0 1260 1931 3525 0 0 
42700 3527 3525 0 0 0 0 0 1 3 0 1245 1934 3525 0 0 
42800 3526 3526 0 0 0 0 0 1 1 0 1253 1924 3526 0 0 
42900 3524 3524 0 0 0 0 0 0 0 0 1260 1925 3524 0 0 
43000 3507 3508 0 0 0 0 0 1 0 0 1252 1914 3508 0 0 
43100 3496 3496 0 0 0 0 0 1 1 0 1247 1903 3496 0 0 
43200 3503 3503 0 0 0 0 0 0 0 0 1245 1919 3503 0 0 
43300 3514 3514 0 0 0 0 0 4 4 1 1243 1929 3514 0 0 
43400 3514 3514 0 0 0 0 0 2 2 0 1239 1933 3514 0 0 
43500 3511 3511 0 0 0 0 0 1 1 1 1246 1929 3511 0 0 
43600 3513 3513 0 0 0 0 0 0 0 0 1243 1932 3513 0 0 
43700 3512 3513 0 0 0 0 0 3 2 3 1237 1929 3513 0 0 
43800 3521 3521 0 0 0 0 0 5 5 0 1233 1947 3521 0 0 
43900 3519 3519 0 0 0 0 0 0 0 0 1235 1945 3519 0 0 
44000 3526 3526 0 0 0 0 0 2 2 0 1239 1952 3526 0 0 
44100 3524 3522 0 0 0 0 0 3 5 1 1239 1949 3522 0 0 
44200 3523 3523 0 0 0 0 0 1 1 0 1237 1950 3523 0 0 
44300 3514 3514 0 0 0 0 0 2 2 0 1242 1937 3514 0 0 
44400 3521 3521 0 0 0 0 0 0 0 0 1237 1932 3521 0 0 
44500 3524 3524 0 0 0 0 0 1 1 1 1244 1932 3524 0 0 
44600 3532 3532 0 0 0 0 0 3 3 0 1247 1938 3532 0 0 
44700 3530 3530 0 0 0 0 0 1 1 1 1228 1934 3530 0 0 
44800 3526 3526 0 0 0 0 0 2 2 0 1225 1936 3526 0 0 
44900 3530 3530 0 0 0 0 0 0 0 0 1236 1938 3530 0 0 
45000 3526 3526 0 0 0 0 0 1 1 0 1225 1943 3526 0 0 
45100 3516 3516 0 0 0 0 0 1 1 0 1219 1941 3516 0 0 
45200 3516 3516 0 0 0 0 0 1 1 0 1226 1932 3516 0 0 
45300 3513 3513 0 0 0 0 0 0 0 0 1228 1924 3513 0 0 
45400 3520 3521 0 0 0 0 0 4 3 2 1235 1933 3521 0 0 
45500 3523 3523 0 0 0 0 0 2 2 0 1228 1931 3523 0 0 
45600 3525 3525 0 0 0 0 0 0 0 0 1210 1937 3525 0 0 
45700 3521 3522 0 0 0 0 0 3 2 1 1211 1931 3522 0 0 
45800 3524 3524 0 0 0 0 0 0 0 0 1194 1939 3524 0 0 
45900 3533 3533 0 0 0 0 0 0 0 0 1200 1939 3533 0 0 
46000 3533 3533 0 0 0 0 0 0 0 0 1198 1937 3533 0 0 
46100 3529 3529 0 0 0 0 0 1 1 0 1193 1932 3529 0 0 
46200 3534 3534 0 0 0 0 0 0 0 0 1207 1940 3534 0 0 
46300 3537 3537 0 0 0 0 0 1 1 0 1211 1935 3537 0 0 
46400 3530 3530 0 0 0 0 0 4 4 3 1202 1930 3530 0 0 
46500 3532 3532 0 0 0 0 0 1 1 1 1196 1938 3532 0 0 
46600 3532 3533 0 0 0 0 0 1 0 0 1179 1931 3533 0 0 
46700 3530 3530 0 0 0 0 0 0 0 0 1172 1930 3530 0 0 
46800 3531 3531 0 0 0 0 0 1 1 1 1184 1927 3531 0 0 
46900 3530 3531 0 0 0 0 0 2 1 0 1191 1931 3531 0 0 
47000 3536 3535 0 0 0 0 0 3 4 0 1195 1930 3535 0 0 
47100 3535 3535 0 0 0 0 0 1 1 1 1207 1928 3535 0 0 
47200 3534 3534 0 0 0 0 0 2 2 1 1217 1944 3534 0 0 
47300 3538 3538 0 0 0 0 0 0 0 0 1225 1953 3538 0 0 
47400 3534 3534 0 0 0 0 0 1 1 0 1225 1966 3534 0 0 
47500 3530 3530 0 0 0 0 0 0 0 0 1222 1951 3530 0 0 
47600 3531 3531 0 0 0 0 0 1 1 1 1224 1941 3531 0 0 
47700 3539 3539 0 0 0 0 0 2 2 1 1232 1951 3539 0 0 
47800 3537 3536 0 0 0 0 0 1 2 0 1234 1943 3536 0 0 
47900 3528 3528 0 0 0 0 0 2 2 2 1240 1930 3528 0 0 
48000 3535 3535 0 0 0 0 0 2 2 1 1245 1929 3535 0 0 
48100 3546 3546 0 0 0 0 0 0 0 0 1242 1937 3546 0 0 
48200 3547 3547 0 0 0 0 0 0 0 0 1247 1951 3547 0 0 
48300 3554 3554 0 0 0 0 0 1 1 1 1248 1958 3554 0 0 
48400 3555 3555 0 0 0 0 0 3 3 1 1251 1964 3555 0 0 
48500 3556 3556 0 0 0 0 0 1 1 0 1252 1972 3556 0 0 
48600 3555 3555 0 0 0 0 0 1 1 1 1243 1981 3555 0 0 
48700 3556 3556 0 0 0 0 0 1 1 1 1246 1981 3556 0 0 
48800 3553 3553 0 0 0 0 0 0 0 0 1241 1982 3553 0 0 
48900 3550 3550 0 0 0 0 0 0 0 0 1240 1978 3550 0 0 
49000 3558 3558 0 0 0 0 0 0 0 0 1244 1978 3558 0 0 
49100 3559 3559 0 0 0 0 0 2 2 1 1237 1976 3559 0 0 
49200 3554 3554 0 0 0 0 0 3 3 1 1243 1976 3554 0 0 
49300 3549 3549 0 0 0 0 0 0 0 0 1247 1965 3549 0 0 
49400 3547 3546 0 0 0 0 0 0 1 0 1247 1966 3546 0 0 
49500 3539 3539 0 0 0 0 0 1 1 0 1244 1955 3539 0 0 
49600 3541 3541 0 0 0 0 0 3 3 0 1238 1963 3541 0 0 
49700 3543 3543 0 0 0 0 0 1 1 0 1236 1964 3543 0 0 
49800 3545 3545 0 0 0 0 0 1 1 1 1240 1960 3545 0 0 
49900 3551 3550 0 0 0 0 0 2 3 1 1242 1966 3550 0 0 
50000 3543 3543 0 0 0 0 0 0 0 0 1244 1962 3543 0 0 
