# Avida Dominant Data
# Mon Jan 16 11:17:28 2017
#  1: Update
#  2: Average Merit of the Dominant Genotype
#  3: Average Gestation Time of the Dominant Genotype
#  4: Average Fitness of the Dominant Genotype
#  5: Repro Rate?
#  6: Size of Dominant Genotype
#  7: Copied Size of Dominant Genotype
#  8: Executed Size of Dominant Genotype
#  9: Abundance of Dominant Genotype
# 10: Number of Births
# 11: Number of Dominant Breed True?
# 12: Dominant Gene Depth
# 13: Dominant Breed In
# 14: Max Fitness?
# 15: Genotype ID of Dominant Genotype
# 16: Name of the Dominant Genotype

0 0 0 0 0 100 0 0 1 0 0 0 0 2.22507e-308 1 100-aaaaa 
100 0 0 0 0 100 0 0 1 0 0 0 0 2.22507e-308 1 100-aaaaa 
200 0 0 0 0 100 0 0 1 0 0 0 0 2.22507e-308 1 100-aaaaa 
300 0 0 0 0 100 0 0 1 0 0 0 0 2.22507e-308 1 100-aaaaa 
400 97 389 0.249357 0.00257069 100 100 0 2 0 0 0 0 0.249357 1 100-aaaaa 
500 97 389 0.249357 0.00257069 100 100 0 2 0 0 0 0 0.249357 1 100-aaaaa 
600 97 389 0.249357 0.00257069 100 100 0 2 0 0 0 0 0.249357 1 100-aaaaa 
700 97 389 0.249357 0.00257069 100 100 0 2 0 0 0 0 0.249357 1 100-aaaaa 
800 97 389 0.249357 0.00257069 100 100 0 3 0 0 0 0 0.249357 1 100-aaaaa 
900 97 389 0.249357 0.00257069 100 100 0 3 0 0 0 0 0.249357 1 100-aaaaa 
1000 97 389 0.249357 0.00257069 100 100 0 3 0 0 0 0 0.249357 1 100-aaaaa 
1100 97 389 0.249357 0.00257069 100 100 0 3 0 0 0 0 0.249357 1 100-aaaaa 
1200 97 389 0.249357 0.00257069 100 100 0 5 0 0 0 0 0.249357 1 100-aaaaa 
1300 97 389 0.249357 0.00257069 100 100 0 5 0 0 0 0 0.249357 1 100-aaaaa 
1400 97 389 0.249357 0.00257069 100 100 0 5 0 0 0 0 0.249357 1 100-aaaaa 
1500 97 389 0.249357 0.00257069 100 100 0 5 0 0 0 0 0.249357 1 100-aaaaa 
1600 97 389 0.249357 0.00257069 100 100 0 6 0 0 0 0 0.249357 1 100-aaaaa 
1700 97 389 0.249357 0.00257069 100 100 0 7 0 0 0 0 0.249357 1 100-aaaaa 
1800 97 389 0.249357 0.00257069 100 100 0 7 0 0 0 0 0.249357 1 100-aaaaa 
1900 97 389 0.249357 0.00257069 100 100 0 7 0 0 0 0 0.249357 1 100-aaaaa 
2000 97 389 0.249357 0.00257069 100 100 0 6 0 0 0 0 0.249357 1 100-aaaaa 
2100 97 389 0.249357 0.00257069 100 100 0 6 0 0 0 0 0.249357 1 100-aaaaa 
2200 97 389 0.249357 0.00257069 100 100 0 6 0 0 0 0 0.249357 1 100-aaaaa 
2300 97 389 0.249357 0.00257069 100 100 0 6 0 0 0 0 0.249357 1 100-aaaaa 
2400 97 389 0.249357 0.00257069 100 100 0 7 0 0 0 0 0.249357 1 100-aaaaa 
2500 97 389 0.249357 0.00257069 100 100 0 7 0 0 0 0 0.249357 1 100-aaaaa 
2600 97 389 0.249357 0.00257069 100 100 0 7 0 0 0 0 0.249357 1 100-aaaaa 
2700 97 389 0.249357 0.00257069 100 100 0 8 0 0 0 0 0.249357 1 100-aaaaa 
2800 97 389 0.249357 0.00257069 100 100 0 7 0 0 0 0 0.249357 1 100-aaaaa 
2900 97 389 0.249357 0.00257069 100 100 0 7 0 0 0 0 0.249357 1 100-aaaaa 
3000 97 389 0.249357 0.00257069 100 100 0 7 0 0 0 0 0.249357 1 100-aaaaa 
3100 97 389 0.249357 0.00257069 100 100 0 6 0 0 0 0 0.249357 1 100-aaaaa 
3200 97 389 0.249357 0.00257069 100 100 0 8 0 0 0 0 0.249357 1 100-aaaaa 
3300 97 389 0.249357 0.00257069 100 100 0 8 0 0 0 0 0.249357 1 100-aaaaa 
3400 97 389 0.249357 0.00257069 100 100 0 8 0 0 0 0 0.249357 1 100-aaaaa 
3500 97 389 0.249357 0.00257069 100 100 0 8 0 0 0 0 0.249357 1 100-aaaaa 
3600 97 389 0.249357 0.00257069 100 100 0 8 0 0 0 0 0.249357 1 100-aaaaa 
3700 97 389 0.249357 0.00257069 100 100 0 7 0 0 0 0 0.249357 1 100-aaaaa 
3800 97 389 0.249357 0.00257069 100 100 0 7 0 0 0 0 0.249357 1 100-aaaaa 
3900 97 389 0.249357 0.00257069 100 100 0 6 0 0 0 0 0.249357 1 100-aaaaa 
4000 97 389 0.249357 0.00257069 100 100 0 7 0 0 0 0 0.249357 1 100-aaaaa 
4100 97 389 0.249357 0.00257069 100 100 0 7 0 0 0 0 0.249357 1 100-aaaaa 
4200 97 389 0.249357 0.00257069 100 100 0 7 0 0 0 0 0.249357 1 100-aaaaa 
4300 97 386 0.251295 0.00259067 100 100 0 8 0 0 3 0 0.251295 27 100-aaaag 
4400 97 386 0.251295 0.00259067 100 100 0 8 0 0 3 0 0.251295 27 100-aaaag 
4500 97 386 0.251295 0.00259067 100 100 0 8 0 0 3 0 0.251295 27 100-aaaag 
4600 97 386 0.251295 0.00259067 100 100 0 5 0 0 3 0 0.251295 27 100-aaaag 
4700 97 384 0.252604 0.00260417 100 100 0 5 0 0 2 0 0.252604 40 100-aaaae 
4800 98 390 0.251282 0.0025641 101 101 0 5 0 0 2 0 0.251282 83 101-aaaac 
4900 98 390 0.251282 0.0025641 101 101 0 5 0 0 2 0 0.251282 83 101-aaaac 
5000 97 384 0.252604 0.00260417 100 100 0 5 0 0 2 0 0.252604 40 100-aaaae 
5100 97 387 0.250646 0.00258398 100 100 0 5 0 0 1 0 0.250646 38 100-aaaaf 
5200 97 384 0.252604 0.00260417 100 100 0 6 0 0 2 0 0.252604 40 100-aaaae 
5300 97 384 0.252604 0.00260417 100 100 0 6 0 0 2 0 0.252604 40 100-aaaae 
5400 97 387 0.250646 0.00258398 100 100 0 6 0 0 1 0 0.250646 38 100-aaaaf 
5500 97 387 0.250646 0.00258398 100 100 0 6 0 0 1 0 0.250646 38 100-aaaaf 
5600 97 387 0.250646 0.00258398 100 100 0 5 0 0 1 0 0.250646 38 100-aaaaf 
5700 97 387 0.250646 0.00258398 100 100 0 5 0 0 1 0 0.250646 38 100-aaaaf 
5800 97 387 0.250646 0.00258398 100 100 0 6 0 0 1 0 0.250646 38 100-aaaaf 
5900 97 387 0.250646 0.00258398 100 100 0 6 0 0 1 0 0.250646 38 100-aaaaf 
6000 97 387 0.250646 0.00258398 100 100 0 6 0 0 1 0 0.250646 38 100-aaaaf 
6100 97 387 0.250646 0.00258398 100 100 0 6 0 0 1 0 0.250646 38 100-aaaaf 
6200 98 389 0.251928 0.00257069 101 101 0 6 0 0 3 0 0.251928 244 101-aaaaf 
6300 97 389 0.249357 0.00257069 100 100 0 6 0 0 1 0 0.249357 255 100-aaaau 
6400 97 384 0.252604 0.00260417 100 100 0 7 0 0 2 0 0.252604 40 100-aaaae 
6500 97 384 0.252604 0.00260417 100 100 0 7 0 0 2 0 0.252604 40 100-aaaae 
6600 95 379 0.25066 0.00263852 98 98 0 5 0 0 3 0 0.25066 65 098-aaaaa 
6700 98 389 0.251928 0.00257069 101 101 0 9 0 0 4 0 0.251928 438 101-aaaah 
6800 98 389 0.251928 0.00257069 101 101 0 8 0 0 4 0 0.251928 438 101-aaaah 
6900 98 389 0.251928 0.00257069 101 101 0 8 0 0 4 0 0.251928 438 101-aaaah 
7000 95 379 0.25066 0.00263852 98 98 0 8 0 0 3 0 0.25066 65 098-aaaaa 
7100 95 379 0.25066 0.00263852 98 98 0 7 0 0 3 0 0.25066 65 098-aaaaa 
7200 95 379 0.25066 0.00263852 98 98 0 7 0 0 3 0 0.25066 65 098-aaaaa 
7300 97 386 0.251295 0.00259067 100 100 0 8 0 0 3 0 0.251295 226 100-aaaas 
7400 97 386 0.251295 0.00259067 100 100 0 8 0 0 3 0 0.251295 226 100-aaaas 
7500 97 386 0.251295 0.00259067 100 100 0 8 0 0 3 0 0.251295 226 100-aaaas 
7600 97 386 0.251295 0.00259067 100 100 0 8 0 0 3 0 0.251295 226 100-aaaas 
7700 97 386 0.251295 0.00259067 100 100 0 10 0 0 3 0 0.251295 226 100-aaaas 
7800 97 386 0.251295 0.00259067 100 100 0 10 0 0 3 0 0.251295 226 100-aaaas 
7900 97 386 0.251295 0.00259067 100 100 0 10 0 0 3 0 0.251295 226 100-aaaas 
8000 97 386 0.251295 0.00259067 100 100 0 10 0 0 3 0 0.251295 226 100-aaaas 
8100 97 386 0.251295 0.00259067 100 100 0 10 0 0 3 0 0.251295 226 100-aaaas 
8200 97 386 0.251295 0.00259067 100 100 0 10 0 0 3 0 0.251295 226 100-aaaas 
8300 97 386 0.251295 0.00259067 100 100 0 10 0 0 3 0 0.251295 226 100-aaaas 
8400 97 386 0.251295 0.00259067 100 100 0 13 0 0 3 0 0.251295 226 100-aaaas 
8500 97 386 0.251295 0.00259067 100 100 0 14 0 0 3 0 0.251295 226 100-aaaas 
8600 97 386 0.251295 0.00259067 100 100 0 13 0 0 3 0 0.251295 226 100-aaaas 
8700 97 386 0.251295 0.00259067 100 100 0 13 0 0 3 0 0.251295 226 100-aaaas 
8800 97 386 0.251295 0.00259067 100 100 0 15 0 0 3 0 0.251295 226 100-aaaas 
8900 97 386 0.251295 0.00259067 100 100 0 15 0 0 3 0 0.251295 226 100-aaaas 
9000 97 386 0.251295 0.00259067 100 100 0 14 0 0 3 0 0.251295 226 100-aaaas 
9100 97 386 0.251295 0.00259067 100 100 0 14 0 0 3 0 0.251295 226 100-aaaas 
9200 97 386 0.251295 0.00259067 100 100 0 14 0 0 3 0 0.251295 226 100-aaaas 
9300 97 386 0.251295 0.00259067 100 100 0 13 0 0 3 0 0.251295 226 100-aaaas 
9400 97 386 0.251295 0.00259067 100 100 0 13 0 0 3 0 0.251295 226 100-aaaas 
9500 97 386 0.251295 0.00259067 100 100 0 13 0 0 3 0 0.251295 226 100-aaaas 
9600 97 386 0.251295 0.00259067 100 100 0 13 0 0 3 0 0.251295 226 100-aaaas 
9700 97 386 0.251295 0.00259067 100 100 0 13 0 0 3 0 0.251295 226 100-aaaas 
9800 97 386 0.251295 0.00259067 100 100 0 13 0 0 3 0 0.251295 226 100-aaaas 
9900 97 386 0.251295 0.00259067 100 100 0 13 0 0 3 0 0.251295 226 100-aaaas 
10000 97 386 0.251295 0.00259067 100 100 0 14 0 0 3 0 0.251295 226 100-aaaas 
10100 97 386 0.251295 0.00259067 100 100 0 12 0 0 3 0 0.251295 226 100-aaaas 
10200 97 386 0.251295 0.00259067 100 100 0 12 0 0 3 0 0.251295 226 100-aaaas 
10300 97 386 0.251295 0.00259067 100 100 0 11 0 0 3 0 0.251295 226 100-aaaas 
10400 97 386 0.251295 0.00259067 100 100 0 11 0 0 3 0 0.251295 226 100-aaaas 
10500 97 386 0.251295 0.00259067 100 100 0 11 0 0 3 0 0.251295 226 100-aaaas 
10600 97 386 0.251295 0.00259067 100 100 0 11 0 0 3 0 0.251295 226 100-aaaas 
10700 97 386 0.251295 0.00259067 100 100 0 11 0 0 3 0 0.251295 226 100-aaaas 
10800 97 386 0.251295 0.00259067 100 100 0 13 0 0 3 0 0.251295 226 100-aaaas 
10900 97 386 0.251295 0.00259067 100 100 0 13 0 0 3 0 0.251295 226 100-aaaas 
11000 97 386 0.251295 0.00259067 100 100 0 13 0 0 3 0 0.251295 226 100-aaaas 
11100 97 386 0.251295 0.00259067 100 100 0 13 0 0 3 0 0.251295 226 100-aaaas 
11200 97 386 0.251295 0.00259067 100 100 0 13 0 0 3 0 0.251295 226 100-aaaas 
11300 97 386 0.251295 0.00259067 100 100 0 13 0 0 3 0 0.251295 226 100-aaaas 
11400 97 386 0.251295 0.00259067 100 100 0 15 0 0 3 0 0.251295 226 100-aaaas 
11500 97 386 0.251295 0.00259067 100 100 0 15 0 0 3 0 0.251295 226 100-aaaas 
11600 97 386 0.251295 0.00259067 100 100 0 13 0 0 3 0 0.251295 226 100-aaaas 
11700 97 386 0.251295 0.00259067 100 100 0 13 0 0 3 0 0.251295 226 100-aaaas 
11800 97 386 0.251295 0.00259067 100 100 0 13 0 0 3 0 0.251295 226 100-aaaas 
11900 97 386 0.251295 0.00259067 100 100 0 13 0 0 3 0 0.251295 226 100-aaaas 
12000 97 386 0.251295 0.00259067 100 100 0 13 0 0 3 0 0.251295 226 100-aaaas 
12100 97 386 0.251295 0.00259067 100 100 0 13 0 0 3 0 0.251295 226 100-aaaas 
12200 97 386 0.251295 0.00259067 100 100 0 15 0 0 3 0 0.251295 226 100-aaaas 
12300 97 386 0.251295 0.00259067 100 100 0 13 0 0 3 0 0.251295 226 100-aaaas 
12400 97 386 0.251295 0.00259067 100 100 0 12 0 0 3 0 0.251295 226 100-aaaas 
12500 97 386 0.251295 0.00259067 100 100 0 11 0 0 3 0 0.251295 226 100-aaaas 
12600 97 386 0.251295 0.00259067 100 100 0 10 0 0 3 0 0.251295 226 100-aaaas 
12700 97 386 0.251295 0.00259067 100 100 0 10 0 0 3 0 0.251295 226 100-aaaas 
12800 97 386 0.251295 0.00259067 100 100 0 9 0 0 3 0 0.251295 226 100-aaaas 
12900 97 386 0.251295 0.00259067 100 100 0 9 0 0 3 0 0.251295 226 100-aaaas 
13000 97 386 0.251295 0.00259067 100 100 0 9 0 0 3 0 0.251295 226 100-aaaas 
13100 97 386 0.251295 0.00259067 100 100 0 11 0 0 3 0 0.251295 226 100-aaaas 
13200 97 386 0.251295 0.00259067 100 100 0 12 0 0 3 0 0.251295 226 100-aaaas 
13300 97 386 0.251295 0.00259067 100 100 0 11 0 0 3 0 0.251295 226 100-aaaas 
13400 97 386 0.251295 0.00259067 100 100 0 11 0 0 3 0 0.251295 226 100-aaaas 
13500 97 386 0.251295 0.00259067 100 100 0 11 0 0 3 0 0.251295 226 100-aaaas 
13600 97 386 0.251295 0.00259067 100 100 0 10 0 0 3 0 0.251295 226 100-aaaas 
13700 97 386 0.251295 0.00259067 100 100 0 9 0 0 3 0 0.251295 226 100-aaaas 
13800 97 386 0.251295 0.00259067 100 100 0 9 0 0 3 0 0.251295 226 100-aaaas 
13900 97 386 0.251295 0.00259067 100 100 0 9 0 0 3 0 0.251295 226 100-aaaas 
14000 97 386 0.251295 0.00259067 100 100 0 9 0 0 3 0 0.251295 226 100-aaaas 
14100 97 386 0.251295 0.00259067 100 100 0 9 0 0 3 0 0.251295 226 100-aaaas 
14200 95 374 0.254011 0.0026738 99 99 0 7 0 0 7 0 0.254011 3110 099-aaabp 
14300 95 374 0.254011 0.0026738 99 99 0 7 0 0 7 0 0.254011 3110 099-aaabp 
14400 95 377 0.251989 0.00265252 98 98 0 7 0 0 6 0 0.251989 1748 098-aaaao 
14500 95 377 0.251989 0.00265252 98 98 0 7 0 0 6 0 0.251989 1748 098-aaaao 
14600 95 377 0.251989 0.00265252 98 98 0 7 0 0 6 0 0.251989 1748 098-aaaao 
14700 95 377 0.251989 0.00265252 98 98 0 7 0 0 6 0 0.251989 1748 098-aaaao 
14800 93 380 0.244737 0.00263158 100 100 0 8 0 0 7 0 0.244737 3118 100-aaadj 
14900 93 380 0.244737 0.00263158 100 100 0 7 0 0 7 0 0.244737 3118 100-aaadj 
15000 93 380 0.244737 0.00263158 100 100 0 7 0 0 7 0 0.244737 3118 100-aaadj 
15100 93 380 0.244737 0.00263158 100 100 0 7 0 0 7 0 0.244737 3118 100-aaadj 
15200 93 380 0.244737 0.00263158 100 100 0 7 0 0 7 0 0.244737 3118 100-aaadj 
15300 93 380 0.244737 0.00263158 100 100 0 8 0 0 7 0 0.244737 3118 100-aaadj 
15400 93 380 0.244737 0.00263158 100 100 0 8 0 0 7 0 0.244737 3118 100-aaadj 
15500 93 380 0.244737 0.00263158 100 100 0 8 0 0 7 0 0.244737 3118 100-aaadj 
15600 93 380 0.244737 0.00263158 100 100 0 7 0 0 7 0 0.244737 3118 100-aaadj 
15700 93 380 0.244737 0.00263158 100 100 0 7 0 0 7 0 0.244737 3118 100-aaadj 
15800 93 380 0.244737 0.00263158 100 100 0 8 0 0 7 0 0.244737 3118 100-aaadj 
15900 93 380 0.244737 0.00263158 100 100 0 8 0 0 7 0 0.244737 3118 100-aaadj 
16000 93 380 0.244737 0.00263158 100 100 0 7 0 0 7 0 0.244737 3118 100-aaadj 
16100 80336.2 446 180.126 0.00224215 119 119 0 9 0 0 52 0 255.861 15498 119-aaaaj 
16200 80336.2 446 180.126 0.00224215 119 119 0 8 0 0 52 0 255.861 15498 119-aaaaj 
16300 80336.2 446 180.126 0.00224215 119 119 0 8 0 0 52 0 255.861 15498 119-aaaaj 
16400 80336.2 446 180.126 0.00224215 119 119 0 7 0 0 52 0 255.861 15498 119-aaaaj 
16500 86 375 0.229333 0.00266667 101 101 0 7 0 0 8 0 0.229333 5887 101-aaaca 
16600 86 375 0.229333 0.00266667 101 101 0 7 0 0 8 0 0.229333 5887 101-aaaca 
16700 86 375 0.229333 0.00266667 101 101 0 7 0 0 8 0 0.229333 5887 101-aaaca 
16800 86 375 0.229333 0.00266667 101 101 0 7 0 0 8 0 0.229333 5887 101-aaaca 
16900 86 375 0.229333 0.00266667 101 101 0 7 0 0 8 0 0.229333 5887 101-aaaca 
17000 86 375 0.229333 0.00266667 101 101 0 7 0 0 8 0 0.229333 5887 101-aaaca 
17100 32982.7 447 73.7867 0.00223714 121 121 0 7 0 0 66 0 97.5749 17454 121-aaabp 
17200 86 375 0.229333 0.00266667 101 101 0 6 0 0 8 0 0.229333 5887 101-aaaca 
17300 86 375 0.229333 0.00266667 101 101 0 6 0 0 8 0 0.229333 5887 101-aaaca 
17400 86 375 0.229333 0.00266667 101 101 0 6 0 0 8 0 0.229333 5887 101-aaaca 
17500 86 375 0.229333 0.00266667 101 101 0 6 0 0 8 0 0.229333 5887 101-aaaca 
17600 86 375 0.229333 0.00266667 101 101 0 6 0 0 8 0 0.229333 5887 101-aaaca 
17700 86 375 0.229333 0.00266667 101 101 0 6 0 0 8 0 0.229333 5887 101-aaaca 
17800 86 375 0.229333 0.00266667 101 101 0 6 0 0 8 0 0.229333 5887 101-aaaca 
17900 86 375 0.229333 0.00266667 101 101 0 6 0 0 8 0 0.229333 5887 101-aaaca 
18000 86 375 0.229333 0.00266667 101 101 0 6 0 0 8 0 0.229333 5887 101-aaaca 
18100 86 375 0.229333 0.00266667 101 101 0 6 0 0 8 0 0.229333 5887 101-aaaca 
18200 86 375 0.229333 0.00266667 101 101 0 6 0 0 8 0 0.229333 5887 101-aaaca 
18300 86 375 0.229333 0.00266667 101 101 0 6 0 0 8 0 0.229333 5887 101-aaaca 
18400 86 375 0.229333 0.00266667 101 101 0 6 0 0 8 0 0.229333 5887 101-aaaca 
18500 68172.5 444 153.542 0.00225225 121 121 0 7 0 0 63 0 186.059 18853 121-aaacp 
18600 54161.5 448 120.896 0.00223214 121 121 0 7 0 0 68 0 129.723 21015 121-aaaei 
18700 86 375 0.229333 0.00266667 101 101 0 6 0 0 8 0 0.229333 5887 101-aaaca 
18800 86 375 0.229333 0.00266667 101 101 0 6 0 0 8 0 0.229333 5887 101-aaaca 
18900 86 375 0.229333 0.00266667 101 101 0 6 0 0 8 0 0.229333 5887 101-aaaca 
19000 51743 456 113.471 0.00219298 123 123 0 6 0 0 67 0 129.645 19812 123-aaacd 
19100 13884.7 454 30.583 0.00220264 123 123 0 7 0 0 39 0 65.2379 9256 123-aaaae 
19200 13884.7 454 30.583 0.00220264 123 123 0 7 0 0 39 0 65.2379 9256 123-aaaae 
19300 13884.7 454 30.583 0.00220264 123 123 0 7 0 0 39 0 65.2379 9256 123-aaaae 
19400 13884.7 454 30.583 0.00220264 123 123 0 7 0 0 39 0 65.2379 9256 123-aaaae 
19500 13884.7 454 30.583 0.00220264 123 123 0 7 0 0 39 0 65.2379 9256 123-aaaae 
19600 13884.7 454 30.583 0.00220264 123 123 0 7 0 0 39 0 65.2379 9256 123-aaaae 
19700 13884.7 454 30.583 0.00220264 123 123 0 7 0 0 39 0 65.2379 9256 123-aaaae 
19800 13884.7 454 30.583 0.00220264 123 123 0 7 0 0 39 0 65.2379 9256 123-aaaae 
19900 13884.7 454 30.583 0.00220264 123 123 0 7 0 0 39 0 65.2379 9256 123-aaaae 
20000 13884.7 454 30.583 0.00220264 123 123 0 7 0 0 39 0 65.2379 9256 123-aaaae 
20100 13884.7 454 30.583 0.00220264 123 123 0 7 0 0 39 0 65.2379 9256 123-aaaae 
20200 13884.7 454 30.583 0.00220264 123 123 0 7 0 0 39 0 65.2379 9256 123-aaaae 
20300 13884.7 454 30.583 0.00220264 123 123 0 7 0 0 39 0 65.2379 9256 123-aaaae 
20400 13884.7 454 30.583 0.00220264 123 123 0 7 0 0 39 0 65.2379 9256 123-aaaae 
20500 13884.7 454 30.583 0.00220264 123 123 0 7 0 0 39 0 65.2379 9256 123-aaaae 
20600 68951.3 453 152.21 0.00220751 124 124 0 8 1 1 74 0 195.625 25487 124-aaaax 
20700 68951.3 453 152.21 0.00220751 124 124 0 8 0 0 74 0 195.625 25487 124-aaaax 
20800 13884.7 454 30.583 0.00220264 123 123 0 7 0 0 39 0 65.2379 9256 123-aaaae 
20900 13884.7 454 30.583 0.00220264 123 123 0 7 0 0 39 0 65.2379 9256 123-aaaae 
21000 13884.7 454 30.583 0.00220264 123 123 0 7 0 0 39 0 65.2379 9256 123-aaaae 
21100 13884.7 454 30.583 0.00220264 123 123 0 7 0 0 39 0 65.2379 9256 123-aaaae 
21200 13884.7 454 30.583 0.00220264 123 123 0 7 0 0 39 0 65.2379 9256 123-aaaae 
21300 66493 454 146.46 0.00220264 124 124 0 7 0 0 76 0 195.194 27111 124-aaabg 
21400 71519 457 156.497 0.00218818 125 125 0 7 0 0 76 0 195.556 26626 125-aaaao 
21500 69535.7 457 152.157 0.00218818 125 125 0 7 0 0 76 0 195.556 26626 125-aaaao 
21600 69535.7 457 152.157 0.00218818 125 125 0 7 0 0 76 0 195.556 26626 125-aaaao 
21700 69535.7 457 152.157 0.00218818 125 125 0 8 0 0 76 0 195.556 26626 125-aaaao 
21800 70071.7 457 153.33 0.00218818 125 125 0 8 0 0 76 0 195.556 26626 125-aaaao 
21900 72764.3 457 159.222 0.00218818 125 125 0 7 0 0 76 0 195.556 26626 125-aaaao 
22000 61796.3 449 137.631 0.00222717 122 122 0 6 0 0 73 0 228.267 26080 122-aaahe 
22100 62712 449 139.67 0.00222717 122 122 0 6 0 0 73 0 228.267 26080 122-aaahe 
22200 51904.7 432 120.15 0.00231481 118 118 0 6 0 0 77 0 131.049 28259 118-aaaar 
22300 33544.5 438 76.5856 0.00228311 120 120 0 6 0 0 71 0 91.8539 27920 120-aaagv 
22400 51005.5 448 113.852 0.00223214 123 123 0 7 0 0 81 0 131.96 27704 123-aaafb 
22500 58870 456 129.101 0.00219298 125 124.75 0 7 0 0 80 0 197.632 29259 125-aaaax 
22600 58870 456 129.101 0.00219298 125 124.75 0 7 0 0 80 0 197.632 29259 125-aaaax 
22700 58870 456 129.101 0.00219298 125 124.75 0 6 0 0 80 0 197.632 29259 125-aaaax 
22800 52145.4 446 116.918 0.00224215 121 121 0 6 0 0 80 0 130.305 28460 121-aaaiw 
22900 50689.4 448 113.146 0.00223214 123 123 0 7 0 0 82 0 131.96 30320 123-aaafu 
23000 50689.4 448 113.146 0.00223214 123 123 0 7 0 0 82 0 131.96 30320 123-aaafu 
23100 50689.4 448 113.146 0.00223214 123 123 0 7 0 0 82 0 131.96 30320 123-aaafu 
23200 52562.4 448 117.327 0.00223214 123 123 0 6 0 0 82 0 131.96 30320 123-aaafu 
23300 52907.5 448 118.097 0.00223214 123 123 0 6 0 0 82 0 131.96 30320 123-aaafu 
23400 52907.5 448 118.097 0.00223214 123 123 0 6 0 0 82 0 131.96 30320 123-aaafu 
23500 51448 448 114.839 0.00223214 123 123 0 8 0 0 82 0 131.96 30320 123-aaafu 
23600 51448 448 114.839 0.00223214 123 123 0 8 0 0 82 0 131.96 30320 123-aaafu 
23700 51448 448 114.839 0.00223214 123 123 0 8 0 0 82 0 131.96 30320 123-aaafu 
23800 70616.6 451.577 156.445 0.00221446 123 123 0 8 0 0 74 0 257.463 29994 123-aaafx 
23900 68714.8 451.607 152.222 0.00221432 123 123 0 7 0 0 74 0 257.463 29994 123-aaafx 
24000 68714.8 451.607 152.222 0.00221432 123 123 0 7 0 0 74 0 257.463 29994 123-aaafx 
24100 52152.7 448 116.412 0.00223214 123 123 0 8 0 0 82 0 131.96 30320 123-aaafu 
24200 52152.7 448 116.412 0.00223214 123 123 0 7 0 0 82 0 131.96 30320 123-aaafu 
24300 51743 448 115.498 0.00223214 123 123 0 7 0 0 82 0 131.96 30320 123-aaafu 
24400 51391.8 448 114.714 0.00223214 123 123 0 8 0 0 82 0 131.96 30320 123-aaafu 
24500 51391.8 448 114.714 0.00223214 123 123 0 8 0 0 82 0 131.96 30320 123-aaafu 
24600 51743 448 115.498 0.00223214 123 123 0 8 0 0 82 0 131.96 30320 123-aaafu 
24700 51969.3 454 114.47 0.00220264 124 124 0 7 0 0 79 0 129.112 34843 124-aaadm 
24800 53754.4 452 118.926 0.00221239 124 124 0 7 0 0 80 0 130.792 31277 124-aaack 
24900 63337.8 457 138.595 0.00218818 125 125 0 7 0 0 81 0 228.105 33577 125-aaabk 
25000 66733.1 457 146.024 0.00218818 125 125 0 6 0 0 81 0 228.105 33577 125-aaabk 
25100 69345 457 151.74 0.00218818 125 125 0 7 0 0 81 0 228.105 33577 125-aaabk 
25200 50701.5 433 117.094 0.00230947 118 118 0 6 0 0 82 0 131.903 33739 118-aaaax 
25300 72014.8 457 157.582 0.00218818 125 125 0 6 0 0 82 0 195.556 33854 125-aaabm 
25400 65787.9 441 149.179 0.00226757 120 120 0 5 0 0 78 0 226.449 34558 120-aaajo 
25500 53742 444 121.041 0.00225225 122 122.095 0 6 0 0 86 0 230.838 34988 122-aaakd 
25600 72094.8 457 157.757 0.00218818 125 125 0 6 0 0 82 0 195.556 33854 125-aaabm 
25700 72094.8 457 157.757 0.00218818 125 125 0 6 0 0 82 0 195.556 33854 125-aaabm 
25800 47241 455 103.826 0.0021978 124 124 0 6 0 0 80 0 159.596 36674 124-aaafd 
25900 50492 446 113.211 0.00224215 123 123 0 7 0 0 82 0 131.428 35795 123-aaaho 
26000 50919.6 446 114.17 0.00224215 123 123 0 7 0 0 82 0 131.428 35795 123-aaaho 
26100 50919.6 446 114.17 0.00224215 123 123 0 7 0 0 82 0 131.428 35795 123-aaaho 
26200 50919.6 446 114.17 0.00224215 123 123 0 7 0 0 82 0 131.428 35795 123-aaaho 
26300 50919.6 446 114.17 0.00224215 123 123 0 7 0 0 82 0 131.428 35795 123-aaaho 
26400 50919.6 446 114.17 0.00224215 123 123 0 7 0 0 82 0 131.428 35795 123-aaaho 
26500 50919.6 446 114.17 0.00224215 123 123 0 7 0 0 82 0 131.428 35795 123-aaaho 
26600 54324.2 452 120.186 0.00221239 124 124 0 7 0 0 80 0 130.792 31277 124-aaack 
26700 52258.3 446 117.171 0.00224215 123 123 0 7 0 0 82 0 131.428 35795 123-aaaho 
26800 51913.9 446 116.399 0.00224215 123 123 0 7 0 0 82 0 131.428 35795 123-aaaho 
26900 51913.9 446 116.399 0.00224215 123 123 0 7 0 0 82 0 131.428 35795 123-aaaho 
27000 51913.9 446 116.399 0.00224215 123 123 0 7 0 0 82 0 131.428 35795 123-aaaho 
27100 51913.9 446 116.399 0.00224215 123 123 0 7 0 0 82 0 131.428 35795 123-aaaho 
27200 51913.9 446 116.399 0.00224215 123 123 0 7 0 0 82 0 131.428 35795 123-aaaho 
27300 51913.9 446 116.399 0.00224215 123 123 0 7 0 0 82 0 131.428 35795 123-aaaho 
27400 51913.9 446 116.399 0.00224215 123 123 0 7 0 0 82 0 131.428 35795 123-aaaho 
27500 51913.9 446 116.399 0.00224215 123 123 0 7 0 0 82 0 131.428 35795 123-aaaho 
27600 51913.9 446 116.399 0.00224215 123 123 0 7 0 0 82 0 131.428 35795 123-aaaho 
27700 51913.9 446 116.399 0.00224215 123 123 0 7 0 0 82 0 131.428 35795 123-aaaho 
27800 51913.9 446 116.399 0.00224215 123 123 0 7 0 0 82 0 131.428 35795 123-aaaho 
27900 51913.9 446 116.399 0.00224215 123 123 0 7 0 0 82 0 131.428 35795 123-aaaho 
28000 51913.9 446 116.399 0.00224215 123 123 0 7 0 0 82 0 131.428 35795 123-aaaho 
28100 51913.9 446 116.399 0.00224215 123 123 0 7 0 0 82 0 131.428 35795 123-aaaho 
28200 3.07869e+06 1676 1836.93 0.000596659 109 109 0 7 0 0 94 0 2537.35 44828 109-aaadb 
28300 51913.9 446 116.399 0.00224215 123 123 0 7 0 0 82 0 131.428 35795 123-aaaho 
28400 3.04175e+06 1676 1814.89 0.000596659 109 109 0 8 0 0 94 0 2537.35 44828 109-aaadb 
28500 3.18014e+06 1676 1897.46 0.000596659 109 109 0 10 0 0 94 0 2537.35 44828 109-aaadb 
28600 3.2579e+06 1676 1943.85 0.000596659 109 109 0 10 0 0 94 0 2537.35 44828 109-aaadb 
28700 3.06189e+06 1676 1826.9 0.000596659 109 109 0 8 0 0 94 0 2537.35 44828 109-aaadb 
28800 3.06189e+06 1676 1826.9 0.000596659 109 109 0 7 0 0 94 0 2537.35 44828 109-aaadb 
28900 3.06189e+06 1676 1826.9 0.000596659 109 109 0 7 0 0 94 0 2537.35 44828 109-aaadb 
29000 3.14365e+06 1676 1875.69 0.000596659 109 109 0 7 0 0 94 0 2537.35 44828 109-aaadb 
29100 3.4341e+06 1514 2268.23 0.000660502 109 109 0 8 0 0 93 0 3533.75 45693 109-aaaeo 
29200 3.1076e+06 1676 1854.18 0.000596659 109 109 0 8 0 0 94 0 2537.35 44828 109-aaadb 
29300 3.1076e+06 1676 1854.18 0.000596659 109 109 0 8 0 0 94 0 2537.35 44828 109-aaadb 
29400 3.13723e+06 1676 1871.86 0.000596659 109 109 0 13 0 0 94 0 2537.35 44828 109-aaadb 
29500 3.13723e+06 1676 1871.86 0.000596659 109 109 0 13 0 0 94 0 2537.35 44828 109-aaadb 
29600 3.16885e+06 1676 1890.72 0.000596659 109 109 0 13 0 0 94 0 2537.35 44828 109-aaadb 
29700 3.17674e+06 1676 1895.43 0.000596659 109 109 0 11 0 0 94 0 2537.35 44828 109-aaadb 
29800 3.15265e+06 1676 1881.06 0.000596659 109 109 0 12 0 0 94 0 2537.35 44828 109-aaadb 
29900 3.13145e+06 1676 1868.41 0.000596659 109 109 0 12 0 0 94 0 2537.35 44828 109-aaadb 
30000 3.13145e+06 1676 1868.41 0.000596659 109 109 0 11 0 0 94 0 2537.35 44828 109-aaadb 
30100 3.19416e+06 1676 1905.82 0.000596659 109 109 0 12 0 0 94 0 2537.35 44828 109-aaadb 
30200 3.19416e+06 1676 1905.82 0.000596659 109 109 0 10 0 0 94 0 2537.35 44828 109-aaadb 
30300 3.15233e+06 1676 1880.86 0.000596659 109 109 0 11 0 0 94 0 2537.35 44828 109-aaadb 
30400 3.14407e+06 1676 1875.94 0.000596659 109 109 0 11 0 0 94 0 2537.35 44828 109-aaadb 
30500 3.14407e+06 1676 1875.94 0.000596659 109 109 0 11 0 0 94 0 2537.35 44828 109-aaadb 
30600 3.17771e+06 1676 1896.01 0.000596659 109 109 0 8 0 0 94 0 2537.35 44828 109-aaadb 
30700 3.18078e+06 1676 1897.84 0.000596659 109 109 0 8 0 0 94 0 2537.35 44828 109-aaadb 
30800 3.18078e+06 1676 1897.84 0.000596659 109 109 0 8 0 0 94 0 2537.35 44828 109-aaadb 
30900 3.37078e+06 1705 1977 0.00058651 109 109 0 7 0 0 99 0 2189.94 47438 109-aaahw 
31000 3.37078e+06 1705 1977 0.00058651 109 109 0 7 0 0 99 0 2189.94 47438 109-aaahw 
31100 3.37078e+06 1705 1977 0.00058651 109 109 0 7 0 0 99 0 2189.94 47438 109-aaahw 
31200 3.40393e+06 1705 1996.44 0.00058651 109 109 0 11 0 0 99 0 2189.94 47438 109-aaahw 
31300 3.40393e+06 1705 1996.44 0.00058651 109 109 0 11 0 0 99 0 2189.94 47438 109-aaahw 
31400 3.40393e+06 1705 1996.44 0.00058651 109 109 0 11 0 0 99 0 2189.94 47438 109-aaahw 
31500 3.4139e+06 1704 2003.46 0.000586854 109 109 0 11 0 0 98 0 2426.12 47148 109-aaaim 
31600 3.4139e+06 1704 2003.46 0.000586854 109 109 0 11 0 0 98 0 2426.12 47148 109-aaaim 
31700 3.42308e+06 1704 2008.85 0.000586854 109 109 0 9 0 0 98 0 2426.12 47148 109-aaaim 
31800 3.47915e+06 1704 2041.76 0.000586854 109 109 0 8 0 0 98 0 2426.12 47148 109-aaaim 
31900 5.0936e+06 1622 3140.32 0.000616523 109 109 0 9 0 0 96 0 5186.95 47446 109-aaaiz 
32000 5.17362e+06 1622 3189.66 0.000616523 109 109 0 10 0 0 96 0 5186.95 47446 109-aaaiz 
32100 5.4592e+06 1622 3365.72 0.000616523 109 109 0 9 0 0 96 0 5186.95 47446 109-aaaiz 
32200 3.77691e+06 1677 2252.18 0.000596303 109 109 0 10 0 0 96 0 3373.8 47109 109-aaagy 
32300 3.77691e+06 1677 2252.18 0.000596303 109 109 0 10 0 0 96 0 3373.8 47109 109-aaagy 
32400 3.77691e+06 1677 2252.18 0.000596303 109 109 0 10 0 0 96 0 3373.8 47109 109-aaagy 
32500 3.77691e+06 1677 2252.18 0.000596303 109 109 0 9 0 0 96 0 3373.8 47109 109-aaagy 
32600 3.89518e+06 1677 2322.71 0.000596303 109 109 0 12 0 0 96 0 3373.8 47109 109-aaagy 
32700 3.91345e+06 1677 2333.6 0.000596303 109 109 0 11 0 0 96 0 3373.8 47109 109-aaagy 
32800 3.91345e+06 1677 2333.6 0.000596303 109 109 0 11 0 0 96 0 3373.8 47109 109-aaagy 
32900 4.88178e+06 1622 3009.73 0.000616523 109 109 0 9 0 0 96 0 5186.95 47446 109-aaaiz 
33000 4.88178e+06 1622 3009.73 0.000616523 109 109 0 9 0 0 96 0 5186.95 47446 109-aaaiz 
33100 3.42404e+06 1705 2008.23 0.00058651 109 109 0 7 0 0 99 0 2273.01 47438 109-aaahw 
33200 3.42404e+06 1705 2008.23 0.00058651 109 109 0 7 0 0 99 0 2273.01 47438 109-aaahw 
33300 3.44284e+06 1705 2019.26 0.00058651 109 109 0 9 0 0 99 0 2273.01 47438 109-aaahw 
33400 3.44858e+06 1705 2022.63 0.00058651 109 109 0 10 0 0 99 0 2273.01 47438 109-aaahw 
33500 3.44858e+06 1705 2022.63 0.00058651 109 109 0 10 0 0 99 0 2273.01 47438 109-aaahw 
33600 3.44202e+06 1705 2018.78 0.00058651 109 109 0 11 0 0 99 0 2273.01 47438 109-aaahw 
33700 3.43278e+06 1705 2013.36 0.00058651 109 109 0 11 0 0 99 0 2273.01 47438 109-aaahw 
33800 3.43365e+06 1705 2013.87 0.00058651 109 109 0 10 0 0 99 0 2273.01 47438 109-aaahw 
33900 3.43365e+06 1705 2013.87 0.00058651 109 109 0 10 0 0 99 0 2273.01 47438 109-aaahw 
34000 3.43365e+06 1705 2013.87 0.00058651 109 109 0 9 0 0 99 0 2273.01 47438 109-aaahw 
34100 4.08198e+06 1677 2434.1 0.000596303 109 109 0 8 0 0 94 0 2903.69 50042 109-aaaol 
34200 4.08198e+06 1677 2434.1 0.000596303 109 109 0 8 0 0 94 0 2903.69 50042 109-aaaol 
34300 4.08198e+06 1677 2434.1 0.000596303 109 109 0 8 0 0 94 0 2903.69 50042 109-aaaol 
34400 3.85377e+06 1677 2298.02 0.000596303 109 109 0 10 0 0 94 0 2903.69 50042 109-aaaol 
34500 3.85377e+06 1677 2298.02 0.000596303 109 109 0 9 0 0 94 0 2903.69 50042 109-aaaol 
34600 3.85377e+06 1677 2298.02 0.000596303 109 109 0 9 0 0 94 0 2903.69 50042 109-aaaol 
34700 3.85377e+06 1677 2298.02 0.000596303 109 109 0 9 0 0 94 0 2903.69 50042 109-aaaol 
34800 3.85377e+06 1677 2298.02 0.000596303 109 109 0 9 0 0 94 0 2903.69 50042 109-aaaol 
34900 3.85078e+06 1677 2296.23 0.000596303 109 109 0 8 0 0 94 0 2903.69 50042 109-aaaol 
35000 3.85078e+06 1677 2296.23 0.000596303 109 109 0 8 0 0 94 0 2903.69 50042 109-aaaol 
35100 3.85078e+06 1677 2296.23 0.000596303 109 109 0 8 0 0 94 0 2903.69 50042 109-aaaol 
35200 3.85078e+06 1677 2296.23 0.000596303 109 109 0 8 0 0 94 0 2903.69 50042 109-aaaol 
35300 3.84376e+06 1677 2292.05 0.000596303 109 109 0 8 0 0 94 0 2903.69 50042 109-aaaol 
35400 3.81976e+06 1677 2277.73 0.000596303 109 109 0 9 0 0 94 0 2903.69 50042 109-aaaol 
35500 3.81976e+06 1677 2277.73 0.000596303 109 109 0 9 0 0 94 0 2903.69 50042 109-aaaol 
35600 3.81976e+06 1677 2277.73 0.000596303 109 109 0 9 0 0 94 0 2903.69 50042 109-aaaol 
35700 3.81976e+06 1677 2277.73 0.000596303 109 109 0 9 0 0 94 0 2903.69 50042 109-aaaol 
35800 3.81976e+06 1677 2277.73 0.000596303 109 109 0 9 0 0 94 0 2903.69 50042 109-aaaol 
35900 3.83214e+06 1677 2285.11 0.000596303 109 109 0 10 0 0 94 0 2903.69 50042 109-aaaol 
36000 2.63843e+06 1097 2405.13 0.000911577 109 109 0 12 0 0 98 0 2796.81 49747 109-aaaob 
36100 2.63843e+06 1097 2405.13 0.000911577 109 109 0 12 0 0 98 0 2796.81 49747 109-aaaob 
36200 2.63843e+06 1097 2405.13 0.000911577 109 109 0 12 0 0 98 0 2796.81 49747 109-aaaob 
36300 2.63843e+06 1097 2405.13 0.000911577 109 109 0 11 0 0 98 0 2796.81 49747 109-aaaob 
36400 2.63843e+06 1097 2405.13 0.000911577 109 109 0 9 0 0 98 0 2796.81 49747 109-aaaob 
36500 2.63633e+06 1097 2403.22 0.000911577 109 109 0 7 0 0 98 0 2796.81 49747 109-aaaob 
36600 3.82425e+06 1779 2149.66 0.000562114 109 109 0 9 0 0 96 0 3169.96 48299 109-aaajy 
36700 3.8069e+06 1779 2139.91 0.000562114 109 109 0 9 0 0 96 0 3169.96 48299 109-aaajy 
36800 3.8069e+06 1779 2139.91 0.000562114 109 109 0 9 0 0 96 0 3169.96 48299 109-aaajy 
36900 3.8069e+06 1779 2139.91 0.000562114 109 109 0 9 0 0 96 0 3169.96 48299 109-aaajy 
37000 3.8069e+06 1779 2139.91 0.000562114 109 109 0 9 0 0 96 0 3169.96 48299 109-aaajy 
37100 3.8069e+06 1779 2139.91 0.000562114 109 109 0 9 0 0 96 0 3169.96 48299 109-aaajy 
37200 3.73914e+06 1779 2101.82 0.000562114 109 109 0 6 0 0 96 0 3169.96 48299 109-aaajy 
37300 54108 437 123.817 0.00228833 121 121 0 6 0 0 72 0 216.494 37216 121-aaanf 
37400 54108 437 123.817 0.00228833 121 121 0 6 0 0 72 0 216.494 37216 121-aaanf 
37500 54108 437 123.817 0.00228833 121 121 0 6 0 0 72 0 216.494 37216 121-aaanf 
37600 54108 437 123.817 0.00228833 121 121 0 6 0 0 72 0 216.494 37216 121-aaanf 
37700 54108 437 123.817 0.00228833 121 121 0 6 0 0 72 0 216.494 37216 121-aaanf 
37800 3.40087e+06 1513 2247.77 0.000660939 109 109 0 8 0 0 102 0 2386.55 51100 109-aaarm 
37900 3.39811e+06 1513 2245.94 0.000660939 109 109 0 8 0 0 102 0 2386.55 51100 109-aaarm 
38000 3.39811e+06 1513 2245.94 0.000660939 109 109 0 7 0 0 102 0 2386.55 51100 109-aaarm 
38100 3.39811e+06 1513 2245.94 0.000660939 109 109 0 7 0 0 102 0 2386.55 51100 109-aaarm 
38200 3.39811e+06 1513 2245.94 0.000660939 109 109 0 7 0 0 102 0 2386.55 51100 109-aaarm 
38300 2.08781e+06 1678.74 1243.68 0.000595685 109 109 0 8 0 0 99 0 1269.87 49628 109-aaany 
38400 2.08781e+06 1678.74 1243.68 0.000595685 109 109 0 8 0 0 99 0 1269.87 49628 109-aaany 
38500 3.3731e+06 1513 2229.41 0.000660939 109 109 0 8 0 0 102 0 2386.55 51100 109-aaarm 
38600 2.08781e+06 1678.74 1243.68 0.000595685 109 109 0 8 0 0 99 0 1269.87 49628 109-aaany 
38700 2.08781e+06 1678.74 1243.68 0.000595685 109 109 0 8 0 0 99 0 1269.87 49628 109-aaany 
38800 2.08781e+06 1678.74 1243.68 0.000595685 109 109 0 8 0 0 99 0 1269.87 49628 109-aaany 
38900 2.08781e+06 1678.74 1243.68 0.000595685 109 109 0 8 0 0 99 0 1269.87 49628 109-aaany 
39000 2.08781e+06 1678.74 1243.68 0.000595685 109 109 0 8 0 0 99 0 1269.87 49628 109-aaany 
39100 2.08781e+06 1678.74 1243.68 0.000595685 109 109 0 8 0 0 99 0 1269.87 49628 109-aaany 
39200 2.08781e+06 1678.74 1243.68 0.000595685 109 109 0 8 0 0 99 0 1269.87 49628 109-aaany 
39300 2.08781e+06 1678.74 1243.68 0.000595685 109 109 0 8 0 0 99 0 1269.87 49628 109-aaany 
39400 2.08781e+06 1678.74 1243.68 0.000595685 109 109 0 8 0 0 99 0 1269.87 49628 109-aaany 
39500 3.28671e+06 1513 2172.31 0.000660939 109 109 0 7 0 0 96 0 2462.06 51489 109-aaarl 
39600 3.88868e+06 1677 2318.83 0.000596303 109 109 0 8 0 0 96 0 2754.98 51354 109-aaarz 
39700 3.88868e+06 1677 2318.83 0.000596303 109 109 0 8 0 0 96 0 2754.98 51354 109-aaarz 
39800 3.88868e+06 1677 2318.83 0.000596303 109 109 0 8 0 0 96 0 2754.98 51354 109-aaarz 
39900 3.88868e+06 1677 2318.83 0.000596303 109 109 0 8 0 0 96 0 2754.98 51354 109-aaarz 
40000 3.88868e+06 1677 2318.83 0.000596303 109 109 0 8 0 0 96 0 2754.98 51354 109-aaarz 
40100 3.88868e+06 1677 2318.83 0.000596303 109 109 0 8 0 0 96 0 2754.98 51354 109-aaarz 
40200 3.88868e+06 1677 2318.83 0.000596303 109 109 0 8 0 0 96 0 2754.98 51354 109-aaarz 
40300 3.82811e+06 1677 2282.72 0.000596303 109 109 0 9 0 0 96 0 2754.98 51354 109-aaarz 
40400 3.82637e+06 1677 2281.68 0.000596303 109 109 0 9 0 0 96 0 2754.98 51354 109-aaarz 
40500 3.82637e+06 1677 2281.68 0.000596303 109 109 0 9 0 0 96 0 2754.98 51354 109-aaarz 
40600 3.82637e+06 1677 2281.68 0.000596303 109 109 0 9 0 0 96 0 2754.98 51354 109-aaarz 
40700 3.82637e+06 1677 2281.68 0.000596303 109 109 0 9 0 0 96 0 2754.98 51354 109-aaarz 
40800 3.82637e+06 1677 2281.68 0.000596303 109 109 0 9 0 0 96 0 2754.98 51354 109-aaarz 
40900 3.82637e+06 1677 2281.68 0.000596303 109 109 0 9 0 0 96 0 2754.98 51354 109-aaarz 
41000 3.82637e+06 1677 2281.68 0.000596303 109 109 0 9 0 0 96 0 2754.98 51354 109-aaarz 
41100 3.83581e+06 1677 2287.3 0.000596303 109 109 0 8 0 0 96 0 2754.98 51354 109-aaarz 
41200 2.78059e+06 1101 2525.51 0.000908265 109 109 0 7 0 0 97 0 2861.13 55174 109-aaazc 
41300 2.75143e+06 1101 2499.03 0.000908265 109 109 0 7 0 0 97 0 2861.13 55174 109-aaazc 
41400 3.84517e+06 1677 2292.89 0.000596303 109 109 0 7 0 0 96 0 2754.98 51354 109-aaarz 
41500 3.84517e+06 1677 2292.89 0.000596303 109 109 0 7 0 0 96 0 2754.98 51354 109-aaarz 
41600 3.84517e+06 1677 2292.89 0.000596303 109 109 0 7 0 0 96 0 2754.98 51354 109-aaarz 
41700 3.84517e+06 1677 2292.89 0.000596303 109 109 0 7 0 0 96 0 2754.98 51354 109-aaarz 
41800 3.84517e+06 1677 2292.89 0.000596303 109 109 0 7 0 0 96 0 2754.98 51354 109-aaarz 
41900 3.84682e+06 1677 2293.87 0.000596303 109 109 0 7 0 0 96 0 2754.98 51354 109-aaarz 
42000 3.86673e+06 1677 2305.74 0.000596303 109 109 0 7 0 0 96 0 2754.98 51354 109-aaarz 
42100 4.4254e+06 1385 3195.23 0.000722022 109 109 0 7 0 0 105 0 3601.16 54995 109-aaazb 
42200 4.4254e+06 1385 3195.23 0.000722022 109 109 0 7 0 0 105 0 3601.16 54995 109-aaazb 
42300 4.4254e+06 1385 3195.23 0.000722022 109 109 0 7 0 0 105 0 3601.16 54995 109-aaazb 
42400 4.4254e+06 1385 3195.23 0.000722022 109 109 0 7 0 0 105 0 3601.16 54995 109-aaazb 
42500 4.4254e+06 1385 3195.23 0.000722022 109 109 0 7 0 0 105 0 3601.16 54995 109-aaazb 
42600 4.38971e+06 1385 3169.47 0.000722022 109 109 0 8 0 0 105 0 3601.16 54995 109-aaazb 
42700 4.51328e+06 1565 2883.89 0.000638978 109 109 0 7 0 0 105 0 3849.51 52795 109-aaats 
42800 4.51328e+06 1565 2883.89 0.000638978 109 109 0 7 0 0 105 0 3849.51 52795 109-aaats 
42900 52758 437 120.728 0.00228833 121 121 0 8 0 0 72 0 216.494 37216 121-aaanf 
43000 52758 437 120.728 0.00228833 121 121 0 8 0 0 72 0 216.494 37216 121-aaanf 
43100 52758 437 120.728 0.00228833 121 121 0 8 0 0 72 0 216.494 37216 121-aaanf 
43200 52758 437 120.728 0.00228833 121 121 0 8 0 0 72 0 216.494 37216 121-aaanf 
43300 51536.6 437 117.933 0.00228833 121 121 0 7 0 0 72 0 216.494 37216 121-aaanf 
43400 4.28957e+06 1385 3097.17 0.000722022 109 109 0 8 0 0 105 0 3601.16 54995 109-aaazb 
43500 4.28957e+06 1385 3097.17 0.000722022 109 109 0 8 0 0 105 0 3601.16 54995 109-aaazb 
43600 4.28957e+06 1385 3097.17 0.000722022 109 109 0 8 0 0 105 0 3601.16 54995 109-aaazb 
43700 4.28957e+06 1385 3097.17 0.000722022 109 109 0 7 0 0 105 0 3601.16 54995 109-aaazb 
43800 4.28957e+06 1385 3097.17 0.000722022 109 109 0 7 0 0 105 0 3601.16 54995 109-aaazb 
43900 4.28957e+06 1385 3097.17 0.000722022 109 109 0 7 0 0 105 0 3601.16 54995 109-aaazb 
44000 4.33823e+06 1385 3132.29 0.000722022 109 109 0 7 0 0 105 0 3636.62 54995 109-aaazb 
44100 4.37214e+06 1385 3156.78 0.000722022 109 109 0 8 0 0 105 0 3636.62 54995 109-aaazb 
44200 4.37214e+06 1385 3156.78 0.000722022 109 109 0 7 0 0 105 0 3636.62 54995 109-aaazb 
44300 4.37214e+06 1385 3156.78 0.000722022 109 109 0 7 0 0 105 0 3636.62 54995 109-aaazb 
44400 4.37214e+06 1385 3156.78 0.000722022 109 109 0 7 0 0 105 0 3636.62 54995 109-aaazb 
44500 4.37214e+06 1385 3156.78 0.000722022 109 109 0 7 0 0 105 0 3636.62 54995 109-aaazb 
44600 51536.6 437 117.933 0.00228833 121 121 0 7 0 0 72 0 216.494 37216 121-aaanf 
44700 51536.6 437 117.933 0.00228833 121 121 0 7 0 0 72 0 216.494 37216 121-aaanf 
44800 3.85113e+06 1677 2296.44 0.000596303 109 109 0 7 0 0 96 0 2754.98 51354 109-aaarz 
44900 3.85113e+06 1677 2296.44 0.000596303 109 109 0 7 0 0 96 0 2754.98 51354 109-aaarz 
45000 3.85113e+06 1677 2296.44 0.000596303 109 109 0 7 0 0 96 0 2754.98 51354 109-aaarz 
45100 3.85113e+06 1677 2296.44 0.000596303 109 109 0 7 0 0 96 0 2754.98 51354 109-aaarz 
45200 3.85113e+06 1677 2296.44 0.000596303 109 109 0 7 0 0 96 0 2754.98 51354 109-aaarz 
45300 3.85113e+06 1677 2296.44 0.000596303 109 109 0 7 0 0 96 0 2754.98 51354 109-aaarz 
45400 3.85113e+06 1677 2296.44 0.000596303 109 109 0 7 0 0 96 0 2754.98 51354 109-aaarz 
45500 4.56628e+06 1566 2915.89 0.00063857 109 109 0 7 0 0 104 0 3277.13 57859 109-aabeq 
45600 4.56628e+06 1566 2915.89 0.00063857 109 109 0 7 0 0 104 0 3277.13 57859 109-aabeq 
45700 4.00929e+06 1441 2782.3 0.000693963 109 109 0 7 0 0 108 0 2996.43 59501 109-aabgr 
45800 3.97777e+06 1441 2760.42 0.000693963 109 109 0 6 0 0 108 0 2996.43 59501 109-aabgr 
45900 3.97777e+06 1441 2760.42 0.000693963 109 109 0 6 0 0 108 0 2996.43 59501 109-aabgr 
46000 3.97777e+06 1441 2760.42 0.000693963 109 109 0 6 0 0 108 0 2996.43 59501 109-aabgr 
46100 4.35932e+06 1385 3147.52 0.000722022 109 109 0 8 0 0 105 0 3636.62 54995 109-aaazb 
46200 4.35281e+06 1385 3142.83 0.000722022 109 109 0 9 0 0 105 0 3636.62 54995 109-aaazb 
46300 4.35281e+06 1385 3142.83 0.000722022 109 109 0 9 0 0 105 0 3636.62 54995 109-aaazb 
46400 4.35281e+06 1385 3142.83 0.000722022 109 109 0 9 0 0 105 0 3636.62 54995 109-aaazb 
46500 4.35281e+06 1385 3142.83 0.000722022 109 109 0 9 0 0 105 0 3636.62 54995 109-aaazb 
46600 4.35281e+06 1385 3142.83 0.000722022 109 109 0 9 0 0 105 0 3636.62 54995 109-aaazb 
46700 4.35281e+06 1385 3142.83 0.000722022 109 109 0 9 0 0 105 0 3636.62 54995 109-aaazb 
46800 4.32768e+06 1385 3124.68 0.000722022 109 109 0 9 0 0 105 0 3636.62 54995 109-aaazb 
46900 4.32435e+06 1385 3122.27 0.000722022 109 109 0 8 0 0 105 0 3636.62 54995 109-aaazb 
47000 4.33503e+06 1385 3129.99 0.000722022 109 109 0 7 0 0 105 0 3636.62 54995 109-aaazb 
47100 4.38149e+06 1543 2839.59 0.000648088 109 109 0 8 0 0 102 0 3043.81 50130 109-aaaow 
47200 4.51554e+06 1565 2885.33 0.000638978 109 109 0 7 1 1 105 0 3849.51 52795 109-aaats 
47300 4.33503e+06 1385 3129.99 0.000722022 109 109 0 7 0 0 105 0 3636.62 54995 109-aaazb 
47400 4.33503e+06 1385 3129.99 0.000722022 109 109 0 7 0 0 105 0 3636.62 54995 109-aaazb 
47500 4.33503e+06 1385 3129.99 0.000722022 109 109 0 7 0 0 105 0 3636.62 54995 109-aaazb 
47600 4.74825e+06 1514 3136.23 0.000660502 109 109 0 6 0 0 107 0 3208.62 58332 109-aabeo 
47700 4.32681e+06 1385 3124.05 0.000722022 109 109 0 7 0 0 105 0 3636.62 54995 109-aaazb 
47800 4.32681e+06 1385 3124.05 0.000722022 109 109 0 7 0 0 105 0 3636.62 54995 109-aaazb 
47900 4.32681e+06 1385 3124.05 0.000722022 109 109 0 7 0 0 105 0 3636.62 54995 109-aaazb 
48000 4.32681e+06 1385 3124.05 0.000722022 109 109 0 7 0 0 105 0 3636.62 54995 109-aaazb 
48100 4.32681e+06 1385 3124.05 0.000722022 109 109 0 7 0 0 105 0 3636.62 54995 109-aaazb 
48200 4.32681e+06 1385 3124.05 0.000722022 109 109 0 7 0 0 105 0 3636.62 54995 109-aaazb 
48300 3.15684e+06 1622 1946.27 0.000616523 109 109 0 8 0 0 100 0 2051.85 54433 109-aabfq 
48400 3.15684e+06 1622 1946.27 0.000616523 109 109 0 8 0 0 100 0 2051.85 54433 109-aabfq 
48500 4.3506e+06 1385 3141.23 0.000722022 109 109 0 7 0 0 105 0 3636.62 54995 109-aaazb 
48600 4.36201e+06 1385 3149.46 0.000722022 109 109 0 8 0 0 105 0 3636.62 54995 109-aaazb 
48700 4.36201e+06 1385 3149.46 0.000722022 109 109 0 7 0 0 105 0 3636.62 54995 109-aaazb 
48800 4.36201e+06 1385 3149.46 0.000722022 109 109 0 7 0 0 105 0 3636.62 54995 109-aaazb 
48900 4.38144e+06 1543 2839.56 0.000648088 109 109 0 8 0 0 102 0 3043.81 50130 109-aaaow 
49000 3.15684e+06 1622 1946.27 0.000616523 109 109 0 7 0 0 100 0 2051.85 54433 109-aabfq 
49100 3.15684e+06 1622 1946.27 0.000616523 109 109 0 7 0 0 100 0 2051.85 54433 109-aabfq 
49200 3.15684e+06 1622 1946.27 0.000616523 109 109 0 7 0 0 100 0 2051.85 54433 109-aabfq 
49300 4.32846e+06 1385 3125.24 0.000722022 109 109 0 8 0 0 105 0 3636.62 54995 109-aaazb 
49400 4.3277e+06 1385 3124.7 0.000722022 109 109 0 9 0 0 105 0 3636.62 54995 109-aaazb 
49500 4.3277e+06 1385 3124.7 0.000722022 109 109 0 9 0 0 105 0 3636.62 54995 109-aaazb 
49600 4.3277e+06 1385 3124.7 0.000722022 109 109 0 9 0 0 105 0 3636.62 54995 109-aaazb 
49700 4.3277e+06 1385 3124.7 0.000722022 109 109 0 8 0 0 105 0 3636.62 54995 109-aaazb 
49800 4.38218e+06 1543 2840.04 0.000648088 109 109 0 9 0 0 102 0 3043.81 50130 109-aaaow 
49900 4.38304e+06 1543 2840.6 0.000648088 109 109 0 10 0 0 102 0 3043.81 50130 109-aaaow 
50000 4.38304e+06 1543 2840.6 0.000648088 109 109 0 9 0 0 102 0 3043.81 50130 109-aaaow 
