# Avida instruction execution data
# Mon Jan 16 11:17:28 2017
#  1: Update
#  2: nop-A
#  3: nop-B
#  4: nop-C
#  5: if-n-equ
#  6: if-less
#  7: if-label
#  8: mov-head
#  9: jmp-head
# 10: get-head
# 11: set-flow
# 12: shift-r
# 13: shift-l
# 14: inc
# 15: dec
# 16: push
# 17: pop
# 18: swap-stk
# 19: swap
# 20: add
# 21: sub
# 22: nand
# 23: h-copy
# 24: h-alloc
# 25: h-divide
# 26: sense-resource0
# 27: time
# 28: IO
# 29: h-search

0 0 0 0 0 0 0 0 0 0 0 0 0 0 0 0 0 0 0 0 0 0 0 0 0 0 0 0 0 
100 0 0 0 0 0 0 0 0 0 0 0 0 0 0 0 0 0 0 0 0 0 0 0 0 0 0 0 0 
200 0 0 0 0 0 0 0 0 0 0 0 0 0 0 0 0 0 0 0 0 0 0 0 0 0 0 0 0 
300 0 0 0 0 0 0 0 0 0 0 0 0 0 0 0 0 0 0 0 0 0 0 0 0 0 0 0 0 
400 0 0 170 0 0 200 200 0 0 0 0 0 0 0 0 0 0 0 0 0 0 200 2 2 0 0 0 4 
500 0 0 170 0 0 200 200 0 0 0 0 0 0 0 0 0 0 0 0 0 0 200 2 2 0 0 0 4 
600 0 0 170 0 0 200 200 0 0 0 0 0 0 0 0 0 0 0 0 0 0 200 2 2 0 0 0 4 
700 0 0 170 0 0 200 200 0 0 0 0 0 0 0 0 0 0 0 0 0 0 200 2 2 0 0 0 4 
800 0 0 340 0 0 400 400 0 0 0 0 0 0 0 0 0 0 0 0 0 0 400 4 4 0 0 0 8 
900 0 0 340 0 0 400 400 0 0 0 0 0 0 0 0 0 0 0 0 0 0 400 4 4 0 0 0 8 
1000 0 0 340 0 0 400 400 0 0 0 0 0 0 0 0 0 0 0 0 0 0 400 4 4 0 0 0 8 
1100 0 0 340 0 0 400 400 0 0 0 0 0 0 0 0 0 0 0 0 0 0 400 4 4 0 0 0 8 
1200 0 0 591 0 0 700 700 2 0 0 0 0 0 0 0 0 0 0 0 0 0 700 7 7 0 0 0 14 
1300 0 0 676 0 0 800 800 2 0 0 0 0 0 0 0 0 0 0 0 0 0 800 8 8 0 0 0 16 
1400 0 0 676 0 0 800 800 2 0 0 0 0 0 0 0 0 0 0 0 0 0 800 8 8 0 0 0 16 
1500 0 0 676 0 0 800 800 2 0 0 0 0 0 0 0 0 0 0 0 0 0 800 8 8 0 0 0 16 
1600 4 0 1182 0 0 1404 1404 4 0 0 0 0 0 0 0 0 0 0 0 0 0 1404 14 14 0 0 0 28 
1700 4 0 1348 0 0 1604 1604 4 0 0 0 0 0 0 0 0 0 0 2 0 0 1604 16 16 0 0 0 32 
1800 4 0 1348 0 0 1604 1604 4 0 0 0 0 0 0 0 0 0 0 2 0 0 1604 16 16 0 0 0 32 
1900 8 0 1654 0 0 2006 2006 6 0 0 0 0 2 0 0 0 0 0 2 0 0 2006 20 20 0 0 0 42 
2000 16 0 2316 2 0 2814 2814 8 0 2 0 0 2 0 0 2 0 0 2 0 0 2814 28 28 0 0 0 58 
2100 14 0 2406 2 0 2912 2912 7 0 2 0 0 2 0 0 4 0 0 4 0 0 2912 29 29 0 0 0 59 
2200 14 0 2406 2 0 2912 2912 7 0 2 0 0 2 0 0 4 0 0 4 0 0 2912 29 29 0 0 0 59 
2300 26 0 3058 2 0 3720 3720 9 0 2 0 0 4 0 0 6 0 4 4 0 0 3720 37 37 2 0 0 75 
2400 40 0 3852 4 0 4733 4733 10 0 4 2 2 4 2 0 10 0 6 6 0 2 4733 47 47 2 0 0 97 
2500 40 0 3856 4 0 4733 4733 10 0 4 2 2 4 1 0 9 0 6 6 0 2 4733 47 47 2 0 0 97 
2600 40 0 3856 4 0 4733 4733 10 0 4 2 2 4 1 0 9 0 6 6 0 2 4733 47 47 2 0 0 97 
2700 64 2 4645 3 0 5753 5755 14 2 5 4 2 7 1 2 11 0 9 5 0 5 5753 57 57 3 6 0 116 
2800 84 2 5668 6 2 7074 7078 18 2 8 10 4 7 2 2 16 0 12 7 0 6 7076 70 70 3 8 0 143 
2900 83 2 5671 6 2 7074 7078 18 2 8 10 4 6 2 2 16 0 11 8 0 6 7076 70 70 3 8 0 143 
3000 83 2 5752 6 2 7073 7077 18 2 8 10 4 6 2 2 16 0 11 8 0 7 7075 71 71 3 8 0 145 
3100 146 6 7055 5 2 8832 8835 27 3 9 14 7 12 2 4 20 0 17 11 0 9 8833 88 88 5 14 0 179 
3200 145 6 7872 8 3 9831 9839 26 3 11 20 8 13 2 3 20 0 17 9 0 11 9834 98 98 6 16 0 200 
3300 145 6 7953 8 4 9932 9941 26 3 11 18 8 13 2 3 21 2 17 9 0 11 9935 99 99 8 16 0 202 
3400 146 8 8026 8 4 10030 10039 26 3 11 18 8 14 2 3 21 2 17 10 0 11 10033 100 100 8 17 0 204 
3500 354 8 9314 9 4 11788 11800 38 8 18 22 16 17 4 7 25 1 27 20 1 13 11793 117 117 6 22 0 238 
3600 357 8 10559 13 6 13394 13409 38 8 20 28 18 18 4 7 29 2 28 21 2 19 13397 133 133 11 21 0 272 
3700 357 8 10558 13 6 13394 13408 38 8 20 28 18 18 4 7 29 3 28 22 2 19 13397 133 133 12 21 0 272 
3800 371 11 10832 11 6 13807 13820 39 8 19 31 19 23 4 7 30 3 29 23 3 21 13809 137 137 13 26 0 279 
3900 408 12 11921 12 8 15448 15464 50 11 22 41 25 33 8 5 31 2 36 17 4 23 15449 152 152 18 31 3 310 
4000 399 9 12919 20 11 16752 16769 47 8 28 44 25 29 8 4 37 2 38 18 4 31 16750 165 165 21 31 5 337 
4100 399 9 12911 20 11 16752 16769 47 8 28 44 25 29 10 4 37 2 38 18 4 31 16750 165 165 21 33 5 337 
4200 409 10 13279 20 11 17260 17278 48 8 30 50 27 33 10 4 36 6 36 18 5 33 17258 170 170 23 38 7 347 
4300 826 15 14848 26 9 19565 19686 58 9 35 59 31 43 12 12 45 6 152 19 6 37 19670 192 192 26 45 10 395 
4400 734 11 15731 32 12 20682 20806 58 7 41 63 32 40 13 11 53 7 153 21 7 47 20784 204 204 26 45 9 424 
4500 733 11 15749 32 12 20681 20806 58 7 41 63 32 39 13 11 53 7 152 21 7 47 20784 204 204 26 45 9 424 
4600 664 13 16294 32 12 21301 21428 62 6 41 65 36 44 15 13 53 7 154 20 9 50 21408 211 211 28 47 9 437 
4700 862 15 18494 36 11 24392 24524 76 11 47 73 42 50 18 18 62 10 172 20 10 60 24503 240 240 30 55 17 495 
4800 898 12 19291 45 14 25436 25570 74 16 58 75 41 51 15 18 73 10 175 27 9 65 25546 251 251 29 54 17 521 
4900 897 12 19336 45 16 25545 25677 74 16 57 75 41 51 15 18 74 12 176 26 9 64 25652 252 252 30 54 17 523 
5000 936 15 19734 44 16 26174 26307 77 17 62 75 41 59 15 18 74 10 177 27 9 64 26284 258 258 36 59 17 539 
5100 1343 18 22131 52 15 29448 29692 94 23 72 88 63 65 115 27 85 14 192 36 15 81 29672 291 291 37 67 26 614 
5200 1400 17 22832 57 17 30660 30854 96 21 79 88 63 67 65 25 92 18 196 37 14 86 30835 301 301 36 70 28 641 
5300 1353 21 23046 57 22 31085 31228 98 21 76 89 64 67 297 26 96 18 147 36 14 85 31204 304 304 38 69 28 645 
5400 1466 24 24113 55 22 32586 32727 111 23 79 96 70 79 299 31 101 18 160 36 11 83 32709 318 318 39 79 29 670 
5500 1528 28 26656 67 26 35857 35966 121 27 87 114 80 87 305 36 102 24 115 45 16 107 35939 350 350 46 83 39 739 
5600 1642 33 27228 74 25 36884 36990 124 29 92 113 82 85 306 40 109 27 113 49 18 108 36967 359 359 48 84 42 771 
5700 1579 34 27476 74 32 37338 37446 124 21 91 112 82 84 307 40 115 31 112 49 17 107 37416 363 363 52 84 42 779 
5800 1823 38 28368 77 31 38544 38756 130 23 93 123 80 93 430 48 120 34 118 50 18 105 38728 376 376 56 192 41 800 
5900 1943 49 30858 92 33 41984 42158 138 28 105 132 89 104 313 47 123 40 140 58 29 121 42129 410 410 63 155 56 871 
6000 1939 55 31587 98 34 43329 43449 145 33 110 135 96 103 262 51 134 42 137 67 31 127 43428 422 422 64 159 57 909 
6100 1964 54 32227 98 41 43518 43635 159 31 111 131 94 103 272 53 152 48 146 63 31 129 43594 425 425 80 166 58 936 
6200 1883 62 33515 98 45 45270 45434 160 131 111 147 99 128 274 57 155 48 152 56 35 129 45395 443 443 88 127 55 969 
6300 1954 71 35704 118 48 48791 48969 160 140 129 158 102 141 268 54 157 52 157 67 43 156 48937 477 477 95 131 54 1038 
6400 1994 72 36334 127 47 49890 50066 164 147 134 159 106 141 269 53 164 54 157 70 43 164 50038 486 486 95 135 52 1064 
6500 2104 78 36628 127 53 50199 50473 169 147 136 159 108 145 367 52 173 55 165 70 41 163 50441 492 492 101 133 53 1083 
6600 2240 89 37977 128 56 52233 52511 181 152 141 178 117 161 374 59 180 56 170 74 46 165 52476 511 511 102 141 53 1119 
6700 2439 99 40120 142 66 55616 55858 191 111 150 183 129 167 382 59 193 62 185 87 54 192 55827 541 541 124 159 62 1184 
6800 2521 102 40849 153 67 56790 57029 200 113 161 182 137 168 383 59 197 66 186 88 51 201 57001 552 552 118 161 62 1214 
6900 2595 104 41126 160 119 57064 57351 201 116 167 184 133 173 381 60 200 65 186 90 53 203 57326 557 557 125 159 63 1227 
7000 2862 162 42649 156 126 59654 60060 211 118 170 200 145 214 217 72 194 66 188 93 156 307 60030 581 581 138 165 60 1262 
7100 3280 165 45139 174 91 63570 64048 217 127 185 219 151 229 321 70 218 77 207 111 171 337 64008 618 618 157 184 78 1355 
7200 3274 168 45942 183 93 64916 65341 223 135 194 228 154 233 393 71 216 79 209 124 174 345 65309 630 630 151 190 79 1389 
7300 3420 175 46321 240 95 65160 65635 222 137 195 225 150 237 392 70 227 79 213 121 179 345 65608 635 635 150 192 80 1400 
7400 3758 191 48959 248 103 69046 69436 246 87 191 256 169 265 350 80 235 82 231 128 196 362 69416 672 672 169 208 88 1473 
7500 3873 141 51263 261 118 72831 73184 267 100 200 268 179 284 241 89 248 92 247 143 215 373 73160 707 707 197 225 99 1553 
7600 3854 150 52048 268 118 74279 74569 272 106 215 270 181 285 192 88 246 97 250 157 212 385 74558 719 719 193 234 96 1589 
7700 4038 151 52388 271 121 75058 75346 272 111 217 272 178 295 315 91 242 97 258 153 214 387 75336 725 725 191 234 101 1608 
7800 4561 162 54603 279 120 78722 79017 294 119 223 286 202 324 323 96 276 139 284 153 218 393 79032 757 757 206 257 131 1680 
7900 5835 164 57157 282 135 84245 84535 344 145 236 286 228 374 341 99 367 233 331 158 218 401 84608 798 798 251 307 217 1791 
8000 6697 170 58831 288 145 88220 88495 382 167 246 292 255 411 348 105 433 302 360 167 221 402 88610 827 827 291 342 292 1867 
8100 8101 180 61105 305 173 92805 93325 547 192 267 305 277 459 362 110 511 378 414 176 225 408 93501 865 865 344 388 382 1983 
8200 7998 186 61961 311 183 94223 94759 539 188 268 333 284 477 244 101 489 357 418 178 238 418 94906 878 878 354 390 360 2015 
8300 8227 200 63297 323 190 96383 96930 539 193 278 339 293 480 244 101 486 362 417 196 240 438 97083 898 898 360 406 363 2063 
8400 8334 200 63698 273 187 96887 97376 545 197 280 341 301 478 247 99 484 361 419 199 238 442 97534 903 903 357 405 363 2078 
8500 8560 212 65522 276 194 99710 100201 561 208 276 369 311 510 137 114 501 377 436 190 251 452 100376 928 928 368 412 374 2127 
8600 9789 230 69803 291 236 108057 108640 619 234 308 391 354 571 158 128 579 442 507 198 280 484 108838 997 997 424 477 448 2322 
8700 9851 249 71335 308 233 110386 111016 618 249 329 390 358 578 168 129 632 450 508 219 278 506 111228 1021 1021 433 486 453 2383 
8800 9930 246 71792 312 236 110707 111315 617 257 334 378 349 567 171 128 630 450 527 223 287 503 111546 1027 1027 426 493 452 2401 
8900 10239 259 73379 315 240 112998 113678 698 262 324 398 363 595 178 142 643 462 529 224 292 512 113924 1049 1049 449 502 457 2434 
9000 11663 283 77022 343 280 120480 121155 739 291 362 436 402 643 200 158 691 516 561 233 314 569 121425 1108 1108 489 549 508 2626 
9100 11863 300 78460 373 280 122969 123591 746 304 382 438 420 648 215 161 643 521 575 245 313 583 123879 1132 1132 497 566 508 2687 
9200 11772 293 78746 378 278 123469 124079 744 310 391 435 416 634 220 163 637 520 581 252 313 589 124378 1137 1137 489 566 505 2701 
9300 11840 299 80515 379 316 126778 127312 761 368 423 445 404 654 253 173 697 542 630 246 331 582 127664 1167 1167 501 582 545 2789 
9400 13429 310 83806 375 421 134163 134834 820 493 485 464 408 729 328 208 863 619 781 247 371 593 135291 1227 1227 548 648 681 2974 
9500 13992 320 85734 376 491 139068 139680 858 564 522 487 417 787 379 245 973 676 869 256 404 602 140203 1266 1266 585 688 769 3098 
9600 15322 335 87639 388 590 144699 145319 889 774 565 516 431 830 424 274 1093 745 987 267 394 569 145929 1307 1307 635 731 847 3234 
9700 16154 340 89577 404 608 148853 149378 897 781 559 551 447 862 436 287 1156 798 1009 273 425 584 149999 1340 1340 675 751 883 3321 
9800 17137 352 91678 424 627 153360 153884 929 1096 580 548 467 885 435 289 1171 824 1031 288 438 614 154528 1375 1375 712 788 911 3437 
9900 16864 380 92914 449 630 155434 155905 929 1100 603 558 481 887 449 290 1184 831 1045 301 439 631 156572 1396 1396 727 797 925 3493 
10000 17018 377 93460 482 633 156087 156559 932 1108 603 558 469 898 451 289 1176 830 1039 305 443 626 157229 1403 1403 728 794 910 3503 
10100 18381 417 97090 509 731 165255 165615 907 1145 650 634 480 975 526 340 1332 924 1164 326 494 649 166382 1472 1472 785 862 1041 3710 
10200 18899 423 98444 521 738 168540 168777 865 1099 666 636 504 1008 539 343 1353 955 1184 329 511 658 169557 1496 1496 835 890 1089 3789 
10300 19246 422 99071 521 739 170360 170535 865 1124 681 629 536 1057 550 342 1374 1001 1199 331 460 622 171337 1512 1512 871 922 1100 3869 
10400 19806 407 98831 521 776 171438 171660 865 1128 670 618 596 1111 555 376 1439 1040 1197 343 454 652 172497 1518 1518 899 980 1154 3928 
10500 20476 401 99287 519 802 172517 172877 883 1142 669 615 661 1158 567 396 1490 1084 1213 352 457 743 173746 1527 1527 921 939 1210 3990 
10600 20812 416 99687 535 814 174343 174637 889 1160 671 606 700 1178 562 399 1511 1152 1226 353 454 678 175517 1535 1535 968 974 1234 4016 
10700 20143 422 99365 551 811 173869 174154 868 1448 693 610 690 1160 558 407 1486 1123 1207 359 453 703 175032 1533 1533 959 957 1207 4015 
10800 20445 429 100164 539 812 175304 175592 877 1472 689 620 697 1157 559 412 1496 1128 1214 364 453 706 176474 1545 1545 955 960 1212 4037 
10900 23628 437 101424 535 848 181003 181290 890 1500 715 643 701 1174 588 417 1534 1161 1268 362 470 721 182210 1568 1568 973 981 1250 4113 
11000 23892 443 102226 530 874 182033 182460 897 1371 728 652 699 1185 596 423 1559 1175 1286 363 477 722 183380 1579 1579 1109 985 1265 4142 
11100 21314 454 102672 530 884 180990 181343 890 1368 719 694 711 1206 604 424 1558 1172 1284 369 496 727 182246 1590 1590 1119 984 1273 4155 
11200 22369 475 105508 538 896 185224 185821 867 1394 721 729 772 1251 618 455 1594 1222 1315 397 492 760 186737 1632 1632 1205 1018 1456 4262 
11300 23156 490 108745 578 940 192425 192928 887 1438 754 738 845 1432 653 503 1675 1317 1370 404 497 814 193892 1688 1688 1201 1062 1396 4433 
11400 23023 503 109306 586 939 193007 193595 891 1440 774 742 849 1424 652 508 1674 1328 1374 416 502 831 194562 1700 1700 1205 1171 1401 4479 
11500 23107 507 111591 568 1020 197553 198218 919 1651 815 783 849 1465 718 665 1771 1370 1459 425 560 835 199262 1743 1743 1157 1214 1468 4612 
11600 23412 540 113928 574 1062 200696 201574 926 1671 834 820 872 1490 734 666 1795 1382 1492 443 698 866 202605 1780 1780 1179 1235 1465 4686 
11700 23925 546 115595 577 1081 202832 203916 938 1521 840 811 883 1502 756 642 1810 1550 1489 471 700 1132 204968 1803 1803 1242 1256 1479 4759 
11800 24875 557 116255 633 1109 206658 207621 1059 1585 848 831 997 1575 772 658 1930 1628 1492 459 706 1169 208731 1826 1826 1282 1248 1583 4876 
11900 25600 547 115959 663 1122 207811 208746 1067 1553 859 857 1070 1621 772 666 1988 1667 1491 449 756 1178 209891 1827 1827 1302 1284 1643 4931 
12000 26391 558 115600 703 1152 208844 209824 1083 1555 883 880 1155 1683 778 683 2067 1712 1497 456 726 1191 211065 1828 1828 1321 1319 1709 4970 
12100 26558 567 114789 711 1123 209434 210252 1088 1551 899 862 1211 1680 780 657 2080 1743 1497 443 732 1195 211413 1820 1820 1337 1301 1722 4965 
12200 26021 573 114993 725 1129 210039 210687 1047 1548 910 861 1211 1658 784 669 2077 1734 1497 456 630 1203 211863 1828 1828 1326 1301 1724 5006 
12300 25835 573 117576 724 1205 215479 216013 1083 1625 953 914 1233 1706 836 694 2173 1787 1588 480 668 1211 217257 1878 1878 1282 1293 2232 5147 
12400 25983 611 119932 735 1222 219257 219862 1090 1641 957 959 1248 1804 849 704 2182 1802 1609 487 686 1238 221103 1915 1915 1311 1318 2234 5229 
12500 26582 640 121009 732 1253 222185 222667 1108 1642 987 979 1267 1890 831 684 2215 1785 1599 467 676 1278 223936 1936 1936 1355 1321 2132 5267 
12600 27950 660 123498 763 1312 226840 227332 1134 1842 1003 1003 1358 1877 837 683 2281 1816 1626 490 692 1316 228649 1975 1975 1412 1348 2182 5350 
12700 27839 676 123693 774 1312 227675 228230 1179 1839 1018 1003 1345 1883 837 699 2292 1829 1620 495 692 1580 229556 1984 1984 1425 1358 2200 5412 
12800 27862 669 124229 801 1337 229276 229826 1196 1872 1032 1028 1329 1915 865 721 2341 1847 1640 507 714 1323 231184 1998 1998 1435 1373 2280 5455 
12900 28038 668 124495 827 1360 229764 230316 1228 1867 1042 1054 1312 1968 877 738 2378 1864 1669 527 743 1184 231711 2004 2004 1422 1378 2337 5477 
13000 28098 679 124750 862 1413 230973 231530 1237 1890 1060 1077 1304 2011 907 759 2421 1881 1708 537 769 1179 232978 2014 2014 1415 1398 2415 5503 
13100 28157 688 125322 877 1466 233161 233661 1178 1926 1091 1113 1288 2044 980 806 2500 1889 1760 561 809 1166 235158 2031 2031 1409 1421 2492 5587 
13200 28582 701 126960 887 1512 236859 237302 1193 1828 1100 1103 1339 2001 992 794 2518 1907 1802 569 837 1196 238812 2061 2061 1427 1451 3015 5669 
13300 28831 704 128465 897 1540 239263 239757 1199 1886 1111 1134 1325 1968 1093 789 2458 1913 1838 573 850 1220 241237 2085 2085 1422 1451 3223 5728 
13400 28624 694 128483 915 1528 239665 240094 1205 1910 1120 1149 1272 1950 1072 768 2378 1860 1859 554 881 1209 241550 2089 2089 1386 1452 3279 5751 
13500 28174 676 128541 918 1551 240768 241110 1212 1952 1144 1162 1248 1940 1105 763 2335 1839 1895 563 896 1202 242566 2098 2098 1383 1451 3320 5790 
13600 28487 691 128994 930 1579 242521 242779 1345 2006 1185 1161 1257 1970 1080 782 2364 1834 1934 584 914 1202 244260 2115 2115 1401 1466 3257 5850 
13700 29320 720 131578 953 1605 248518 248708 1361 1867 1198 1169 1318 1956 1116 798 2397 1917 1969 606 929 1248 250222 2160 2160 1483 1512 3306 5959 
13800 29571 714 131417 975 1585 249252 249356 1302 1909 1192 1174 1302 1966 1141 809 2427 1931 1986 644 949 1244 250918 2166 2166 1538 1502 3331 5984 
13900 29072 701 131206 955 1593 248255 248525 1297 1977 1184 1206 1293 1949 1150 877 2471 1933 1992 655 946 1308 250060 2166 2166 1562 1458 3383 5941 
14000 28605 690 130753 962 1590 247747 248014 1296 2014 1177 1209 1292 1943 1157 881 2492 1970 2026 747 953 1237 249561 2166 2166 1587 1444 3425 5931 
14100 28298 673 130843 958 1613 249278 249450 1310 2372 1201 1251 1293 1961 1212 921 2561 2001 2078 707 968 1339 251048 2178 2178 1591 1431 3512 5974 
14200 28205 680 132691 972 1688 252876 253120 1325 2439 1225 1402 1306 2016 1267 951 2639 2055 2163 710 1007 1376 254766 2216 2216 1617 1480 3574 6093 
14300 29024 707 136276 1050 1740 258773 259169 1347 2482 1288 1392 1331 2050 1373 985 2624 2070 2212 739 1059 1407 260861 2277 2277 1836 1547 5258 6258 
14400 31428 715 142918 1185 1759 271665 272046 1456 2612 1388 1403 1481 2065 1368 1025 2623 2081 2212 869 1062 1454 273979 2384 2384 1910 1818 19157 6478 
14500 33611 728 146767 1288 1766 279785 280331 1524 2699 1456 1418 1586 2069 1435 1051 2628 2091 2219 945 1070 1600 282419 2449 2449 1968 1982 28509 6628 
14600 34543 727 148690 1328 1769 285014 285361 1566 2754 1488 1451 1660 2098 1383 1078 2618 2101 2228 980 1085 1516 287530 2484 2484 1981 2063 34540 6712 
14700 35739 836 150598 1351 2057 289356 289765 1525 2621 1486 1439 1724 2135 1387 1091 2671 2176 2486 991 1289 1543 291932 2515 2515 2040 2080 34229 6776 
14800 36069 844 151115 1346 2075 290426 290970 1543 2644 1492 1455 1748 2278 1403 1106 2731 2137 2511 993 1310 1568 293163 2528 2528 2070 2098 33958 6816 
14900 36081 843 152391 1420 2009 293621 294208 1580 2741 1532 1554 1762 2340 1445 1126 2828 2168 2466 1008 1408 1579 296498 2562 2562 2080 2116 33923 6965 
15000 35989 834 152077 1410 2032 294765 295278 1609 2725 1542 1530 1784 2390 1537 1133 2902 2188 2577 1013 1394 1698 297514 2567 2567 2056 2107 33946 7028 
15100 35843 846 152262 1406 2033 295294 295817 1608 3043 1535 1579 1778 2413 1567 1175 2929 2216 2607 997 1401 1775 298037 2573 2573 2039 2113 33605 7045 
15200 35941 916 154628 1409 2077 299830 300329 1644 3219 1577 1592 1780 2456 1572 1142 2916 2211 2644 993 1343 1799 302538 2613 2613 2072 2109 33350 7126 
15300 36952 994 155366 1425 2072 303422 303970 1658 3207 1588 1608 2045 2501 1551 1187 2910 2246 2632 1151 1392 1817 306215 2634 2634 2023 2131 35812 7215 
15400 38461 1067 154790 1420 2054 305066 305669 1680 3198 1601 1877 2174 2513 1538 1213 2906 2254 2639 1034 1472 1817 307970 2636 2636 2013 2131 38205 7288 
15500 39814 1133 154252 1419 2030 306692 307292 1703 3181 1618 1605 2270 2508 1535 1242 2891 2246 2697 1058 1520 1842 309640 2638 2638 2010 2150 41654 7326 
15600 40950 1132 153877 1421 2034 307937 308523 1649 3177 1614 1591 2324 2523 1536 1227 2903 2252 2617 1088 1534 1990 310889 2636 2636 2034 2161 43156 7339 
15700 42970 1039 156366 1506 2056 314357 314816 1689 3215 1642 1590 2403 2518 1534 1238 2935 2272 2605 1139 1638 2031 317276 2676 2676 2097 2302 49288 7411 
15800 42280 1047 155885 1534 2079 314592 314812 1691 2944 1643 1635 2463 2339 1555 1273 3015 2299 2663 1143 1651 2034 317295 2685 2685 2097 2241 49719 7394 
15900 41485 1063 154982 1598 2096 312866 313223 1683 2946 1709 1670 2491 2358 1554 1389 3060 2308 2723 1119 1637 2037 315600 2685 2685 2063 2186 49967 7363 
16000 40474 1071 153656 1662 2119 311987 312219 1682 2962 1730 1706 2521 2331 1539 1468 3122 2317 2792 1117 1654 2049 314473 2685 2685 2059 2147 50188 7306 
16100 39254 1066 152165 1687 2119 310371 310599 1648 2807 1759 1700 2542 2276 1534 1532 3180 2360 2775 1089 1598 2096 312771 2672 2672 2064 2107 50298 7297 
16200 38281 1050 151877 1719 2085 310129 310375 1585 2908 1793 1834 2607 2353 1539 1563 3345 2533 2738 1092 1583 2203 312548 2677 2677 2104 2140 50290 7455 
16300 38032 1038 150638 1757 2065 311027 311272 1531 3019 1825 1960 2663 2408 1515 1602 3546 2937 2733 1117 1582 2310 313464 2682 2682 2224 2169 50460 7562 
16400 37601 1029 149598 1799 2056 311785 311795 1530 3093 1847 2058 2726 2541 1457 1638 3659 2823 2988 1165 1559 2248 314052 2683 2683 2280 2158 50640 7628 
16500 37537 1033 148887 1831 2064 312136 312132 1536 3004 1877 2202 2798 2553 1464 1685 3776 2939 3078 1207 1558 2173 314482 2689 2689 2279 2169 50812 7694 
16600 37387 1025 148117 1833 2057 312822 312595 1540 3085 1907 2284 2838 2608 1476 1725 3862 3032 3163 1236 1570 2224 315018 2692 2692 2338 2179 50940 7774 
16700 37632 1029 147478 1836 2027 311979 312306 1539 3113 1904 2343 2874 2638 1476 1733 3909 3116 2945 1262 1598 2309 314780 2689 2689 2380 2320 50981 7818 
16800 37080 1036 146500 1846 2028 312152 312294 1521 3156 1914 2387 2902 2636 1474 1754 3944 3183 2831 1272 1639 2369 314829 2688 2688 2420 2288 51040 7891 
16900 36971 1020 146005 1866 2044 312045 312273 1522 3214 1944 2515 2966 2671 1470 1793 4034 3247 2868 1298 1650 2426 314838 2690 2690 2454 2230 51063 7957 
17000 36783 1020 145028 1892 2064 312232 312372 1501 3267 1961 2569 2981 2682 1480 1815 4104 3315 2891 1327 1688 2388 315071 2690 2690 2461 2245 51072 8006 
17100 36772 1011 144265 2022 2076 311970 312254 1494 3175 1985 2627 3011 2768 1472 1858 4127 3374 2920 1356 1711 2448 314977 2690 2690 2481 2258 51205 8065 
17200 36316 1013 143136 1993 2076 312355 312506 1496 3236 2015 2712 3151 2750 1467 1910 4224 3437 2964 1384 1741 2524 315246 2692 2692 2503 2257 51211 8115 
17300 35864 994 142148 2019 2086 312521 312548 1454 3293 2057 2729 3205 2797 1463 1959 4303 3492 2997 1397 1740 2650 315260 2693 2693 2550 2242 51407 8171 
17400 35232 987 140972 2052 2089 312375 312256 1444 3338 2076 2784 3266 2828 1484 2019 4366 3567 3017 1480 1730 2664 314987 2693 2693 2586 2253 51544 8220 
17500 35307 977 140036 1969 2096 313562 313347 1484 3263 2082 2876 3325 2862 1476 2058 4441 3621 3061 1498 1755 2738 316110 2695 2695 2590 2266 51707 8238 
17600 35136 988 139080 1979 2097 313372 313095 1476 3309 2067 2955 3304 2894 1487 2070 4491 3666 3145 1514 1836 3003 315877 2695 2695 2644 2323 51852 8245 
17700 34703 988 138289 2008 2101 314049 313768 1466 3351 2077 3032 3299 2927 1492 2131 4569 3753 3173 1520 1873 2937 316587 2698 2698 2631 2283 51764 8315 
17800 34452 1116 137009 2044 2093 314050 313779 1459 3402 2112 3108 3295 2971 1491 2122 4662 3882 3232 1545 1911 3127 316621 2694 2694 2657 2291 51726 8359 
17900 34573 1116 136103 2059 2124 313831 313665 1444 3497 2151 3165 3408 3004 1505 2164 4759 3958 3264 1579 1910 3104 316514 2695 2695 2685 2300 51456 8388 
18000 34398 1170 135186 2076 2117 313934 313491 1446 3540 2168 3252 3387 3046 1519 2220 4828 4035 3276 1658 1943 3074 316388 2699 2699 2737 2315 51419 8424 
18100 34271 1157 134121 2084 2136 313691 313346 1456 3590 2200 3333 3437 3112 1543 2276 4894 4114 3330 1788 1969 3139 316259 2700 2700 2681 2335 51661 8478 
18200 33884 1278 133138 2120 2142 314302 313851 1457 3642 2229 3386 3497 3152 1537 2345 4952 4297 3345 1758 1980 3205 316739 2701 2701 2714 2357 51493 8503 
18300 33749 1256 132227 2135 2169 313250 313068 1469 3669 2254 3483 3538 3256 1524 2518 5024 4338 3391 1835 2059 3296 315954 2699 2699 2743 2340 51599 8540 
18400 33616 1489 131359 2176 2164 312972 312975 1477 3709 2276 3525 3608 3291 1536 2567 5244 4430 3387 1866 2061 3391 315838 2701 2701 2792 2371 51634 8604 
18500 33076 1499 130287 2197 2156 313467 313264 1484 3868 2272 3569 3661 3327 1528 2536 5200 4496 3391 1828 2036 3293 316205 2703 2703 2824 2401 51200 8593 
18600 33210 1843 129960 2221 2175 313716 313585 1489 3865 2252 3588 3677 3456 1505 2499 5231 4537 3419 1867 2040 3300 316548 2705 2705 2839 2412 51226 8602 
18700 32950 1835 129283 2219 2058 313214 313173 1481 3900 2262 3604 3724 3443 1494 2564 5304 4575 3299 1880 2028 3367 316123 2705 2705 2861 2488 50917 8635 
18800 32191 1711 128212 2223 2087 314107 313740 1490 3938 2262 3664 3794 3467 1487 2613 5386 4582 3324 1825 2034 3415 316711 2707 2707 2858 2480 50731 8647 
18900 32228 1958 127085 2225 2102 315236 314665 1492 4000 2277 3772 3864 3417 1467 2673 5487 4671 3376 1852 2046 3527 317639 2710 2710 2889 2494 50816 8707 
19000 32100 1960 126127 2239 2136 315930 315285 1480 4054 2260 3850 3902 3448 1445 2713 5559 4764 3446 1872 2061 3619 318306 2713 2713 2935 2444 50331 8747 
19100 31003 2545 125108 2317 2133 315413 314660 1468 4092 2290 3940 3966 3464 1469 2772 5637 4808 3495 1913 2084 3670 317709 2715 2715 2981 2492 50182 8785 
19200 31034 2428 124305 2328 2155 315995 315322 1448 4132 2308 3997 4057 3491 1480 2966 5745 4849 3575 1930 2072 3764 318415 2721 2721 3001 2511 50131 8831 
19300 30944 2297 123675 2357 2179 316102 315426 1440 4136 2354 4059 4093 3533 1503 3015 5830 4991 3594 1954 2090 3840 318574 2729 2729 3092 2539 49673 8873 
19400 30898 2705 123117 2354 2217 315690 314989 1441 4172 2377 4086 4120 3582 1487 3058 5956 5012 3689 1913 2122 3902 318169 2728 2728 3114 2502 49192 8897 
19500 30805 2600 122355 2377 2232 317175 316453 1442 4234 2429 4197 4206 3716 1509 3132 6081 5101 3745 1946 2134 4010 319680 2741 2741 3140 2570 49293 8970 
19600 30716 3074 121771 2358 2265 318745 318030 1445 4294 2449 4259 4296 3766 1525 3221 6123 5166 3777 2000 2399 4089 321252 2750 2750 3139 2590 49007 9002 
19700 30150 3006 121186 2354 2409 320677 319860 1429 4347 2495 4323 4378 3781 1534 3155 6481 5310 3816 2023 2295 4211 323108 2761 2761 3125 2615 48834 9078 
19800 30483 3010 120529 2362 2411 321000 320247 1486 4410 2482 4363 4452 3878 1548 3193 6591 5379 3848 2043 2234 4289 323566 2768 2768 3137 2722 48930 9128 
19900 30591 2881 120471 2428 2433 323050 322319 1489 4483 2530 4412 4538 3937 1560 3271 6740 5499 3901 2072 2200 4393 325581 2783 2783 3220 2785 49026 9216 
20000 30863 2945 119709 2445 2395 324051 323156 1509 4570 2556 4486 4602 3971 1586 3312 6820 5587 3922 2104 2229 4490 326669 2790 2790 3237 2796 49201 9262 
20100 30991 2837 119015 2468 2460 325577 324559 1513 4689 2577 4576 4656 4014 1606 3388 6847 5719 3981 2153 2225 4589 328122 2802 2802 3241 2855 48961 9340 
20200 31222 2965 118515 2503 2466 327040 325919 1500 4736 2569 4622 4712 4062 1617 3440 6963 5776 4029 2191 2309 4643 329436 2811 2811 3228 2883 48548 9390 
20300 30793 3087 118352 2539 2492 328324 327052 1494 4757 2585 4647 4782 4125 1703 3438 7059 5795 4057 2191 2320 4747 330704 2826 2826 3231 2951 48487 9494 
20400 30540 2975 117644 2575 2515 329685 328303 1499 4794 2596 4714 4851 4201 1700 3505 7141 5835 4118 2227 2307 4884 331903 2836 2836 3249 3017 47816 9562 
20500 30542 2912 117632 2596 2568 330897 329609 1494 4907 2651 4821 4967 4315 1708 3591 7250 5868 4155 2246 2322 5006 333453 2848 2848 3412 3082 47968 9657 
20600 30818 2971 117256 2648 2580 333222 331920 1473 4967 2683 4886 5061 4387 1720 3635 7387 5948 4193 2278 2333 5097 335958 2861 2861 3449 3113 47902 9748 
20700 30584 2973 116791 2687 2618 335196 334054 1417 5056 2720 4901 5127 4457 1651 3730 7530 6037 4193 2295 2321 5193 338125 2876 2876 3461 3177 47481 9846 
20800 30725 2606 116405 2715 2667 336411 335474 1400 5111 2748 4964 5202 4649 1657 3811 7590 6131 4246 2292 2321 5306 339480 2888 2888 3488 3265 46985 9923 
20900 30963 2852 116044 2702 2722 337020 336246 1417 5142 2815 5003 5219 4679 1656 3860 7582 6166 4252 2297 2326 5478 340271 2895 2895 3546 3307 46487 9941 
21000 31129 3024 115606 2759 2717 338116 337301 1443 5203 2831 5088 5285 4778 1680 3906 7692 6252 4313 2312 2373 5626 341400 2908 2908 3587 3347 46180 10056 
21100 31004 3014 115502 2785 2736 338953 338288 1488 5261 2873 5134 5358 4751 1669 3958 7772 6319 4343 2338 2385 5669 342572 2920 2920 3515 3372 45431 10109 
21200 30920 2581 114838 2824 2764 340312 339723 1481 5323 2901 5196 5416 4864 1679 4041 7876 6408 4402 2482 2390 5724 344017 2931 2931 3573 3398 44862 10199 
21300 30649 2954 114006 2905 2756 342703 341754 1393 5407 2968 5294 5507 4896 1725 4079 8000 6535 4451 2377 2430 5783 346022 2940 2940 3559 3453 44451 10281 
21400 30286 2837 113569 2976 2796 343799 342672 1391 5460 2984 5308 5527 5212 1731 4144 8058 6599 4459 2400 2405 5805 346845 2947 2947 3570 3465 43814 10352 
21500 30836 2721 113412 3016 2932 345169 344018 1393 5504 3014 5378 5662 5239 1755 4184 8097 6651 4516 2385 2439 5907 348204 2960 2960 3594 3532 43480 10427 
21600 30435 2375 112444 3061 2991 345492 344294 1374 5595 3056 5465 5684 5231 1742 4360 8228 6790 4611 2447 2470 5978 348645 2964 2964 3587 3568 42606 10490 
21700 30518 2434 112308 3102 3045 347082 346128 1375 5806 3108 5520 5781 5154 1762 4428 8337 6895 4790 2521 2530 6103 350657 2984 2984 3597 3629 42404 10597 
21800 29920 2810 111232 3146 3030 348451 347339 1367 5892 3160 5542 5878 5158 1739 4505 8454 6955 4802 2528 2571 6211 351875 2990 2990 3583 3663 41268 10661 
21900 30096 2872 110762 3195 3065 349088 348034 1370 5968 3203 5596 5962 5235 1726 4575 8554 7051 4846 2529 2705 6302 352850 2999 2999 3574 3793 40059 10746 
22000 29750 2781 110377 3234 3064 350117 348940 1377 6026 3207 5636 6025 5294 1729 4610 8650 7157 4863 2571 2650 6410 353745 3008 3008 3663 3848 39619 10784 
22100 29760 2723 109940 3280 3074 350401 349617 1372 6010 3235 5697 6111 5223 1726 4915 8750 7416 4883 2536 2930 6458 354413 3016 3016 3657 3989 38684 10854 
22200 29526 2540 109377 3313 3096 351124 350269 1368 6031 3275 6001 6155 5302 1754 4857 8840 7407 4929 2521 2892 6541 355103 3023 3023 3686 4134 37527 10936 
22300 29310 2478 108976 3346 3152 351347 350539 1373 6095 3308 6026 6220 5358 1763 4942 8971 7405 4875 2521 2800 6622 355408 3029 3029 3721 4171 36638 10983 
22400 28988 2611 108508 3375 3122 352537 351694 1380 6168 3301 5914 6249 5434 1745 4935 9005 7460 4990 2537 2812 6803 356614 3037 3037 3698 4079 35847 11018 
22500 29588 2604 108432 3409 3192 352974 352464 1394 6215 3288 6189 6280 5484 1748 4991 9080 7487 5057 2548 3050 6919 357340 3045 3045 3780 4119 34947 11099 
22600 29458 2487 107511 3477 3241 353662 353041 1396 6388 3327 6224 6342 5521 1805 5045 9157 7563 5022 2573 3009 7023 358085 3051 3051 3819 4154 33900 11175 
22700 29552 2502 107638 3674 3212 355188 354450 1407 6608 3369 6391 6432 5562 1797 5089 9287 7626 5023 2576 3010 6985 359504 3062 3062 3858 4034 33728 11242 
22800 29585 2371 106977 3769 3279 356892 355824 1415 6732 3417 6427 6467 5628 1839 5109 9394 7670 5107 2633 2982 7070 361106 3074 3074 3956 4006 33585 11301 
22900 29452 2731 106447 3845 3286 357378 356245 1403 6748 3418 6593 6506 5773 1841 5191 9438 7721 5190 2645 2934 7167 361292 3082 3082 3970 4051 32942 11409 
23000 29172 2737 106279 3901 3326 358692 357461 1380 6830 3449 6726 6523 5785 1846 5191 9471 7747 5213 2642 3092 7189 362745 3090 3090 3960 4059 32861 11461 
23100 29447 2734 105996 3935 3325 359963 358614 1400 6793 3538 6761 6606 5863 1868 5245 9567 7814 5284 2754 3079 7230 363904 3095 3095 3932 4111 32934 11503 
23200 28780 2755 105614 3939 3360 361864 360263 1382 6828 3560 6789 6678 5966 1934 5251 9665 7896 5342 2799 3106 7313 365520 3109 3109 3957 4155 32418 11605 
23300 28957 2757 104984 4005 3396 362954 361389 1383 6847 3622 6851 6749 5987 1922 5288 9846 7911 5394 2798 3155 7354 366798 3114 3114 3953 4178 31854 11653 
23400 28949 2631 104094 4038 3452 364323 362765 1370 7067 3594 7108 6763 5987 1954 5279 9916 7940 5426 2819 3045 7365 368086 3120 3120 4016 4196 31198 11705 
23500 29137 2762 104159 4071 3483 366222 364748 1502 7188 3636 7087 6833 6070 1939 5339 10010 7979 5429 2833 3080 7422 369850 3136 3136 4029 4250 31075 11789 
23600 29103 3008 103853 4092 3513 365571 364277 1457 7089 3656 7248 6848 6212 1977 5388 10053 8045 5466 2873 3098 7560 369567 3142 3142 4029 4275 30814 11804 
23700 29064 2990 103705 4113 3545 365817 364703 1477 7132 3665 7457 6970 6234 1993 5424 10140 8080 5494 2922 3225 7613 369910 3148 3148 4056 4310 30953 11862 
23800 29413 2659 103324 4176 3629 369940 368641 1421 7099 3756 7354 7081 6384 2008 5476 10282 8182 5721 2935 3268 7696 373631 3174 3174 4103 4400 30246 12018 
23900 29060 2656 103060 4240 3628 371179 369746 1418 7168 3772 7363 7135 6418 2031 5551 10450 8216 5610 2955 3170 7784 374693 3183 3183 4128 4484 30141 12098 
24000 29258 2472 102776 4255 3650 371205 369936 1418 7201 3775 7752 7201 6509 2040 5562 10468 8231 5605 2918 3176 7849 374960 3185 3185 4277 4483 29567 12175 
24100 28942 2580 102622 4285 3643 371843 370789 1419 7143 3824 7941 7236 6570 2076 5511 10603 8303 5724 2928 2959 7785 375898 3195 3195 4334 4615 29184 12248 
24200 28511 2703 102462 4337 3675 374397 373040 1426 7197 3852 7943 7247 6510 2063 5578 10710 8410 5763 2944 2965 7861 378226 3212 3212 4382 4678 28893 12355 
24300 27967 2943 101646 4404 3689 375253 373772 1420 7251 3872 8072 7298 6562 2057 5673 10799 8538 5794 2984 2965 7948 379228 3221 3221 4326 4651 28514 12399 
24400 28428 2496 101506 4443 3707 378310 376957 1420 7347 3920 8291 7428 6654 2210 5683 10824 8590 5692 3093 3011 8086 382142 3245 3245 4395 4723 28492 12555 
24500 28386 2503 101437 4442 3796 380003 378653 1419 7649 3954 8859 7496 6700 2212 5728 10900 8642 5726 3176 3007 8172 383856 3258 3258 4396 4739 28070 12643 
24600 27761 2611 101019 4449 3788 380043 378287 1418 7538 3970 8975 7486 6711 2234 5741 10814 8708 5651 3112 3009 8156 383540 3253 3253 4387 4701 27857 12641 
24700 27007 2625 100317 4492 3874 381741 379817 1437 7580 4037 8983 7545 6776 2275 5778 11000 8705 5709 3094 3065 8224 385079 3266 3266 4421 4730 27045 12731 
24800 26958 2762 100302 4565 3910 383157 381363 1450 7867 4084 9328 7625 6865 2291 5816 11003 8814 5675 3117 3090 8344 386769 3289 3289 4421 4838 27042 12860 
24900 26813 2868 99852 4561 3943 385157 383363 1451 8058 4106 9178 7686 6969 2233 5904 11066 8851 5694 3061 3118 8457 388647 3299 3299 4449 4853 26830 12891 
25000 28476 2752 100545 4658 4031 387148 385344 1482 8510 4203 9507 7796 7074 2247 5967 11233 8997 5914 3263 3148 8622 390687 3316 3316 4501 4979 26603 13043 
25100 28702 2655 100265 4669 3998 389333 387390 1509 8438 4222 9549 7886 7125 2258 5974 11263 9049 5838 3167 3178 8702 392734 3330 3330 4454 5001 26489 13101 
25200 28858 2645 100428 4657 4008 389693 388019 1517 8324 4229 9793 7903 7169 2243 6011 11205 9086 5852 3198 3463 8695 393633 3339 3339 4480 5036 26552 13187 
25300 30656 2517 100355 4709 4027 390616 388822 1522 8479 4294 9650 7952 7220 2250 6095 11253 9133 5878 3223 3470 8773 394510 3346 3346 4479 5097 26405 13257 
25400 29555 2363 99580 4816 4083 392430 390622 1569 8538 4351 9479 8053 7314 2291 6247 11423 9226 5932 3233 3534 8877 396347 3362 3362 4569 5182 26123 13359 
25500 28599 2504 98857 4893 4117 394681 392638 1573 8349 4397 9418 8174 7358 2334 6180 11452 9305 5863 3100 3544 8908 398271 3376 3376 4586 5176 25940 13395 
25600 28446 2860 98722 4936 4127 395956 393865 1595 8680 4427 9975 8236 7438 2371 6243 11470 9315 5905 3122 3605 9116 399544 3391 3391 4602 5197 25769 13475 
25700 28232 3013 99349 5095 4252 396253 394084 1609 8668 4437 10085 8217 7430 2375 6583 11535 9333 5905 3141 3496 9240 399757 3392 3392 4600 5225 26329 13478 
25800 28485 3037 103603 5529 4660 396542 394280 1620 8764 4430 10422 8261 7481 2393 7770 12000 9338 6191 3246 3508 9784 400428 3399 3399 4659 5278 28721 13603 
25900 29726 2938 112107 6515 5591 397299 395264 1637 9619 4447 11243 8318 7569 2395 10054 12985 9610 6326 3264 3532 10860 402552 3418 3418 4674 5344 33818 13695 
26000 30508 2961 119575 7297 6468 396782 394665 1629 9760 4454 12189 8334 7602 2381 12048 13722 9575 6241 3210 3504 11973 402618 3419 3419 4736 5483 38307 13629 
26100 31304 2968 126627 8032 7151 395083 393321 1638 10045 4444 12917 8341 7709 2363 13955 14522 9721 6174 3214 3631 12744 402103 3418 3418 4715 5588 42502 13610 
26200 31583 2728 132850 9051 7824 396384 394126 1680 10201 4457 13575 8488 7887 2469 15885 15685 9835 6439 3218 3604 13811 403601 3428 3428 4713 5733 46245 13649 
26300 32013 2603 138689 9376 8735 395714 393265 1695 10217 4446 14173 8504 8171 2573 17535 16306 9693 6653 3232 3820 14964 403498 3431 3431 4735 5635 49792 13654 
26400 32950 2611 147602 10202 9533 394497 392282 1699 10165 4451 14866 8896 8095 2602 19938 17287 9567 6651 3223 3627 15943 403333 3432 3432 4736 5703 54897 13633 
26500 33919 2690 154597 10999 10584 393442 391191 1703 10645 4443 15862 8970 8178 2723 21818 18173 9689 6581 3246 3713 16598 403109 3434 3434 4743 5669 59775 13575 
26600 34296 2636 156883 11364 10875 392984 390717 1694 10727 4430 16886 9078 8094 2726 22061 18644 9805 6604 3306 3729 16827 403208 3433 3433 4786 5762 61261 13551 
26700 35549 2566 166361 12189 11968 392192 390062 1841 11036 4450 17554 9213 8210 3101 24857 19848 10001 6814 3488 3608 18595 403678 3439 3439 4799 5821 67202 13574 
26800 36402 2680 174877 12834 12893 391774 389066 1863 11161 4427 18539 8946 8375 3095 26843 20745 10406 7038 3505 3559 20358 403676 3440 3440 4761 5957 72330 13547 
26900 37468 2737 183963 13902 13967 392495 389475 1824 11249 4425 20027 9029 8682 3341 28863 21839 10370 7212 3840 3563 21761 405167 3456 3456 4785 6204 78256 13564 
27000 37585 2677 188898 14597 14663 392357 389030 1838 11302 4419 20700 8957 8821 3366 29670 22583 10241 7164 3834 3660 22273 405258 3456 3456 4787 6056 81836 13556 
27100 37962 2626 193444 14937 15352 391915 388585 2006 11467 4393 21439 9002 9133 3399 31515 23280 10254 7277 3758 3688 23645 405643 3456 3456 4760 6321 85994 13538 
27200 38181 2740 200221 15307 15656 391156 387476 1855 11252 4357 21992 9159 8915 3399 32962 23838 10510 7602 3661 3555 24388 405004 3451 3451 4828 6710 88582 13485 
27300 37655 2843 206706 16137 16438 391191 386991 1865 11565 4341 22358 9360 8996 3737 35071 24253 10488 7767 3697 3768 25522 405435 3451 3451 4792 6897 93577 13495 
27400 38471 2952 210605 16559 16560 391470 386813 1879 11661 4343 23175 9445 9253 3829 36569 24971 10668 8038 3851 3646 26985 405896 3457 3457 4831 7186 95962 13498 
27500 38851 2936 216294 17534 17086 390394 385596 1895 11632 4337 23168 9477 9366 3983 37679 25511 10750 8043 3932 3899 27440 405411 3454 3454 5070 7254 98799 13481 
27600 40216 2931 226692 18825 17938 389733 384581 1923 11712 4291 24620 9615 9445 4060 40040 26916 10643 7864 4040 3772 28485 405443 3457 3457 5051 7624 105406 13448 
27700 40629 3000 231376 19389 18616 389600 384290 1934 11915 4279 24712 9663 9402 4230 41010 27359 10707 8040 3685 3858 29490 406038 3457 3457 5053 7686 108622 13449 
27800 40060 3142 232529 19393 18933 389662 383858 1950 11781 4263 24973 9887 9295 4427 41997 27749 10823 8282 3870 3923 29993 405970 3454 3454 5023 7935 109733 13452 
27900 40366 3500 236325 19794 18838 391152 384409 1957 11931 4266 25544 9653 9387 4626 42780 27889 11365 8496 3869 4029 31483 407009 3462 3462 5067 8377 111564 13465 
28000 40385 3676 245103 21115 20075 390640 383664 1980 11798 4272 26719 10234 9340 4837 45514 28945 11255 8740 4014 3901 32269 407350 3466 3466 5056 8145 117773 13423 
28100 39881 3941 250905 22073 20772 390314 383206 1989 12034 4255 26588 10248 9280 5208 46883 29178 11178 8762 4049 4049 32609 407515 3471 3471 5061 7940 121795 13403 
28200 40217 3933 252642 22581 20661 390160 382674 2005 11905 4271 26612 10139 9341 5255 47530 29389 11525 8774 4325 4004 33530 407365 3472 3472 5101 8341 122954 13399 
28300 40471 4041 255038 22986 21119 389164 381823 2004 11580 4254 27258 10300 9208 5445 48606 29345 11216 8728 4237 4179 33694 406464 3465 3465 5114 8597 124488 13361 
28400 40831 4039 258329 23215 21479 388873 381062 2008 11838 4256 27413 10419 9292 5526 49144 29727 11392 8822 4138 4196 34633 406165 3464 3464 5180 8330 125656 13339 
28500 41356 4124 270477 25577 23356 389414 381054 2042 12121 4263 28837 10058 9309 6106 52245 31161 11834 8525 4235 4264 36050 407407 3478 3478 5311 8384 133901 13349 
28600 41204 4014 270810 25599 22862 388716 379886 2020 12277 4242 28673 9817 9560 6124 52327 31399 11929 8541 4396 3946 36674 406227 3470 3470 5182 8686 134437 13313 
28700 41190 4415 271982 25806 22939 387816 379082 2028 12134 4226 28741 9943 9530 6226 52733 31454 11823 8522 4481 4017 36438 405679 3466 3466 5317 8594 134769 13282 
28800 41924 4323 276671 26614 23770 387803 379216 2061 12403 4231 29413 9872 9706 6490 53822 32136 11975 8734 4108 4057 37108 406534 3474 3474 5463 8456 138835 13297 
28900 41630 4731 277777 26851 23608 387733 378535 2054 12537 4207 29818 10066 9850 6314 54544 32208 12199 8698 3960 4371 37794 406004 3471 3471 5559 9103 138942 13264 
29000 42152 4407 287802 28372 24666 387949 378593 2072 12278 4180 31326 10160 9943 6578 56607 33669 12035 8717 3918 4063 39047 407069 3478 3478 5612 8898 146169 13241 
29100 41718 4223 285575 28196 24795 387679 377584 2084 12564 4166 30646 10386 9910 6365 56030 33603 12380 8771 3855 4059 39512 406266 3473 3473 5457 8737 145391 13234 
29200 41622 4435 289106 28849 25292 387063 376996 2081 12615 4154 31581 10709 10092 6375 57448 34147 12376 8973 3835 3962 40122 406003 3469 3469 5577 9186 148361 13212 
29300 42076 4439 290513 29131 25638 387843 376887 2092 12528 4134 31682 10726 10020 6383 58067 34344 12614 8910 3622 4108 40905 406432 3471 3471 5678 9437 150177 13208 
29400 42633 4579 296649 30067 25683 386952 376122 2107 12797 4108 32482 10650 10088 6631 59647 35069 12596 8917 3609 4011 41774 406222 3473 3473 5975 9650 153478 13186 
29500 42739 4687 299395 30192 26438 386364 375353 2119 13048 4094 33018 10233 10290 6825 60654 35425 12384 9295 3676 4078 42011 405920 3471 3471 6019 9505 156901 13190 
29600 43228 4540 303806 30845 27147 386542 375440 2124 12940 4086 32833 10230 10106 7139 60950 35971 12549 9053 3668 4181 42334 406414 3476 3476 6121 9467 158709 13188 
29700 43684 4436 304766 29856 27316 385895 374306 2189 12762 4180 32610 10341 10027 7025 61917 36082 12248 9708 3885 4265 42367 405174 3474 3474 6370 9174 159131 13214 
29800 44442 4816 311710 30900 28093 385830 373470 2209 13168 4114 33009 10639 10161 7372 63429 36467 12718 9621 3777 4313 44129 405190 3479 3479 6607 9292 163221 13208 
29900 44278 4686 312408 30828 27862 385951 373125 2197 13392 4095 33254 10638 10068 7470 64278 36512 12666 9780 3890 4310 44679 405004 3476 3476 6546 9606 163663 13159 
30000 44435 4938 314216 30946 27931 386437 372971 2177 13440 4086 33885 10695 10207 7860 65880 37191 12973 9785 3992 4349 46051 405293 3480 3480 6627 10029 166356 13133 
30100 44767 5155 323369 32771 29333 385181 372142 2185 13594 4076 34433 10733 10369 8436 68038 38420 12850 10006 3981 4308 46491 405287 3481 3481 6392 10226 171863 13110 
30200 46039 5103 329528 33703 30200 385142 371294 2191 13209 4133 34038 10646 10446 8706 70562 38940 13192 9949 4369 4394 47880 405543 3481 3481 6379 9913 176922 13137 
30300 45920 5195 329587 33763 30159 384554 370778 2196 13835 4138 34440 10643 10634 8744 70657 39156 12906 9606 4264 4351 48327 405124 3479 3479 6476 9870 177517 13131 
30400 46325 5205 327264 33745 30228 383943 369952 2197 13594 4124 34042 10872 10709 8686 69956 38715 12983 9641 4138 4296 47836 404376 3475 3475 6372 10191 175657 13109 
30500 46753 5320 331266 33890 30376 384729 369992 2259 14401 4114 34376 11054 10964 8379 71207 39184 13241 9610 4090 4374 49464 404989 3482 3482 6559 10434 178774 13132 
30600 48182 5425 342555 35712 31539 385103 370453 2284 14218 4108 34743 10608 11270 8480 73838 40717 13229 9496 4161 4260 49826 406567 3495 3495 6607 10479 185533 13168 
30700 48041 5534 342703 36162 31653 384043 369479 2276 14177 4113 35716 10935 11824 8528 74485 41064 13511 9172 3829 4343 50797 406057 3493 3493 6710 10751 187319 13147 
30800 48367 6247 347342 36249 32788 383844 368855 2281 14548 4090 36221 11035 11676 8487 75629 41792 13025 8851 3999 4300 51559 405826 3496 3496 6660 10534 190747 13133 
30900 49159 6487 353365 37350 33201 382829 367611 2313 15036 4010 36991 10718 12147 8820 77685 42716 13354 9078 3801 4415 53529 405556 3493 3493 6376 10727 194937 13084 
31000 49394 6250 350614 36901 33179 383374 367268 2438 15021 4007 36371 10591 11845 8274 76930 42672 13118 9195 3720 4825 53850 405113 3492 3492 6580 10899 194260 13087 
31100 48987 6725 356538 37907 33524 383378 367123 2457 15163 3984 36933 11006 11645 8493 79276 43344 13302 9023 3673 4472 54476 405858 3499 3499 6587 11251 198283 13089 
31200 50528 6865 364609 38552 34397 382701 366229 2472 14934 3978 38422 10789 12022 8558 80677 44345 12970 8637 3932 4523 55450 405571 3494 3494 6530 11148 204402 13049 
31300 49451 7198 359983 37467 34144 382003 365046 2471 14720 3970 37728 10823 11848 8526 79894 43592 13096 8728 4077 4329 55094 404029 3481 3481 6602 10714 200976 13036 
31400 50613 7180 368321 37988 35843 381891 364464 2511 14576 3958 39044 10777 12092 8259 82422 44883 13030 8824 4321 4809 56909 404680 3489 3489 6667 10567 208937 13024 
31500 50682 6868 371499 39244 36641 382266 364477 2526 15015 3955 39907 11024 12659 8406 83251 45689 13288 8748 4339 4747 58465 405137 3492 3492 6784 10476 211922 13021 
31600 50042 7174 370773 38946 36532 382252 363948 2538 15043 3941 38696 11005 12508 8434 82863 45859 13418 8522 4287 4975 58590 404538 3489 3489 7042 10274 212310 13005 
31700 50955 7846 384684 40104 37407 381644 363123 2553 14805 3910 39825 10332 12159 9128 87345 47348 13213 8856 4415 4640 60154 404993 3495 3495 7429 10649 221843 12997 
31800 50477 7251 384455 40495 37894 380458 361763 2670 15057 3912 39977 10478 12541 9340 87639 47551 13381 8951 4599 4798 61434 404020 3488 3488 7187 10213 223224 12960 
31900 50357 7029 383130 39680 37595 379622 360600 2665 14537 3892 39749 10575 12128 9446 87847 47403 13059 9029 4579 4933 61250 402707 3475 3475 7065 10749 223847 12895 
32000 50845 7077 389398 40090 38381 380300 360396 2690 15038 3867 40486 10972 12090 9375 90288 48500 12802 9263 4870 4772 62374 403292 3480 3480 7549 10789 227602 12878 
32100 51547 6960 394733 40901 39048 380682 360053 2939 15217 3868 39903 10993 12100 9226 91051 49571 13314 9243 4929 4676 63356 403603 3486 3486 7832 11050 229948 12875 
32200 53063 6873 404555 42541 40465 380336 359945 2970 15351 3851 41230 10739 12306 10179 94274 51037 13155 9036 4897 4600 64543 404862 3496 3496 7933 10966 240292 12880 
32300 51801 6841 406602 42832 40473 379136 358547 2980 15657 3825 41303 10775 12566 10373 95790 51113 13401 9404 4949 4721 65373 403894 3489 3489 7582 11095 241929 12838 
32400 50826 7181 404947 42519 40265 378478 358064 2981 15746 3769 41693 11133 12660 10321 94529 50634 13464 9082 5270 4539 65426 403115 3484 3484 7626 11300 239542 12798 
32500 52260 6886 410301 43336 41504 379142 357808 3076 15704 3753 42938 11038 12740 10640 96812 51564 13559 9442 5095 4367 67253 403853 3492 3492 7443 10668 244729 12797 
32600 52873 6223 416095 44052 42245 378570 357858 3070 16053 3758 44141 10799 13298 11099 98291 52466 13684 9346 5342 4531 67732 404389 3498 3498 7642 10492 250944 12792 
32700 52911 6692 419063 44210 42442 379062 357583 3015 15609 3736 43353 10624 12778 11452 99263 52123 13850 9567 5348 4544 68069 404533 3498 3498 7604 10768 252785 12785 
32800 53042 6601 417611 43978 42379 379142 357084 3080 15255 3733 43507 10939 12779 11634 100615 52866 13532 9666 5560 4728 68002 404106 3495 3495 7279 11013 254103 12779 
32900 54337 5826 425221 45637 43848 378515 356665 3044 16339 3686 44662 10745 13299 11724 101848 54025 13447 9768 5273 4909 69571 404993 3504 3504 7125 10903 261286 12740 
33000 54150 6414 425475 45434 43419 378046 355671 2993 15954 3670 44755 10832 13186 11824 101770 53616 13714 9427 5211 4804 70227 404114 3497 3497 7328 11044 259608 12704 
33100 53427 6485 423010 45245 43432 377980 355252 3003 15787 3675 43590 10716 13131 12466 102811 53113 13801 9426 5271 4925 70153 403604 3497 3497 6928 11246 259202 12704 
33200 54255 6340 426079 45123 44283 378375 355342 3012 15709 3675 44158 10777 12922 12678 103905 53783 13946 9548 5541 4799 71118 404423 3500 3500 6710 11286 262635 12700 
33300 55339 6399 435812 46956 45395 378104 355107 3016 15719 3650 45365 10871 12931 13355 106176 55271 14376 9205 5632 5056 72363 405603 3510 3510 7252 11481 270728 12696 
33400 54887 6643 436584 47747 45790 377160 354228 2996 16373 3664 46255 11107 13128 13380 106415 54909 14584 9246 5568 4826 73024 404865 3500 3500 7455 11756 271657 12663 
33500 54796 6594 432704 46955 45538 375906 353357 2981 16269 3664 45189 11029 13083 13332 104791 54894 14918 9206 5370 4891 71716 403495 3488 3488 7347 11713 269272 12620 
33600 55872 6815 441768 47584 46294 377616 353436 2958 16336 3645 45769 11058 13276 13314 107164 56130 15217 8930 5435 4819 74816 404796 3501 3501 7500 12131 275483 12645 
33700 56896 7040 451361 48292 47598 378172 353802 2970 15964 3743 46980 11005 13233 13412 110067 57179 15380 9001 5701 4830 75733 406357 3510 3510 7516 12767 283140 12653 
33800 55980 7184 447246 47839 47102 376977 352893 2961 15874 3741 46790 11111 13651 13213 110059 56840 15045 9207 5759 5097 75065 405061 3499 3499 7236 12819 281936 12621 
33900 56375 6593 447475 47838 48163 377403 352695 2969 16078 3743 46482 10804 14159 13689 111476 57755 15748 9421 5661 5255 76584 405476 3499 3499 7305 13599 284674 12624 
34000 56690 6431 450229 47669 48204 377080 352091 2988 15620 3734 47327 10645 13982 13878 111296 57304 15870 9421 5701 5088 77237 405320 3504 3504 7372 13960 285806 12625 
34100 58065 6634 458526 48294 49444 377731 351830 3022 15660 3726 47229 10778 13735 14188 113030 58412 16175 9733 5757 4972 78746 406057 3509 3509 7253 14335 291302 12608 
34200 58696 6923 458936 48743 49575 377199 351491 3011 15598 3726 47383 10682 14407 14000 113679 58468 16458 9619 5866 5072 78967 405793 3507 3507 7314 14496 290999 12606 
34300 59596 7108 463645 49246 50607 377811 351229 3044 15764 3713 47710 10576 14698 13922 114413 58631 16890 9872 5607 5202 80464 406341 3512 3512 7369 13982 293990 12611 
34400 60883 7101 476245 50524 52444 377367 350914 3060 15987 3643 50021 10138 14650 14398 118117 60118 16823 9782 5578 5122 82202 407470 3521 3521 7572 13895 305641 12593 
34500 60755 7045 469760 49329 52101 376804 350158 3042 15759 3637 48087 10210 14391 14161 116613 59228 17196 9387 5387 4853 81843 405914 3500 3500 7231 14021 299638 12552 
34600 61519 7140 474192 49410 52591 376933 349384 3065 15846 3620 48949 10236 14525 14077 117571 59671 16937 9793 5697 4885 83602 405886 3504 3504 7268 14288 302392 12534 
34700 62143 7277 475977 49488 53130 377574 349259 3086 15761 3624 48691 10423 14573 14224 118721 60375 17064 10017 5604 4853 85385 406717 3510 3510 7133 14138 306093 12548 
34800 62639 6983 478900 50901 53316 375953 348394 3080 16049 3631 49216 10303 14792 14780 119341 60648 17479 9858 5491 5056 85153 406261 3507 3507 7196 14596 310793 12520 
34900 64049 7612 486886 50994 54261 375548 348107 3077 15825 3612 49968 10073 15178 15036 120487 61120 17819 9902 5604 5128 85331 406662 3510 3510 6887 14264 314327 12516 
35000 63758 7463 485061 50223 54465 376214 348056 3087 15482 3609 49259 10015 15260 14544 120411 61010 17855 10132 5474 5233 86416 406706 3509 3509 6949 14054 314050 12522 
35100 63940 7347 482581 49880 55169 377022 347630 3095 15447 3602 48768 10134 15269 14557 120337 61051 18102 9739 5104 5217 87637 406567 3505 3505 6832 13749 315290 12513 
35200 64063 7558 482696 50234 55336 375953 347170 3088 15453 3656 48776 10199 15213 14709 120036 61353 18261 9970 5045 5481 87605 406345 3504 3504 6882 13926 316122 12498 
35300 64529 7978 487466 50828 56386 376334 346720 3112 15420 3642 49519 10162 15012 14661 122620 61966 18420 9736 4940 5388 88675 406726 3506 3506 6970 13928 321803 12488 
35400 64461 8266 499442 52128 57739 375451 346168 3119 15582 3629 51058 10204 15484 15392 126088 63489 18472 10332 5246 5131 89627 407738 3512 3512 6882 13753 330290 12485 
35500 64489 8609 495117 50987 57408 375325 345502 3105 15245 3570 50275 10038 15218 15444 125417 62941 18819 10386 5519 5004 89303 406706 3501 3501 7059 14312 327521 12446 
35600 64907 8280 496113 50775 57548 375810 345024 3126 15333 3555 51330 10185 15403 15670 125162 63265 19028 10785 5247 5069 90831 406635 3498 3498 7156 14553 329014 12421 
35700 66099 8075 496773 50565 58419 375385 344519 3123 15128 3561 50995 9990 15232 16172 124829 63294 19767 10714 5077 5124 91192 406462 3493 3493 7205 14464 330744 12395 
35800 65994 8533 499895 51998 58703 375256 344502 3132 15033 3568 51162 9984 15140 16674 126406 63990 19804 10638 5165 5294 91633 407033 3497 3497 7596 14810 336590 12410 
35900 67139 8947 508918 52458 59846 375179 344945 3147 15127 3562 52419 9780 14783 16893 129190 65129 19882 10881 5565 5399 91525 408424 3508 3508 7819 15134 342569 12436 
36000 67073 8342 511223 52927 60926 376210 345036 3168 15261 3559 52329 10076 15088 17150 130527 66164 19892 10426 5485 5632 93624 409525 3517 3517 7653 14541 347503 12449 
36100 66377 8084 509867 53345 60265 376186 344164 3168 15365 3555 52099 10012 14952 17095 130101 65875 19904 10289 5572 5561 93266 408661 3508 3508 7584 14967 344755 12429 
36200 68568 7950 514518 52851 62166 377157 343888 3188 15400 3557 51987 10041 14971 17203 130459 66632 20754 10487 5380 5451 95430 409370 3505 3505 7437 14935 348017 12419 
36300 68051 8517 513157 53730 61926 376952 343484 3295 15344 3557 51467 9873 14977 16921 130924 66685 20730 10498 5377 5807 95996 409028 3504 3504 7387 14726 348900 12530 
36400 69611 8633 527128 55589 64183 376158 343428 3312 15733 3493 52839 9792 15393 18146 133965 67993 20646 10434 5393 5790 96955 410145 3515 3515 7534 14731 359494 12533 
36500 69827 8552 521525 53748 64161 374824 342248 3291 15479 3478 51726 9727 15086 17657 132741 66952 21187 10204 5564 5559 96111 408591 3500 3500 7356 14751 355332 12489 
36600 68783 8861 517953 54560 63717 374412 341224 3288 15331 3465 51265 10213 15382 17270 131909 67272 21083 9998 5357 5751 96594 407549 3490 3490 7593 14625 354063 12463 
36700 69059 8892 522302 54812 64655 375861 341602 3325 15480 3473 51532 10087 15303 17180 133309 68201 21327 9990 5361 5701 98085 408688 3503 3503 7690 14936 357616 12487 
36800 69932 8996 528139 56217 65588 376211 341729 3356 15910 3469 51791 9995 15060 17449 133966 68791 21251 10279 5222 5851 98845 409506 3511 3511 8046 14809 362158 12488 
36900 70442 9633 534276 57383 66240 375465 341631 3352 16349 3468 52842 9958 15175 18590 136403 69049 21156 10432 5157 5927 99119 410147 3518 3518 7743 14985 369515 12489 
37000 70999 9550 536576 56826 67302 374653 341158 3343 16156 3476 53013 10024 15416 18502 137175 68999 22134 10515 5367 5715 98891 409927 3513 3513 7851 14358 369413 12475 
37100 70457 9356 532860 56360 67146 374584 340362 3357 16142 3570 52580 10065 15453 18142 136751 68981 22142 10307 5321 6055 100088 409235 3504 3504 8116 14159 367585 12445 
37200 70107 9380 532230 56445 67133 374710 339960 3379 16228 3572 51916 10124 15557 17904 136566 69373 22247 10294 5285 6321 100633 408968 3500 3500 8133 14398 368203 12437 
37300 70062 9094 531950 57746 67547 375201 339963 3405 16138 3520 52343 10325 15709 17965 137305 70028 22119 10583 5196 6479 101018 409248 3504 3504 8362 15126 371889 12433 
37400 71186 9386 536933 58906 68350 375789 340505 3407 16082 3525 52997 10335 15519 18566 139502 70278 22387 10471 5165 6689 102511 410425 3511 3511 8161 15221 378089 12438 
37500 72709 10408 548673 59691 69889 375854 340118 3421 16457 3637 53249 10263 15436 18967 142076 71748 22807 10206 5371 6408 103028 411374 3515 3515 8030 15852 385510 12422 
37600 73867 10165 550160 58440 70922 376080 339743 3397 16363 3628 52346 10429 15434 18617 142129 71956 23899 9959 5200 6271 104177 411345 3505 3505 7755 15668 385470 12393 
37700 72911 10430 544753 58239 70458 376054 338979 3405 16263 3636 51360 10541 15402 18771 141624 72073 24130 10189 5358 6811 104234 410805 3499 3499 7927 15956 383549 12382 
37800 73950 10260 547136 58281 71790 376919 339063 3420 16111 3655 51251 10666 15113 18386 142848 72348 24758 9975 5262 6916 105467 411711 3501 3501 8217 16314 386733 12373 
37900 74522 9963 552605 59572 72508 377167 338826 3478 16160 3659 51671 10816 15562 18948 144163 72805 25118 9657 5463 6851 108637 412512 3505 3505 8079 16616 391718 12312 
38000 74566 10250 554336 59866 72533 377026 338781 3483 16283 3652 52172 10822 15621 18966 144660 72774 25489 9732 5473 6782 108938 412677 3506 3506 8114 16926 392993 12304 
38100 77210 10349 566342 60525 75344 376733 338193 3481 16853 3627 54174 10733 15786 18885 147038 74132 25933 9617 5436 6568 110289 413741 3509 3509 8356 17026 402092 12284 
38200 78474 10388 567814 60537 75929 376948 337811 3488 16945 3632 54346 10831 15882 18807 146565 74621 26506 9330 5406 6359 111444 413683 3507 3507 8259 16855 402900 12286 
38300 78459 9979 563235 60642 75485 375745 336995 3496 16481 3637 53589 10604 15805 18503 145528 74000 26161 9284 5143 6538 110853 412325 3497 3497 8174 16944 400040 12267 
38400 80369 9933 569394 61258 77340 377979 337436 3508 16800 3654 53426 10499 15932 18840 147604 75046 27215 9026 5317 6817 113655 414325 3505 3505 8493 17037 406235 12277 
38500 79836 9712 569285 60599 77150 377831 337159 3502 16943 3650 54191 10638 16069 19259 147627 74760 27125 9224 5249 6683 113484 414105 3503 3503 8659 16592 406602 12264 
38600 79296 10115 566054 60999 76991 377335 336546 3492 16983 3581 54184 10960 16187 19412 147354 74713 27097 9552 5226 6850 113060 413212 3499 3499 8628 16400 404538 12263 
38700 80903 10004 571961 61234 78514 378239 336788 3475 17100 3520 54451 11263 16121 18729 149080 75664 27180 9478 5333 7100 115339 414437 3507 3507 8613 16811 410687 12221 
38800 81899 9977 575726 61601 79544 378231 336660 3483 17395 3517 54968 11322 16049 18315 149840 76574 26783 9400 5305 7126 116671 414558 3510 3510 8509 16405 413843 12212 
38900 82464 10706 581183 63194 79397 377311 336267 3524 17420 3612 56393 11491 16225 18623 151798 76940 26284 9434 5357 7179 116724 414851 3513 3513 8536 16811 417516 12211 
39000 84199 10601 587766 63398 81135 377969 336501 3524 17190 3617 56954 11507 16084 19251 154898 78185 27334 9379 5307 6651 119485 416405 3517 3517 8572 16347 423863 12197 
39100 84123 10741 585136 63316 81035 377314 336190 3478 17198 3562 56471 11385 15966 19149 153920 77909 27828 9146 5436 6425 118950 415844 3508 3508 8485 16339 421894 12171 
39200 82664 10754 579044 62050 80201 377213 335305 3480 17160 3554 55430 11214 16110 18867 153248 76886 27764 9146 5391 6716 118527 414603 3497 3497 8449 15935 417347 12150 
39300 83163 10570 578523 61642 81194 378293 335312 3457 17283 3561 55083 11443 16157 18615 153451 77229 27674 9428 5359 6922 119649 415048 3499 3499 8409 15544 419135 12153 
39400 85170 10605 588347 62547 83436 379869 335767 3483 17261 3560 55444 11645 16124 18689 156682 78182 28653 10087 5379 7111 122767 417150 3508 3508 8553 16088 428352 12162 
39500 86991 10388 594321 62678 85205 380176 335976 3472 17401 3561 55381 11626 16039 18833 159413 78938 29686 9562 5502 6956 123461 418118 3508 3508 8620 15996 434391 12140 
39600 87666 10365 598951 63264 85723 379238 335841 3485 17544 3552 57356 11645 16152 19261 159993 79337 29117 9693 5465 6861 123454 418299 3514 3514 8577 15911 438580 12141 
39700 88348 10814 600503 63396 85802 379530 335610 3459 17315 3554 56926 11479 16196 19157 160551 79450 29449 9666 5453 6831 123640 418337 3511 3511 8461 15743 439168 12122 
39800 89831 11003 607292 63613 87235 380145 335745 3467 17301 3564 56865 11464 16104 19060 161860 80320 30296 10056 5492 6840 125115 419542 3516 3516 8790 15731 443279 12128 
39900 88882 10978 599628 62865 86242 379842 335010 3468 17208 3504 55891 11347 16129 19051 160110 79501 30035 10197 5916 6740 124497 418087 3506 3506 8730 15308 439376 12112 
40000 88439 10950 598779 63303 85860 379768 334530 3490 17223 3501 55729 11273 16186 19119 160519 79466 30050 9834 5969 7193 125275 418021 3513 3513 9176 15568 439723 12130 
40100 88930 10936 600572 63693 86460 379122 334136 3479 16710 3502 55354 11362 15966 19253 162086 79525 30651 9927 5833 7304 126633 417983 3512 3512 9119 15793 441362 12120 
40200 89175 10648 601054 63088 86646 378388 333971 3534 16763 3501 55569 11370 16007 19370 162262 79996 30428 9743 5795 7183 125960 417577 3511 3511 9024 15934 440478 12108 
40300 88300 10688 601721 63600 86634 377965 333591 3540 16341 3488 55884 11414 16273 19571 163026 80240 30249 9480 5964 7008 125686 417168 3512 3512 9237 16190 440982 12085 
40400 88803 10680 604172 63878 88072 378967 333859 3538 16560 3497 55804 11370 16549 18957 162995 81594 30957 9660 5989 6921 127725 418260 3516 3516 9201 16076 444845 12099 
40500 91270 10923 607292 63576 89252 380389 333926 3546 17183 3515 55196 11452 16858 18846 162868 82083 32090 9564 5986 6850 129383 419004 3507 3507 9111 16312 447558 12098 
40600 90304 10348 602530 63445 88922 379064 332813 3537 16843 3509 54254 11297 16932 18728 160393 81506 31894 9692 5928 7108 129040 417565 3495 3495 9231 16401 444437 12058 
40700 90336 10459 602246 63705 89774 379427 332876 3482 16572 3505 54431 11411 16849 18730 161379 81318 32176 9500 6197 7407 129508 418036 3496 3496 9453 16375 446380 12047 
40800 92144 10752 612735 64837 90947 380494 332882 3507 16644 3505 55458 11751 16729 18953 165358 82538 32547 9634 6330 7581 131907 419580 3506 3506 9253 16859 453908 12057 
40900 94000 10842 617046 65123 92679 381062 333075 3519 17128 3518 55208 11596 16927 18887 166214 83766 33432 9531 6409 7617 133351 420700 3511 3511 9242 16895 458260 12071 
41000 94082 10508 619102 65758 93051 380042 332624 3507 16878 3528 56106 11667 17219 19128 166082 83980 33490 9677 6319 7824 132844 420654 3511 3511 9324 17146 460575 12060 
41100 94343 10326 620633 65972 94101 379777 332424 3487 17135 3532 55939 11684 17029 19020 167167 83958 33708 9684 6583 7877 133583 420449 3506 3506 9031 17216 462560 12047 
41200 94308 10145 624507 66251 93976 380018 332195 3510 17374 3519 57023 12056 17328 19548 169174 84190 33345 9745 6311 7695 135072 420567 3508 3508 8776 17318 465716 12219 
41300 95705 11090 629735 65655 95310 381336 332045 3541 17117 3512 57089 11784 17328 19281 170683 84996 34052 10070 6242 7698 136371 421369 3513 3513 8742 17741 469271 12211 
41400 93694 11105 625196 66331 95037 379723 330974 3529 17427 3520 56851 11938 17775 18874 169164 84924 34199 10038 6274 7808 134090 420124 3512 3512 8970 17712 467667 12190 
41500 93376 10916 624226 66390 95348 380929 330843 3526 17430 3522 56260 11900 17893 18739 169534 84632 34384 9924 6394 8085 135492 419988 3511 3511 9289 17982 468296 12194 
41600 93758 10498 629005 67087 96426 380768 330716 3551 17469 3526 56860 12019 18656 19839 172270 85239 34396 10484 6899 8409 135973 421123 3520 3520 9336 18163 473320 12203 
41700 95844 11191 636376 66904 97236 381016 330365 3560 17435 3514 57339 12146 18506 19858 172926 85875 34685 10535 6963 8404 137339 421719 3522 3522 9078 18822 476931 12100 
41800 95839 11294 636206 67831 97222 381209 330388 3542 17239 3515 57154 12141 18610 19535 173711 86149 34993 10395 6676 8429 138325 421783 3522 3522 9029 18775 477025 12115 
41900 96875 11414 638135 67462 97017 380509 330221 3531 17247 3508 57522 12150 18553 19279 173502 86025 35095 10486 6618 8238 138520 421380 3518 3518 8964 18468 476143 12107 
42000 96851 11395 639550 67262 97419 380186 329775 3540 17539 3488 58328 12192 18577 19105 174213 86763 34941 10164 6867 8233 139581 421042 3518 3518 8794 19061 478494 12088 
42100 97807 11158 639352 66426 98441 379333 328837 3492 17994 3495 58239 12180 18433 19164 173856 87244 35662 10145 6831 8217 140182 420501 3512 3512 8901 18643 478625 11982 
42200 98439 11299 638496 66374 98540 380555 329180 3501 17966 3498 57765 12066 18376 19131 174092 87696 35955 10173 7034 8186 140854 421072 3513 3513 9017 19173 478898 12006 
42300 97982 11002 637359 67366 98427 379691 328743 3507 17817 3508 57395 12087 18484 19217 173920 87617 35676 10662 6704 8070 139942 420331 3506 3506 9196 19092 478722 11989 
42400 98746 11819 642282 68046 99408 380224 329246 3514 17761 3725 57336 12048 18639 19376 174620 87755 36808 10756 7084 8352 139953 421634 3512 3512 9263 18892 480606 11990 
42500 99376 12301 645223 68478 100003 381017 329836 3531 17841 3724 57461 12041 18864 19114 175089 88644 36627 10691 7320 8385 141089 422853 3520 3520 9437 18518 482607 12005 
42600 100153 12113 648077 68297 100745 382967 330039 3547 17934 3730 57120 12052 19017 19000 176424 89297 37092 10489 6863 8639 143916 424303 3525 3525 9549 19187 486941 12025 
42700 100929 12396 654132 68434 101825 382499 329505 3537 18162 3621 58326 12203 18981 18978 177435 89687 37347 10507 6840 8501 145048 424426 3525 3525 9328 19458 491017 12002 
42800 101688 12488 655912 68368 103100 380577 329016 3529 18721 3621 59195 12398 19332 18706 177789 90314 37206 10194 6447 8686 143943 423612 3526 3526 9136 19174 491882 12168 
42900 102217 13197 655646 68445 103397 379938 328511 3522 18495 3603 59269 12427 19574 18650 178090 90844 37422 10192 6539 8530 143932 423636 3524 3524 9182 19104 493335 12152 
43000 100764 13181 648901 68453 102163 378755 327407 3505 18238 3611 57847 12340 19533 18843 175366 90627 37987 10112 6513 8555 142815 421981 3508 3508 9244 19688 489018 12122 
43100 99659 12809 644464 68210 101338 377663 326538 3499 18153 3603 57288 12374 19204 19265 173913 90293 37559 10233 6759 8617 141362 420396 3496 3496 9166 20164 486094 12096 
43200 100204 13184 649030 69202 102326 378438 327012 3522 18275 3612 57615 12211 19468 19527 175878 91153 37927 10442 6684 8612 142579 421920 3503 3503 9726 20040 490712 12112 
43300 101320 13398 654949 69410 104029 379749 327411 3540 18576 3617 57889 12226 19337 19518 177852 91971 38379 10483 6750 8529 145010 423393 3514 3514 9815 19921 496309 12128 
43400 101291 13730 655386 69685 104063 380337 327102 3517 18514 3623 57778 11944 19612 19365 176928 92129 38359 10480 6991 8781 146262 423630 3514 3514 9991 19824 497796 12122 
43500 100691 13621 656442 69725 103686 379989 326756 3500 18813 3618 58338 11953 20085 19415 177435 92291 38063 10664 7017 9044 145662 423057 3511 3511 9978 21174 498664 12110 
43600 101585 13837 660211 70337 105664 379977 326872 3480 18596 3625 58757 11933 19916 20008 179043 93615 39028 10665 7149 9037 146675 424029 3513 3513 9901 21231 502384 12100 
43700 102697 13752 662904 69635 106320 379850 326477 3482 18803 3630 58699 11883 19704 20020 179824 94107 39502 10729 7029 8898 147459 424105 3513 3513 9840 20777 503238 12101 
43800 104437 14148 668915 69781 106367 380726 326247 3493 18958 3618 60836 11808 20287 20235 181679 94676 39430 10439 7173 8763 148201 424632 3521 3521 9756 20379 506989 12017 
43900 104843 13907 669340 69899 106142 380123 325678 3501 18754 3614 61177 11734 20418 20314 181579 94399 39702 10619 7343 9092 148420 424389 3519 3519 9930 20388 507154 11915 
44000 104734 13963 670955 70916 107768 381836 326219 3514 18652 3627 60780 11678 20806 20694 182877 95205 39639 10597 6875 9191 150757 425628 3526 3526 10327 20733 511999 11942 
44100 105549 14092 674388 70987 109559 382309 325809 3533 18643 3628 60730 11449 20851 21330 184291 95985 40227 10527 6590 9493 152404 426028 3522 3522 10415 21132 516022 11914 
44200 105497 13907 674584 71487 109113 382195 325562 3523 18615 3636 61311 11442 21109 21570 186099 96337 39694 10745 6769 9700 152499 425781 3523 3523 10382 21671 517636 11918 
44300 104345 13672 671376 71641 108410 381625 324922 3517 18769 3623 61550 11345 21296 20919 184703 95353 39618 10802 7072 9578 151646 424482 3514 3514 10134 21483 513942 11897 
44400 105229 14131 676116 72152 109856 381863 324965 3534 18693 3631 60850 11209 21449 21139 186459 96512 40039 11322 7286 9542 151947 425835 3521 3521 10225 22211 518906 11903 
44500 106127 14419 678978 71588 111036 382118 324884 3542 18843 3635 60241 11232 21624 21036 187286 96688 40828 11233 7155 9199 153044 426301 3524 3524 9965 21891 519202 11903 
44600 106492 14353 680538 71207 112211 383830 325374 3549 18802 3646 60291 11496 21908 21152 189012 97128 41503 11517 7294 9127 154393 427548 3532 3532 9945 22421 521250 11925 
44700 105632 13890 680533 72211 112816 382759 324669 3557 19013 3647 61541 11567 22568 21461 189461 97949 41081 11209 7440 8916 154355 426821 3530 3530 9948 22087 523885 11912 
44800 106813 14727 685424 72385 113498 382444 324135 3565 18933 3632 61467 11536 22476 20951 189312 98435 41332 11695 7501 9101 154728 426847 3526 3526 10039 21910 526125 11881 
44900 107746 14970 691154 72658 115198 382193 323934 3559 18993 3624 61718 11597 22131 21295 190777 99208 41496 11698 7567 9348 156281 428087 3530 3530 10567 21974 531731 11860 
45000 107337 14842 691927 72958 115263 382236 323215 3558 19010 3625 61743 11653 22132 21476 191090 98976 41687 11680 7398 9718 157212 427154 3526 3526 10391 22041 532629 11848 
45100 106155 14681 685372 72787 114324 381186 322226 3530 18854 3620 61315 11570 22677 21693 189919 98307 42115 11758 7750 9918 156703 425460 3516 3516 10253 21876 529233 11820 
45200 106309 14304 685157 72478 114439 381599 322125 3538 19156 3625 61206 11494 22906 21823 191014 98533 42393 11785 8241 10037 156781 425606 3516 3516 10319 22115 531170 11834 
45300 105894 14762 682184 71677 115778 381438 322082 3537 19071 3633 60785 11247 22939 21641 190837 98451 43015 12070 8183 9681 157366 425876 3513 3513 10595 22048 530835 11830 
45400 107344 15162 687517 71440 117412 382821 322672 3547 19430 3627 60160 11091 22374 21123 192101 99528 43345 12070 8052 9274 159064 427462 3521 3521 10671 22123 534618 11854 
45500 107001 14932 691714 71025 117893 383171 322720 3539 19605 3635 59872 11102 22477 20446 192191 100224 43415 12181 7919 9226 159580 428197 3523 3523 10735 22436 535916 11867 
45600 106812 15437 695648 71802 117192 382408 322261 3545 19888 3637 60818 10978 22698 20448 193150 101112 43385 12128 8229 9320 160293 427861 3525 3525 10725 22955 537253 11861 
45700 107233 15861 696181 71375 117620 382816 321596 3554 19504 3623 61742 11176 22586 20305 194822 101493 43436 12422 8309 9414 161563 427449 3522 3522 10851 23779 538438 11856 
45800 107952 15797 699253 71653 117842 381865 321151 3557 19495 3628 62763 11377 22932 20079 195249 102069 43361 12553 8536 9444 161271 427691 3524 3524 10926 24177 540823 11837 
45900 109007 15877 704041 72367 118688 382728 321296 3578 19516 3628 63311 11551 22983 20553 195896 102248 43359 12665 8862 9692 162603 428824 3533 3533 11167 24727 544683 11863 
46000 109726 16061 705707 72680 120015 383452 321160 3602 19921 3639 62971 11548 23059 21214 196566 102860 44275 12771 8970 9991 163019 429122 3533 3533 11242 24307 548017 11859 
46100 109156 16374 703116 73275 120212 383128 320950 3592 20289 3638 62618 11378 22679 21209 196349 103108 44840 13002 8764 10314 163438 429222 3529 3529 11439 25021 548987 11851 
46200 109645 16557 706248 72786 121420 385222 321514 3493 20356 3648 62668 11188 22960 21214 198172 103855 45233 13364 8782 10192 166079 430548 3534 3534 11447 25192 553029 11866 
46300 110481 16536 707962 73131 122024 385209 321156 3508 20308 3541 62312 11467 22927 21168 198543 104202 45371 13349 9078 10219 166805 430857 3537 3537 11459 25317 554807 11871 
46400 110450 15884 705822 72394 121629 384340 320534 3494 20370 3542 62226 11312 22714 20733 197349 103444 44897 12958 9007 10058 165822 429841 3530 3530 11451 26161 552044 11853 
46500 111590 16018 709133 71217 123341 384779 320636 3480 20368 3549 62345 11391 22900 20176 198410 104247 45672 12935 8928 10658 168049 431084 3532 3532 11405 26299 554684 11864 
46600 111397 16309 710442 72740 123495 384213 320364 3482 20636 3551 63154 11652 24035 21064 199143 104249 45738 13023 9093 10868 168433 431036 3533 3533 11416 26400 558228 11852 
46700 111546 16045 710087 73197 124467 383667 320125 3491 20848 3535 63096 11386 23745 20900 198717 105292 45960 13273 9368 10698 168014 430731 3530 3530 11727 27168 558618 11823 
46800 112355 15931 712892 73750 124573 383123 319711 3494 20903 3531 63919 11509 23423 20942 198764 105541 45206 13209 9823 10423 168243 430480 3531 3531 12242 27400 560694 11819 
46900 112423 15458 714169 73505 125062 383342 319598 3493 20724 3516 64171 11370 22858 21199 199027 105675 45429 13120 9485 10380 168113 430541 3531 3531 12278 26980 560949 11810 
47000 113042 16423 718677 73755 126438 384046 319714 3442 20750 3471 64634 11490 23246 21079 200619 106158 45869 13228 9404 10372 169343 431537 3535 3535 12030 26916 564184 11830 
47100 112252 17097 718985 74901 126554 384404 319405 3450 20823 3477 64734 11688 23079 21515 201561 107097 45609 13601 9325 10541 170418 431560 3535 3535 11920 27457 567486 11835 
47200 111975 16769 723287 75288 126315 384616 319153 3465 21216 3470 65199 11906 23755 21074 202238 107540 45442 14054 9099 10964 171701 431595 3534 3534 12040 27534 570375 11828 
47300 112472 16403 725684 76093 126499 384147 318981 3398 21507 3473 65186 11740 24468 21562 204258 107391 45899 14284 9220 10891 172060 432010 3538 3538 12155 27689 574074 11812 
47400 112513 17005 724365 76223 126591 383111 318485 3392 21345 3468 65405 11658 24508 21402 203805 106932 46318 13953 9345 10754 172050 431675 3534 3534 12269 27595 573847 11794 
47500 112620 16443 723169 76041 127995 382096 317991 3377 21295 3481 64620 11438 24031 21308 202868 106926 46656 13742 9198 10724 172409 431178 3530 3530 12227 27716 574230 11790 
47600 113110 16339 721296 75569 128013 382294 317959 3388 21526 3488 64562 11642 24033 20954 202834 107256 46998 13782 9086 10373 173420 431655 3531 3531 12108 27771 573786 11816 
47700 113704 15682 724645 76608 128390 382909 318277 3389 21838 3491 65028 11718 23895 21329 204033 107997 47613 13687 9056 10442 174809 432486 3539 3539 12032 27469 577942 11831 
47800 114347 15769 725320 77360 128008 382505 317955 3387 21760 3498 65434 11874 24092 21225 203446 108160 47279 13621 9220 10611 174730 432023 3536 3536 12046 27915 576606 11827 
47900 114050 16349 722211 76958 126632 380861 316797 3389 21448 3491 65429 11801 24040 20951 201302 107437 46471 13489 8979 10678 173493 430214 3528 3528 11719 27289 573417 11795 
48000 114041 16826 726874 77128 127759 382087 317207 3403 21373 3497 65516 11980 23903 20917 202799 108176 46526 13580 8761 10828 175064 431556 3535 3535 11626 27073 576760 11821 
48100 115426 16952 733144 77664 129948 383721 317733 3422 20908 3498 65712 11993 24045 21249 205049 108451 47587 14056 8931 10753 176657 433189 3546 3546 11496 27848 582789 11847 
48200 115685 16843 737452 77861 129937 383817 317612 3437 20696 3483 66129 12391 24278 21708 207412 109023 47917 14805 9447 10870 177975 433903 3547 3547 11804 28135 587209 11841 
48300 117191 16777 741575 78324 131717 384605 317598 3455 20872 3485 67032 12457 24222 21688 209861 109999 48331 14547 9693 11474 180262 434866 3554 3554 11728 28108 594607 11838 
48400 117353 17305 739293 78884 132210 385173 317951 3439 21131 3512 67469 12504 24393 22550 209037 110045 48638 14550 10155 11428 180360 435401 3555 3555 12244 27666 595962 11837 
48500 117311 17945 738200 78864 133337 385245 317851 3446 21122 3514 67962 12402 25218 22556 209990 110006 48716 14320 10372 11547 180292 435795 3556 3556 12346 26830 597196 11832 
48600 117609 18191 740781 78378 134572 385988 318027 3449 21064 3531 67341 12791 24983 22515 209914 109820 49407 14455 10410 11483 181241 436238 3555 3555 12070 27211 599073 11829 
48700 119032 18425 746591 77946 136303 386729 317957 3444 21115 3537 68556 12650 24786 22015 211377 111016 49835 14784 10396 11296 183199 437263 3556 3556 12210 27389 603741 11829 
48800 118266 18618 744140 78470 135529 385856 317616 3442 20739 3549 69054 12668 24430 22045 210937 111052 49452 14838 10532 10812 180930 436553 3553 3553 12148 28121 602909 11830 
48900 117494 18653 743724 77984 135225 385477 317067 3446 20880 3521 69095 12951 24186 22046 211233 109871 48931 14877 10762 10714 180618 435862 3550 3550 11956 28415 602543 11826 
49000 118888 19185 750821 78145 137283 386936 317797 3456 20808 3545 68953 12920 24890 21698 213619 110706 49774 14586 10672 10441 182945 437793 3558 3558 11883 28762 607008 11836 
49100 119621 19077 753247 77554 138123 387445 317966 3682 20678 3557 68511 12931 24580 21640 214171 111089 50107 14707 10526 10437 183282 438588 3559 3559 11669 28889 607920 11840 
49200 119802 18998 753435 78589 137621 386922 317555 3652 20824 3558 68060 12980 24244 21858 214327 110293 50753 14638 10190 10511 183683 438107 3554 3554 12023 28677 608440 11832 
49300 119408 18996 750826 78540 137325 386188 316769 3645 20525 3545 68294 12726 23774 21832 213837 109890 50612 14970 10465 10829 183217 436988 3549 3549 11994 28748 606923 11810 
49400 120020 19711 750210 79090 136643 386780 316499 3633 20448 3537 68381 13162 23460 22195 213420 109589 50521 15077 10453 11118 182948 436837 3546 3546 12084 28908 607109 11797 
49500 120745 19551 751210 78980 136508 385971 315320 3516 20200 3525 68151 13006 23468 21920 213939 109356 50391 15084 10257 11374 183794 435922 3539 3539 11917 28637 606838 11768 
49600 121662 19498 756416 78732 138506 386264 315755 3512 20199 3537 67902 13339 23766 21769 215148 110202 50861 15265 9743 11611 184323 437081 3541 3541 12081 29898 610976 11766 
49700 121196 19451 757887 78554 139509 386696 315884 3533 20460 3541 68660 13567 24475 21692 215926 110700 51089 15469 9948 11866 185730 437821 3543 3543 12327 30867 614950 11778 
49800 122181 19103 761156 79331 139989 387215 315598 3545 20374 3531 70347 13448 24157 21960 216678 111876 50966 15382 10500 11550 186105 437853 3545 3545 12400 30193 619317 11766 
49900 122935 20131 767740 80504 140416 387975 315773 3560 20173 3526 70976 12967 24139 21770 217418 112182 50863 15393 10699 12077 187542 438844 3550 3550 12475 30706 623709 11768 
50000 123059 19999 764719 80347 140532 387711 314983 3571 20312 3579 70627 12764 24257 21923 218084 112324 50881 15734 10692 12819 187883 437984 3543 3543 12749 30588 623857 11744 
