# Avida resource data
# Mon Jan 16 11:17:28 2017
# First column gives the current update, all further columns give the quantity
# of the particular resource at that update.
#  1: Update
#  2: day
#  3: night

0 0 0 
10 0 0 
20 0 0 
30 0 0 
40 0 0 
50 0 0 
60 0 0 
70 0 0 
80 0 0 
90 0 0 
100 0 0 
110 0 0 
120 0 0 
130 0 0 
140 0 0 
150 0 0 
160 0 0 
170 0 0 
180 0 0 
190 0 0 
200 0 0 
210 0 0 
220 0 0 
230 0 0 
240 0 0 
250 0 0 
260 100 0 
270 100 0 
280 100 0 
290 100 0 
300 100 0 
310 100 0 
320 100 0 
330 100 0 
340 100 0 
350 100 0 
360 100 0 
370 100 0 
380 100 0 
390 100 0 
400 100 0 
410 100 0 
420 100 0 
430 100 0 
440 100 0 
450 100 0 
460 100 0 
470 100 0 
480 100 0 
490 100 0 
500 100 0 
510 0 100 
520 0 100 
530 0 100 
540 0 100 
550 0 100 
560 0 100 
570 0 100 
580 0 100 
590 0 100 
600 0 100 
610 0 100 
620 0 100 
630 0 100 
640 0 100 
650 0 100 
660 0 100 
670 0 100 
680 0 100 
690 0 100 
700 0 100 
710 0 100 
720 0 100 
730 0 100 
740 0 100 
750 0 100 
760 100 0 
770 100 0 
780 100 0 
790 100 0 
800 100 0 
810 100 0 
820 100 0 
830 100 0 
840 100 0 
850 100 0 
860 100 0 
870 100 0 
880 100 0 
890 100 0 
900 100 0 
910 100 0 
920 100 0 
930 100 0 
940 100 0 
950 100 0 
960 100 0 
970 100 0 
980 100 0 
990 100 0 
1000 100 0 
1010 0 100 
1020 0 100 
1030 0 100 
1040 0 100 
1050 0 100 
1060 0 100 
1070 0 100 
1080 0 100 
1090 0 100 
1100 0 100 
1110 0 100 
1120 0 100 
1130 0 100 
1140 0 100 
1150 0 100 
1160 0 100 
1170 0 100 
1180 0 100 
1190 0 100 
1200 0 100 
1210 0 100 
1220 0 100 
1230 0 100 
1240 0 100 
1250 0 100 
1260 100 0 
1270 100 0 
1280 100 0 
1290 100 0 
1300 100 0 
1310 100 0 
1320 100 0 
1330 100 0 
1340 100 0 
1350 100 0 
1360 100 0 
1370 100 0 
1380 100 0 
1390 100 0 
1400 100 0 
1410 100 0 
1420 100 0 
1430 100 0 
1440 100 0 
1450 100 0 
1460 100 0 
1470 100 0 
1480 100 0 
1490 100 0 
1500 100 0 
1510 0 100 
1520 0 100 
1530 0 100 
1540 0 100 
1550 0 100 
1560 0 100 
1570 0 100 
1580 0 100 
1590 0 100 
1600 0 100 
1610 0 100 
1620 0 100 
1630 0 100 
1640 0 100 
1650 0 100 
1660 0 100 
1670 0 100 
1680 0 100 
1690 0 100 
1700 0 100 
1710 0 100 
1720 0 100 
1730 0 100 
1740 0 100 
1750 0 100 
1760 100 0 
1770 100 0 
1780 100 0 
1790 100 0 
1800 100 0 
1810 100 0 
1820 100 0 
1830 100 0 
1840 100 0 
1850 100 0 
1860 100 0 
1870 100 0 
1880 100 0 
1890 100 0 
1900 100 0 
1910 100 0 
1920 100 0 
1930 100 0 
1940 100 0 
1950 100 0 
1960 100 0 
1970 100 0 
1980 100 0 
1990 100 0 
2000 100 0 
2010 0 100 
2020 0 100 
2030 0 100 
2040 0 100 
2050 0 100 
2060 0 100 
2070 0 100 
2080 0 100 
2090 0 100 
2100 0 100 
2110 0 100 
2120 0 100 
2130 0 100 
2140 0 100 
2150 0 100 
2160 0 100 
2170 0 100 
2180 0 100 
2190 0 100 
2200 0 100 
2210 0 100 
2220 0 100 
2230 0 100 
2240 0 100 
2250 0 100 
2260 100 0 
2270 100 0 
2280 100 0 
2290 100 0 
2300 100 0 
2310 100 0 
2320 100 0 
2330 100 0 
2340 100 0 
2350 100 0 
2360 100 0 
2370 100 0 
2380 100 0 
2390 100 0 
2400 100 0 
2410 100 0 
2420 100 0 
2430 100 0 
2440 100 0 
2450 100 0 
2460 100 0 
2470 100 0 
2480 100 0 
2490 100 0 
2500 100 0 
2510 0 100 
2520 0 100 
2530 0 100 
2540 0 100 
2550 0 100 
2560 0 100 
2570 0 100 
2580 0 100 
2590 0 100 
2600 0 100 
2610 0 100 
2620 0 100 
2630 0 100 
2640 0 100 
2650 0 100 
2660 0 100 
2670 0 100 
2680 0 100 
2690 0 100 
2700 0 100 
2710 0 100 
2720 0 100 
2730 0 100 
2740 0 100 
2750 0 100 
2760 100 0 
2770 100 0 
2780 100 0 
2790 100 0 
2800 100 0 
2810 100 0 
2820 100 0 
2830 100 0 
2840 100 0 
2850 100 0 
2860 100 0 
2870 100 0 
2880 100 0 
2890 100 0 
2900 100 0 
2910 100 0 
2920 100 0 
2930 100 0 
2940 100 0 
2950 100 0 
2960 100 0 
2970 100 0 
2980 100 0 
2990 100 0 
3000 100 0 
3010 0 100 
3020 0 100 
3030 0 100 
3040 0 100 
3050 0 100 
3060 0 100 
3070 0 100 
3080 0 100 
3090 0 100 
3100 0 100 
3110 0 100 
3120 0 100 
3130 0 100 
3140 0 100 
3150 0 100 
3160 0 100 
3170 0 100 
3180 0 100 
3190 0 100 
3200 0 100 
3210 0 100 
3220 0 100 
3230 0 100 
3240 0 100 
3250 0 100 
3260 100 0 
3270 100 0 
3280 100 0 
3290 100 0 
3300 100 0 
3310 100 0 
3320 100 0 
3330 100 0 
3340 100 0 
3350 100 0 
3360 100 0 
3370 100 0 
3380 100 0 
3390 100 0 
3400 100 0 
3410 100 0 
3420 100 0 
3430 100 0 
3440 100 0 
3450 100 0 
3460 100 0 
3470 100 0 
3480 100 0 
3490 100 0 
3500 100 0 
3510 0 100 
3520 0 100 
3530 0 100 
3540 0 100 
3550 0 100 
3560 0 100 
3570 0 100 
3580 0 100 
3590 0 100 
3600 0 100 
3610 0 100 
3620 0 100 
3630 0 100 
3640 0 100 
3650 0 100 
3660 0 100 
3670 0 100 
3680 0 100 
3690 0 100 
3700 0 100 
3710 0 100 
3720 0 100 
3730 0 100 
3740 0 100 
3750 0 100 
3760 100 0 
3770 100 0 
3780 100 0 
3790 100 0 
3800 100 0 
3810 100 0 
3820 100 0 
3830 100 0 
3840 100 0 
3850 100 0 
3860 100 0 
3870 100 0 
3880 100 0 
3890 100 0 
3900 100 0 
3910 100 0 
3920 100 0 
3930 100 0 
3940 100 0 
3950 100 0 
3960 100 0 
3970 100 0 
3980 100 0 
3990 100 0 
4000 100 0 
4010 0 100 
4020 0 100 
4030 0 100 
4040 0 100 
4050 0 100 
4060 0 100 
4070 0 100 
4080 0 100 
4090 0 100 
4100 0 100 
4110 0 100 
4120 0 100 
4130 0 100 
4140 0 100 
4150 0 100 
4160 0 100 
4170 0 100 
4180 0 100 
4190 0 100 
4200 0 100 
4210 0 100 
4220 0 100 
4230 0 100 
4240 0 100 
4250 0 100 
4260 100 0 
4270 100 0 
4280 100 0 
4290 100 0 
4300 100 0 
4310 100 0 
4320 100 0 
4330 100 0 
4340 100 0 
4350 100 0 
4360 100 0 
4370 100 0 
4380 100 0 
4390 100 0 
4400 100 0 
4410 100 0 
4420 100 0 
4430 100 0 
4440 100 0 
4450 100 0 
4460 100 0 
4470 100 0 
4480 100 0 
4490 100 0 
4500 100 0 
4510 0 100 
4520 0 100 
4530 0 100 
4540 0 100 
4550 0 100 
4560 0 100 
4570 0 100 
4580 0 100 
4590 0 100 
4600 0 100 
4610 0 100 
4620 0 100 
4630 0 100 
4640 0 100 
4650 0 100 
4660 0 100 
4670 0 100 
4680 0 100 
4690 0 100 
4700 0 100 
4710 0 100 
4720 0 100 
4730 0 100 
4740 0 100 
4750 0 100 
4760 100 0 
4770 100 0 
4780 100 0 
4790 100 0 
4800 100 0 
4810 100 0 
4820 100 0 
4830 100 0 
4840 100 0 
4850 100 0 
4860 100 0 
4870 100 0 
4880 100 0 
4890 100 0 
4900 100 0 
4910 100 0 
4920 100 0 
4930 100 0 
4940 100 0 
4950 100 0 
4960 100 0 
4970 100 0 
4980 100 0 
4990 100 0 
5000 100 0 
5010 0 100 
5020 0 100 
5030 0 100 
5040 0 100 
5050 0 100 
5060 0 100 
5070 0 100 
5080 0 100 
5090 0 100 
5100 0 100 
5110 0 100 
5120 0 100 
5130 0 100 
5140 0 100 
5150 0 100 
5160 0 100 
5170 0 100 
5180 0 100 
5190 0 100 
5200 0 100 
5210 0 100 
5220 0 100 
5230 0 100 
5240 0 100 
5250 0 100 
5260 100 0 
5270 100 0 
5280 100 0 
5290 100 0 
5300 100 0 
5310 100 0 
5320 100 0 
5330 100 0 
5340 100 0 
5350 100 0 
5360 100 0 
5370 100 0 
5380 100 0 
5390 100 0 
5400 100 0 
5410 100 0 
5420 100 0 
5430 100 0 
5440 100 0 
5450 100 0 
5460 100 0 
5470 100 0 
5480 100 0 
5490 100 0 
5500 100 0 
5510 0 100 
5520 0 100 
5530 0 100 
5540 0 100 
5550 0 100 
5560 0 100 
5570 0 100 
5580 0 100 
5590 0 100 
5600 0 100 
5610 0 100 
5620 0 100 
5630 0 100 
5640 0 100 
5650 0 100 
5660 0 100 
5670 0 100 
5680 0 100 
5690 0 100 
5700 0 100 
5710 0 100 
5720 0 100 
5730 0 100 
5740 0 100 
5750 0 100 
5760 100 0 
5770 100 0 
5780 100 0 
5790 100 0 
5800 100 0 
5810 100 0 
5820 100 0 
5830 100 0 
5840 100 0 
5850 100 0 
5860 100 0 
5870 100 0 
5880 100 0 
5890 100 0 
5900 100 0 
5910 100 0 
5920 100 0 
5930 100 0 
5940 100 0 
5950 100 0 
5960 100 0 
5970 100 0 
5980 100 0 
5990 100 0 
6000 100 0 
6010 0 100 
6020 0 100 
6030 0 100 
6040 0 100 
6050 0 100 
6060 0 100 
6070 0 100 
6080 0 100 
6090 0 100 
6100 0 100 
6110 0 100 
6120 0 100 
6130 0 100 
6140 0 100 
6150 0 100 
6160 0 100 
6170 0 100 
6180 0 100 
6190 0 100 
6200 0 100 
6210 0 100 
6220 0 100 
6230 0 100 
6240 0 100 
6250 0 100 
6260 100 0 
6270 100 0 
6280 100 0 
6290 100 0 
6300 100 0 
6310 100 0 
6320 100 0 
6330 100 0 
6340 100 0 
6350 100 0 
6360 100 0 
6370 100 0 
6380 100 0 
6390 100 0 
6400 100 0 
6410 100 0 
6420 100 0 
6430 100 0 
6440 100 0 
6450 100 0 
6460 100 0 
6470 100 0 
6480 100 0 
6490 100 0 
6500 100 0 
6510 0 100 
6520 0 100 
6530 0 100 
6540 0 100 
6550 0 100 
6560 0 100 
6570 0 100 
6580 0 100 
6590 0 100 
6600 0 100 
6610 0 100 
6620 0 100 
6630 0 100 
6640 0 100 
6650 0 100 
6660 0 100 
6670 0 100 
6680 0 100 
6690 0 100 
6700 0 100 
6710 0 100 
6720 0 100 
6730 0 100 
6740 0 100 
6750 0 100 
6760 100 0 
6770 100 0 
6780 100 0 
6790 100 0 
6800 100 0 
6810 100 0 
6820 100 0 
6830 100 0 
6840 100 0 
6850 100 0 
6860 100 0 
6870 100 0 
6880 100 0 
6890 100 0 
6900 100 0 
6910 100 0 
6920 100 0 
6930 100 0 
6940 100 0 
6950 100 0 
6960 100 0 
6970 100 0 
6980 100 0 
6990 100 0 
7000 100 0 
7010 0 100 
7020 0 100 
7030 0 100 
7040 0 100 
7050 0 100 
7060 0 100 
7070 0 100 
7080 0 100 
7090 0 100 
7100 0 100 
7110 0 100 
7120 0 100 
7130 0 100 
7140 0 100 
7150 0 100 
7160 0 100 
7170 0 100 
7180 0 100 
7190 0 100 
7200 0 100 
7210 0 100 
7220 0 100 
7230 0 100 
7240 0 100 
7250 0 100 
7260 100 0 
7270 100 0 
7280 100 0 
7290 100 0 
7300 100 0 
7310 100 0 
7320 100 0 
7330 100 0 
7340 100 0 
7350 100 0 
7360 100 0 
7370 100 0 
7380 100 0 
7390 100 0 
7400 100 0 
7410 100 0 
7420 100 0 
7430 100 0 
7440 100 0 
7450 100 0 
7460 100 0 
7470 100 0 
7480 100 0 
7490 100 0 
7500 100 0 
7510 0 100 
7520 0 100 
7530 0 100 
7540 0 100 
7550 0 100 
7560 0 100 
7570 0 100 
7580 0 100 
7590 0 100 
7600 0 100 
7610 0 100 
7620 0 100 
7630 0 100 
7640 0 100 
7650 0 100 
7660 0 100 
7670 0 100 
7680 0 100 
7690 0 100 
7700 0 100 
7710 0 100 
7720 0 100 
7730 0 100 
7740 0 100 
7750 0 100 
7760 100 0 
7770 100 0 
7780 100 0 
7790 100 0 
7800 100 0 
7810 100 0 
7820 100 0 
7830 100 0 
7840 100 0 
7850 100 0 
7860 100 0 
7870 100 0 
7880 100 0 
7890 100 0 
7900 100 0 
7910 100 0 
7920 100 0 
7930 100 0 
7940 100 0 
7950 100 0 
7960 100 0 
7970 100 0 
7980 100 0 
7990 100 0 
8000 100 0 
8010 0 100 
8020 0 100 
8030 0 100 
8040 0 100 
8050 0 100 
8060 0 100 
8070 0 100 
8080 0 100 
8090 0 100 
8100 0 100 
8110 0 100 
8120 0 100 
8130 0 100 
8140 0 100 
8150 0 100 
8160 0 100 
8170 0 100 
8180 0 100 
8190 0 100 
8200 0 100 
8210 0 100 
8220 0 100 
8230 0 100 
8240 0 100 
8250 0 100 
8260 100 0 
8270 100 0 
8280 100 0 
8290 100 0 
8300 100 0 
8310 100 0 
8320 100 0 
8330 100 0 
8340 100 0 
8350 100 0 
8360 100 0 
8370 100 0 
8380 100 0 
8390 100 0 
8400 100 0 
8410 100 0 
8420 100 0 
8430 100 0 
8440 100 0 
8450 100 0 
8460 100 0 
8470 100 0 
8480 100 0 
8490 100 0 
8500 100 0 
8510 0 100 
8520 0 100 
8530 0 100 
8540 0 100 
8550 0 100 
8560 0 100 
8570 0 100 
8580 0 100 
8590 0 100 
8600 0 100 
8610 0 100 
8620 0 100 
8630 0 100 
8640 0 100 
8650 0 100 
8660 0 100 
8670 0 100 
8680 0 100 
8690 0 100 
8700 0 100 
8710 0 100 
8720 0 100 
8730 0 100 
8740 0 100 
8750 0 100 
8760 100 0 
8770 100 0 
8780 100 0 
8790 100 0 
8800 100 0 
8810 100 0 
8820 100 0 
8830 100 0 
8840 100 0 
8850 100 0 
8860 100 0 
8870 100 0 
8880 100 0 
8890 100 0 
8900 100 0 
8910 100 0 
8920 100 0 
8930 100 0 
8940 100 0 
8950 100 0 
8960 100 0 
8970 100 0 
8980 100 0 
8990 100 0 
9000 100 0 
9010 0 100 
9020 0 100 
9030 0 100 
9040 0 100 
9050 0 100 
9060 0 100 
9070 0 100 
9080 0 100 
9090 0 100 
9100 0 100 
9110 0 100 
9120 0 100 
9130 0 100 
9140 0 100 
9150 0 100 
9160 0 100 
9170 0 100 
9180 0 100 
9190 0 100 
9200 0 100 
9210 0 100 
9220 0 100 
9230 0 100 
9240 0 100 
9250 0 100 
9260 100 0 
9270 100 0 
9280 100 0 
9290 100 0 
9300 100 0 
9310 100 0 
9320 100 0 
9330 100 0 
9340 100 0 
9350 100 0 
9360 100 0 
9370 100 0 
9380 100 0 
9390 100 0 
9400 100 0 
9410 100 0 
9420 100 0 
9430 100 0 
9440 100 0 
9450 100 0 
9460 100 0 
9470 100 0 
9480 100 0 
9490 100 0 
9500 100 0 
9510 0 100 
9520 0 100 
9530 0 100 
9540 0 100 
9550 0 100 
9560 0 100 
9570 0 100 
9580 0 100 
9590 0 100 
9600 0 100 
9610 0 100 
9620 0 100 
9630 0 100 
9640 0 100 
9650 0 100 
9660 0 100 
9670 0 100 
9680 0 100 
9690 0 100 
9700 0 100 
9710 0 100 
9720 0 100 
9730 0 100 
9740 0 100 
9750 0 100 
9760 100 0 
9770 100 0 
9780 100 0 
9790 100 0 
9800 100 0 
9810 100 0 
9820 100 0 
9830 100 0 
9840 100 0 
9850 100 0 
9860 100 0 
9870 100 0 
9880 100 0 
9890 100 0 
9900 100 0 
9910 100 0 
9920 100 0 
9930 100 0 
9940 100 0 
9950 100 0 
9960 100 0 
9970 100 0 
9980 100 0 
9990 100 0 
10000 100 0 
10010 0 100 
10020 0 100 
10030 0 100 
10040 0 100 
10050 0 100 
10060 0 100 
10070 0 100 
10080 0 100 
10090 0 100 
10100 0 100 
10110 0 100 
10120 0 100 
10130 0 100 
10140 0 100 
10150 0 100 
10160 0 100 
10170 0 100 
10180 0 100 
10190 0 100 
10200 0 100 
10210 0 100 
10220 0 100 
10230 0 100 
10240 0 100 
10250 0 100 
10260 100 0 
10270 100 0 
10280 100 0 
10290 100 0 
10300 100 0 
10310 100 0 
10320 100 0 
10330 100 0 
10340 100 0 
10350 100 0 
10360 100 0 
10370 100 0 
10380 100 0 
10390 100 0 
10400 100 0 
10410 100 0 
10420 100 0 
10430 100 0 
10440 100 0 
10450 100 0 
10460 100 0 
10470 100 0 
10480 100 0 
10490 100 0 
10500 100 0 
10510 0 100 
10520 0 100 
10530 0 100 
10540 0 100 
10550 0 100 
10560 0 100 
10570 0 100 
10580 0 100 
10590 0 100 
10600 0 100 
10610 0 100 
10620 0 100 
10630 0 100 
10640 0 100 
10650 0 100 
10660 0 100 
10670 0 100 
10680 0 100 
10690 0 100 
10700 0 100 
10710 0 100 
10720 0 100 
10730 0 100 
10740 0 100 
10750 0 100 
10760 100 0 
10770 100 0 
10780 100 0 
10790 100 0 
10800 100 0 
10810 100 0 
10820 100 0 
10830 100 0 
10840 100 0 
10850 100 0 
10860 100 0 
10870 100 0 
10880 100 0 
10890 100 0 
10900 100 0 
10910 100 0 
10920 100 0 
10930 100 0 
10940 100 0 
10950 100 0 
10960 100 0 
10970 100 0 
10980 100 0 
10990 100 0 
11000 100 0 
11010 0 100 
11020 0 100 
11030 0 100 
11040 0 100 
11050 0 100 
11060 0 100 
11070 0 100 
11080 0 100 
11090 0 100 
11100 0 100 
11110 0 100 
11120 0 100 
11130 0 100 
11140 0 100 
11150 0 100 
11160 0 100 
11170 0 100 
11180 0 100 
11190 0 100 
11200 0 100 
11210 0 100 
11220 0 100 
11230 0 100 
11240 0 100 
11250 0 100 
11260 100 0 
11270 100 0 
11280 100 0 
11290 100 0 
11300 100 0 
11310 100 0 
11320 100 0 
11330 100 0 
11340 100 0 
11350 100 0 
11360 100 0 
11370 100 0 
11380 100 0 
11390 100 0 
11400 100 0 
11410 100 0 
11420 100 0 
11430 100 0 
11440 100 0 
11450 100 0 
11460 100 0 
11470 100 0 
11480 100 0 
11490 100 0 
11500 100 0 
11510 0 100 
11520 0 100 
11530 0 100 
11540 0 100 
11550 0 100 
11560 0 100 
11570 0 100 
11580 0 100 
11590 0 100 
11600 0 100 
11610 0 100 
11620 0 100 
11630 0 100 
11640 0 100 
11650 0 100 
11660 0 100 
11670 0 100 
11680 0 100 
11690 0 100 
11700 0 100 
11710 0 100 
11720 0 100 
11730 0 100 
11740 0 100 
11750 0 100 
11760 100 0 
11770 100 0 
11780 100 0 
11790 100 0 
11800 100 0 
11810 100 0 
11820 100 0 
11830 100 0 
11840 100 0 
11850 100 0 
11860 100 0 
11870 100 0 
11880 100 0 
11890 100 0 
11900 100 0 
11910 100 0 
11920 100 0 
11930 100 0 
11940 100 0 
11950 100 0 
11960 100 0 
11970 100 0 
11980 100 0 
11990 100 0 
12000 100 0 
12010 0 100 
12020 0 100 
12030 0 100 
12040 0 100 
12050 0 100 
12060 0 100 
12070 0 100 
12080 0 100 
12090 0 100 
12100 0 100 
12110 0 100 
12120 0 100 
12130 0 100 
12140 0 100 
12150 0 100 
12160 0 100 
12170 0 100 
12180 0 100 
12190 0 100 
12200 0 100 
12210 0 100 
12220 0 100 
12230 0 100 
12240 0 100 
12250 0 100 
12260 100 0 
12270 100 0 
12280 100 0 
12290 100 0 
12300 100 0 
12310 100 0 
12320 100 0 
12330 100 0 
12340 100 0 
12350 100 0 
12360 100 0 
12370 100 0 
12380 100 0 
12390 100 0 
12400 100 0 
12410 100 0 
12420 100 0 
12430 100 0 
12440 100 0 
12450 100 0 
12460 100 0 
12470 100 0 
12480 100 0 
12490 100 0 
12500 100 0 
12510 0 100 
12520 0 100 
12530 0 100 
12540 0 100 
12550 0 100 
12560 0 100 
12570 0 100 
12580 0 100 
12590 0 100 
12600 0 100 
12610 0 100 
12620 0 100 
12630 0 100 
12640 0 100 
12650 0 100 
12660 0 100 
12670 0 100 
12680 0 100 
12690 0 100 
12700 0 100 
12710 0 100 
12720 0 100 
12730 0 100 
12740 0 100 
12750 0 100 
12760 100 0 
12770 100 0 
12780 100 0 
12790 100 0 
12800 100 0 
12810 100 0 
12820 100 0 
12830 100 0 
12840 100 0 
12850 100 0 
12860 100 0 
12870 100 0 
12880 100 0 
12890 100 0 
12900 100 0 
12910 100 0 
12920 100 0 
12930 100 0 
12940 100 0 
12950 100 0 
12960 100 0 
12970 100 0 
12980 100 0 
12990 100 0 
13000 100 0 
13010 0 100 
13020 0 100 
13030 0 100 
13040 0 100 
13050 0 100 
13060 0 100 
13070 0 100 
13080 0 100 
13090 0 100 
13100 0 100 
13110 0 100 
13120 0 100 
13130 0 100 
13140 0 100 
13150 0 100 
13160 0 100 
13170 0 100 
13180 0 100 
13190 0 100 
13200 0 100 
13210 0 100 
13220 0 100 
13230 0 100 
13240 0 100 
13250 0 100 
13260 100 0 
13270 100 0 
13280 100 0 
13290 100 0 
13300 100 0 
13310 100 0 
13320 100 0 
13330 100 0 
13340 100 0 
13350 100 0 
13360 100 0 
13370 100 0 
13380 100 0 
13390 100 0 
13400 100 0 
13410 100 0 
13420 100 0 
13430 100 0 
13440 100 0 
13450 100 0 
13460 100 0 
13470 100 0 
13480 100 0 
13490 100 0 
13500 100 0 
13510 0 100 
13520 0 100 
13530 0 100 
13540 0 100 
13550 0 100 
13560 0 100 
13570 0 100 
13580 0 100 
13590 0 100 
13600 0 100 
13610 0 100 
13620 0 100 
13630 0 100 
13640 0 100 
13650 0 100 
13660 0 100 
13670 0 100 
13680 0 100 
13690 0 100 
13700 0 100 
13710 0 100 
13720 0 100 
13730 0 100 
13740 0 100 
13750 0 100 
13760 100 0 
13770 100 0 
13780 100 0 
13790 100 0 
13800 100 0 
13810 100 0 
13820 100 0 
13830 100 0 
13840 100 0 
13850 100 0 
13860 100 0 
13870 100 0 
13880 100 0 
13890 100 0 
13900 100 0 
13910 100 0 
13920 100 0 
13930 100 0 
13940 100 0 
13950 100 0 
13960 100 0 
13970 100 0 
13980 100 0 
13990 100 0 
14000 100 0 
14010 0 100 
14020 0 100 
14030 0 100 
14040 0 100 
14050 0 100 
14060 0 100 
14070 0 100 
14080 0 100 
14090 0 100 
14100 0 100 
14110 0 100 
14120 0 100 
14130 0 100 
14140 0 100 
14150 0 100 
14160 0 100 
14170 0 100 
14180 0 100 
14190 0 100 
14200 0 100 
14210 0 100 
14220 0 100 
14230 0 100 
14240 0 100 
14250 0 100 
14260 100 0 
14270 100 0 
14280 100 0 
14290 100 0 
14300 100 0 
14310 100 0 
14320 100 0 
14330 100 0 
14340 100 0 
14350 100 0 
14360 100 0 
14370 100 0 
14380 100 0 
14390 100 0 
14400 100 0 
14410 100 0 
14420 100 0 
14430 100 0 
14440 100 0 
14450 100 0 
14460 100 0 
14470 100 0 
14480 100 0 
14490 100 0 
14500 100 0 
14510 0 100 
14520 0 100 
14530 0 100 
14540 0 100 
14550 0 100 
14560 0 100 
14570 0 100 
14580 0 100 
14590 0 100 
14600 0 100 
14610 0 100 
14620 0 100 
14630 0 100 
14640 0 100 
14650 0 100 
14660 0 100 
14670 0 100 
14680 0 100 
14690 0 100 
14700 0 100 
14710 0 100 
14720 0 100 
14730 0 100 
14740 0 100 
14750 0 100 
14760 100 0 
14770 100 0 
14780 100 0 
14790 100 0 
14800 100 0 
14810 100 0 
14820 100 0 
14830 100 0 
14840 100 0 
14850 100 0 
14860 100 0 
14870 100 0 
14880 100 0 
14890 100 0 
14900 100 0 
14910 100 0 
14920 100 0 
14930 100 0 
14940 100 0 
14950 100 0 
14960 100 0 
14970 100 0 
14980 100 0 
14990 100 0 
15000 100 0 
15010 0 100 
15020 0 100 
15030 0 100 
15040 0 100 
15050 0 100 
15060 0 100 
15070 0 100 
15080 0 100 
15090 0 100 
15100 0 100 
15110 0 100 
15120 0 100 
15130 0 100 
15140 0 100 
15150 0 100 
15160 0 100 
15170 0 100 
15180 0 100 
15190 0 100 
15200 0 100 
15210 0 100 
15220 0 100 
15230 0 100 
15240 0 100 
15250 0 100 
15260 100 0 
15270 100 0 
15280 100 0 
15290 100 0 
15300 100 0 
15310 100 0 
15320 100 0 
15330 100 0 
15340 100 0 
15350 100 0 
15360 100 0 
15370 100 0 
15380 100 0 
15390 100 0 
15400 100 0 
15410 100 0 
15420 100 0 
15430 100 0 
15440 100 0 
15450 100 0 
15460 100 0 
15470 100 0 
15480 100 0 
15490 100 0 
15500 100 0 
15510 0 100 
15520 0 100 
15530 0 100 
15540 0 100 
15550 0 100 
15560 0 100 
15570 0 100 
15580 0 100 
15590 0 100 
15600 0 100 
15610 0 100 
15620 0 100 
15630 0 100 
15640 0 100 
15650 0 100 
15660 0 100 
15670 0 100 
15680 0 100 
15690 0 100 
15700 0 100 
15710 0 100 
15720 0 100 
15730 0 100 
15740 0 100 
15750 0 100 
15760 100 0 
15770 100 0 
15780 100 0 
15790 100 0 
15800 100 0 
15810 100 0 
15820 100 0 
15830 100 0 
15840 100 0 
15850 100 0 
15860 100 0 
15870 100 0 
15880 100 0 
15890 100 0 
15900 100 0 
15910 100 0 
15920 100 0 
15930 100 0 
15940 100 0 
15950 100 0 
15960 100 0 
15970 100 0 
15980 100 0 
15990 100 0 
16000 100 0 
16010 0 100 
16020 0 100 
16030 0 100 
16040 0 100 
16050 0 100 
16060 0 100 
16070 0 100 
16080 0 100 
16090 0 100 
16100 0 100 
16110 0 100 
16120 0 100 
16130 0 100 
16140 0 100 
16150 0 100 
16160 0 100 
16170 0 100 
16180 0 100 
16190 0 100 
16200 0 100 
16210 0 100 
16220 0 100 
16230 0 100 
16240 0 100 
16250 0 100 
16260 100 0 
16270 100 0 
16280 100 0 
16290 100 0 
16300 100 0 
16310 100 0 
16320 100 0 
16330 100 0 
16340 100 0 
16350 100 0 
16360 100 0 
16370 100 0 
16380 100 0 
16390 100 0 
16400 100 0 
16410 100 0 
16420 100 0 
16430 100 0 
16440 100 0 
16450 100 0 
16460 100 0 
16470 100 0 
16480 100 0 
16490 100 0 
16500 100 0 
16510 0 100 
16520 0 100 
16530 0 100 
16540 0 100 
16550 0 100 
16560 0 100 
16570 0 100 
16580 0 100 
16590 0 100 
16600 0 100 
16610 0 100 
16620 0 100 
16630 0 100 
16640 0 100 
16650 0 100 
16660 0 100 
16670 0 100 
16680 0 100 
16690 0 100 
16700 0 100 
16710 0 100 
16720 0 100 
16730 0 100 
16740 0 100 
16750 0 100 
16760 100 0 
16770 100 0 
16780 100 0 
16790 100 0 
16800 100 0 
16810 100 0 
16820 100 0 
16830 100 0 
16840 100 0 
16850 100 0 
16860 100 0 
16870 100 0 
16880 100 0 
16890 100 0 
16900 100 0 
16910 100 0 
16920 100 0 
16930 100 0 
16940 100 0 
16950 100 0 
16960 100 0 
16970 100 0 
16980 100 0 
16990 100 0 
17000 100 0 
17010 0 100 
17020 0 100 
17030 0 100 
17040 0 100 
17050 0 100 
17060 0 100 
17070 0 100 
17080 0 100 
17090 0 100 
17100 0 100 
17110 0 100 
17120 0 100 
17130 0 100 
17140 0 100 
17150 0 100 
17160 0 100 
17170 0 100 
17180 0 100 
17190 0 100 
17200 0 100 
17210 0 100 
17220 0 100 
17230 0 100 
17240 0 100 
17250 0 100 
17260 100 0 
17270 100 0 
17280 100 0 
17290 100 0 
17300 100 0 
17310 100 0 
17320 100 0 
17330 100 0 
17340 100 0 
17350 100 0 
17360 100 0 
17370 100 0 
17380 100 0 
17390 100 0 
17400 100 0 
17410 100 0 
17420 100 0 
17430 100 0 
17440 100 0 
17450 100 0 
17460 100 0 
17470 100 0 
17480 100 0 
17490 100 0 
17500 100 0 
17510 0 100 
17520 0 100 
17530 0 100 
17540 0 100 
17550 0 100 
17560 0 100 
17570 0 100 
17580 0 100 
17590 0 100 
17600 0 100 
17610 0 100 
17620 0 100 
17630 0 100 
17640 0 100 
17650 0 100 
17660 0 100 
17670 0 100 
17680 0 100 
17690 0 100 
17700 0 100 
17710 0 100 
17720 0 100 
17730 0 100 
17740 0 100 
17750 0 100 
17760 100 0 
17770 100 0 
17780 100 0 
17790 100 0 
17800 100 0 
17810 100 0 
17820 100 0 
17830 100 0 
17840 100 0 
17850 100 0 
17860 100 0 
17870 100 0 
17880 100 0 
17890 100 0 
17900 100 0 
17910 100 0 
17920 100 0 
17930 100 0 
17940 100 0 
17950 100 0 
17960 100 0 
17970 100 0 
17980 100 0 
17990 100 0 
18000 100 0 
18010 0 100 
18020 0 100 
18030 0 100 
18040 0 100 
18050 0 100 
18060 0 100 
18070 0 100 
18080 0 100 
18090 0 100 
18100 0 100 
18110 0 100 
18120 0 100 
18130 0 100 
18140 0 100 
18150 0 100 
18160 0 100 
18170 0 100 
18180 0 100 
18190 0 100 
18200 0 100 
18210 0 100 
18220 0 100 
18230 0 100 
18240 0 100 
18250 0 100 
18260 100 0 
18270 100 0 
18280 100 0 
18290 100 0 
18300 100 0 
18310 100 0 
18320 100 0 
18330 100 0 
18340 100 0 
18350 100 0 
18360 100 0 
18370 100 0 
18380 100 0 
18390 100 0 
18400 100 0 
18410 100 0 
18420 100 0 
18430 100 0 
18440 100 0 
18450 100 0 
18460 100 0 
18470 100 0 
18480 100 0 
18490 100 0 
18500 100 0 
18510 0 100 
18520 0 100 
18530 0 100 
18540 0 100 
18550 0 100 
18560 0 100 
18570 0 100 
18580 0 100 
18590 0 100 
18600 0 100 
18610 0 100 
18620 0 100 
18630 0 100 
18640 0 100 
18650 0 100 
18660 0 100 
18670 0 100 
18680 0 100 
18690 0 100 
18700 0 100 
18710 0 100 
18720 0 100 
18730 0 100 
18740 0 100 
18750 0 100 
18760 100 0 
18770 100 0 
18780 100 0 
18790 100 0 
18800 100 0 
18810 100 0 
18820 100 0 
18830 100 0 
18840 100 0 
18850 100 0 
18860 100 0 
18870 100 0 
18880 100 0 
18890 100 0 
18900 100 0 
18910 100 0 
18920 100 0 
18930 100 0 
18940 100 0 
18950 100 0 
18960 100 0 
18970 100 0 
18980 100 0 
18990 100 0 
19000 100 0 
19010 0 100 
19020 0 100 
19030 0 100 
19040 0 100 
19050 0 100 
19060 0 100 
19070 0 100 
19080 0 100 
19090 0 100 
19100 0 100 
19110 0 100 
19120 0 100 
19130 0 100 
19140 0 100 
19150 0 100 
19160 0 100 
19170 0 100 
19180 0 100 
19190 0 100 
19200 0 100 
19210 0 100 
19220 0 100 
19230 0 100 
19240 0 100 
19250 0 100 
19260 100 0 
19270 100 0 
19280 100 0 
19290 100 0 
19300 100 0 
19310 100 0 
19320 100 0 
19330 100 0 
19340 100 0 
19350 100 0 
19360 100 0 
19370 100 0 
19380 100 0 
19390 100 0 
19400 100 0 
19410 100 0 
19420 100 0 
19430 100 0 
19440 100 0 
19450 100 0 
19460 100 0 
19470 100 0 
19480 100 0 
19490 100 0 
19500 100 0 
19510 0 100 
19520 0 100 
19530 0 100 
19540 0 100 
19550 0 100 
19560 0 100 
19570 0 100 
19580 0 100 
19590 0 100 
19600 0 100 
19610 0 100 
19620 0 100 
19630 0 100 
19640 0 100 
19650 0 100 
19660 0 100 
19670 0 100 
19680 0 100 
19690 0 100 
19700 0 100 
19710 0 100 
19720 0 100 
19730 0 100 
19740 0 100 
19750 0 100 
19760 100 0 
19770 100 0 
19780 100 0 
19790 100 0 
19800 100 0 
19810 100 0 
19820 100 0 
19830 100 0 
19840 100 0 
19850 100 0 
19860 100 0 
19870 100 0 
19880 100 0 
19890 100 0 
19900 100 0 
19910 100 0 
19920 100 0 
19930 100 0 
19940 100 0 
19950 100 0 
19960 100 0 
19970 100 0 
19980 100 0 
19990 100 0 
20000 100 0 
20010 0 100 
20020 0 100 
20030 0 100 
20040 0 100 
20050 0 100 
20060 0 100 
20070 0 100 
20080 0 100 
20090 0 100 
20100 0 100 
20110 0 100 
20120 0 100 
20130 0 100 
20140 0 100 
20150 0 100 
20160 0 100 
20170 0 100 
20180 0 100 
20190 0 100 
20200 0 100 
20210 0 100 
20220 0 100 
20230 0 100 
20240 0 100 
20250 0 100 
20260 100 0 
20270 100 0 
20280 100 0 
20290 100 0 
20300 100 0 
20310 100 0 
20320 100 0 
20330 100 0 
20340 100 0 
20350 100 0 
20360 100 0 
20370 100 0 
20380 100 0 
20390 100 0 
20400 100 0 
20410 100 0 
20420 100 0 
20430 100 0 
20440 100 0 
20450 100 0 
20460 100 0 
20470 100 0 
20480 100 0 
20490 100 0 
20500 100 0 
20510 0 100 
20520 0 100 
20530 0 100 
20540 0 100 
20550 0 100 
20560 0 100 
20570 0 100 
20580 0 100 
20590 0 100 
20600 0 100 
20610 0 100 
20620 0 100 
20630 0 100 
20640 0 100 
20650 0 100 
20660 0 100 
20670 0 100 
20680 0 100 
20690 0 100 
20700 0 100 
20710 0 100 
20720 0 100 
20730 0 100 
20740 0 100 
20750 0 100 
20760 100 0 
20770 100 0 
20780 100 0 
20790 100 0 
20800 100 0 
20810 100 0 
20820 100 0 
20830 100 0 
20840 100 0 
20850 100 0 
20860 100 0 
20870 100 0 
20880 100 0 
20890 100 0 
20900 100 0 
20910 100 0 
20920 100 0 
20930 100 0 
20940 100 0 
20950 100 0 
20960 100 0 
20970 100 0 
20980 100 0 
20990 100 0 
21000 100 0 
21010 0 100 
21020 0 100 
21030 0 100 
21040 0 100 
21050 0 100 
21060 0 100 
21070 0 100 
21080 0 100 
21090 0 100 
21100 0 100 
21110 0 100 
21120 0 100 
21130 0 100 
21140 0 100 
21150 0 100 
21160 0 100 
21170 0 100 
21180 0 100 
21190 0 100 
21200 0 100 
21210 0 100 
21220 0 100 
21230 0 100 
21240 0 100 
21250 0 100 
21260 100 0 
21270 100 0 
21280 100 0 
21290 100 0 
21300 100 0 
21310 100 0 
21320 100 0 
21330 100 0 
21340 100 0 
21350 100 0 
21360 100 0 
21370 100 0 
21380 100 0 
21390 100 0 
21400 100 0 
21410 100 0 
21420 100 0 
21430 100 0 
21440 100 0 
21450 100 0 
21460 100 0 
21470 100 0 
21480 100 0 
21490 100 0 
21500 100 0 
21510 0 100 
21520 0 100 
21530 0 100 
21540 0 100 
21550 0 100 
21560 0 100 
21570 0 100 
21580 0 100 
21590 0 100 
21600 0 100 
21610 0 100 
21620 0 100 
21630 0 100 
21640 0 100 
21650 0 100 
21660 0 100 
21670 0 100 
21680 0 100 
21690 0 100 
21700 0 100 
21710 0 100 
21720 0 100 
21730 0 100 
21740 0 100 
21750 0 100 
21760 100 0 
21770 100 0 
21780 100 0 
21790 100 0 
21800 100 0 
21810 100 0 
21820 100 0 
21830 100 0 
21840 100 0 
21850 100 0 
21860 100 0 
21870 100 0 
21880 100 0 
21890 100 0 
21900 100 0 
21910 100 0 
21920 100 0 
21930 100 0 
21940 100 0 
21950 100 0 
21960 100 0 
21970 100 0 
21980 100 0 
21990 100 0 
22000 100 0 
22010 0 100 
22020 0 100 
22030 0 100 
22040 0 100 
22050 0 100 
22060 0 100 
22070 0 100 
22080 0 100 
22090 0 100 
22100 0 100 
22110 0 100 
22120 0 100 
22130 0 100 
22140 0 100 
22150 0 100 
22160 0 100 
22170 0 100 
22180 0 100 
22190 0 100 
22200 0 100 
22210 0 100 
22220 0 100 
22230 0 100 
22240 0 100 
22250 0 100 
22260 100 0 
22270 100 0 
22280 100 0 
22290 100 0 
22300 100 0 
22310 100 0 
22320 100 0 
22330 100 0 
22340 100 0 
22350 100 0 
22360 100 0 
22370 100 0 
22380 100 0 
22390 100 0 
22400 100 0 
22410 100 0 
22420 100 0 
22430 100 0 
22440 100 0 
22450 100 0 
22460 100 0 
22470 100 0 
22480 100 0 
22490 100 0 
22500 100 0 
22510 0 100 
22520 0 100 
22530 0 100 
22540 0 100 
22550 0 100 
22560 0 100 
22570 0 100 
22580 0 100 
22590 0 100 
22600 0 100 
22610 0 100 
22620 0 100 
22630 0 100 
22640 0 100 
22650 0 100 
22660 0 100 
22670 0 100 
22680 0 100 
22690 0 100 
22700 0 100 
22710 0 100 
22720 0 100 
22730 0 100 
22740 0 100 
22750 0 100 
22760 100 0 
22770 100 0 
22780 100 0 
22790 100 0 
22800 100 0 
22810 100 0 
22820 100 0 
22830 100 0 
22840 100 0 
22850 100 0 
22860 100 0 
22870 100 0 
22880 100 0 
22890 100 0 
22900 100 0 
22910 100 0 
22920 100 0 
22930 100 0 
22940 100 0 
22950 100 0 
22960 100 0 
22970 100 0 
22980 100 0 
22990 100 0 
23000 100 0 
23010 0 100 
23020 0 100 
23030 0 100 
23040 0 100 
23050 0 100 
23060 0 100 
23070 0 100 
23080 0 100 
23090 0 100 
23100 0 100 
23110 0 100 
23120 0 100 
23130 0 100 
23140 0 100 
23150 0 100 
23160 0 100 
23170 0 100 
23180 0 100 
23190 0 100 
23200 0 100 
23210 0 100 
23220 0 100 
23230 0 100 
23240 0 100 
23250 0 100 
23260 100 0 
23270 100 0 
23280 100 0 
23290 100 0 
23300 100 0 
23310 100 0 
23320 100 0 
23330 100 0 
23340 100 0 
23350 100 0 
23360 100 0 
23370 100 0 
23380 100 0 
23390 100 0 
23400 100 0 
23410 100 0 
23420 100 0 
23430 100 0 
23440 100 0 
23450 100 0 
23460 100 0 
23470 100 0 
23480 100 0 
23490 100 0 
23500 100 0 
23510 0 100 
23520 0 100 
23530 0 100 
23540 0 100 
23550 0 100 
23560 0 100 
23570 0 100 
23580 0 100 
23590 0 100 
23600 0 100 
23610 0 100 
23620 0 100 
23630 0 100 
23640 0 100 
23650 0 100 
23660 0 100 
23670 0 100 
23680 0 100 
23690 0 100 
23700 0 100 
23710 0 100 
23720 0 100 
23730 0 100 
23740 0 100 
23750 0 100 
23760 100 0 
23770 100 0 
23780 100 0 
23790 100 0 
23800 100 0 
23810 100 0 
23820 100 0 
23830 100 0 
23840 100 0 
23850 100 0 
23860 100 0 
23870 100 0 
23880 100 0 
23890 100 0 
23900 100 0 
23910 100 0 
23920 100 0 
23930 100 0 
23940 100 0 
23950 100 0 
23960 100 0 
23970 100 0 
23980 100 0 
23990 100 0 
24000 100 0 
24010 0 100 
24020 0 100 
24030 0 100 
24040 0 100 
24050 0 100 
24060 0 100 
24070 0 100 
24080 0 100 
24090 0 100 
24100 0 100 
24110 0 100 
24120 0 100 
24130 0 100 
24140 0 100 
24150 0 100 
24160 0 100 
24170 0 100 
24180 0 100 
24190 0 100 
24200 0 100 
24210 0 100 
24220 0 100 
24230 0 100 
24240 0 100 
24250 0 100 
24260 100 0 
24270 100 0 
24280 100 0 
24290 100 0 
24300 100 0 
24310 100 0 
24320 100 0 
24330 100 0 
24340 100 0 
24350 100 0 
24360 100 0 
24370 100 0 
24380 100 0 
24390 100 0 
24400 100 0 
24410 100 0 
24420 100 0 
24430 100 0 
24440 100 0 
24450 100 0 
24460 100 0 
24470 100 0 
24480 100 0 
24490 100 0 
24500 100 0 
24510 0 100 
24520 0 100 
24530 0 100 
24540 0 100 
24550 0 100 
24560 0 100 
24570 0 100 
24580 0 100 
24590 0 100 
24600 0 100 
24610 0 100 
24620 0 100 
24630 0 100 
24640 0 100 
24650 0 100 
24660 0 100 
24670 0 100 
24680 0 100 
24690 0 100 
24700 0 100 
24710 0 100 
24720 0 100 
24730 0 100 
24740 0 100 
24750 0 100 
24760 100 0 
24770 100 0 
24780 100 0 
24790 100 0 
24800 100 0 
24810 100 0 
24820 100 0 
24830 100 0 
24840 100 0 
24850 100 0 
24860 100 0 
24870 100 0 
24880 100 0 
24890 100 0 
24900 100 0 
24910 100 0 
24920 100 0 
24930 100 0 
24940 100 0 
24950 100 0 
24960 100 0 
24970 100 0 
24980 100 0 
24990 100 0 
25000 100 0 
25010 0 100 
25020 0 100 
25030 0 100 
25040 0 100 
25050 0 100 
25060 0 100 
25070 0 100 
25080 0 100 
25090 0 100 
25100 0 100 
25110 0 100 
25120 0 100 
25130 0 100 
25140 0 100 
25150 0 100 
25160 0 100 
25170 0 100 
25180 0 100 
25190 0 100 
25200 0 100 
25210 0 100 
25220 0 100 
25230 0 100 
25240 0 100 
25250 0 100 
25260 100 0 
25270 100 0 
25280 100 0 
25290 100 0 
25300 100 0 
25310 100 0 
25320 100 0 
25330 100 0 
25340 100 0 
25350 100 0 
25360 100 0 
25370 100 0 
25380 100 0 
25390 100 0 
25400 100 0 
25410 100 0 
25420 100 0 
25430 100 0 
25440 100 0 
25450 100 0 
25460 100 0 
25470 100 0 
25480 100 0 
25490 100 0 
25500 100 0 
25510 0 100 
25520 0 100 
25530 0 100 
25540 0 100 
25550 0 100 
25560 0 100 
25570 0 100 
25580 0 100 
25590 0 100 
25600 0 100 
25610 0 100 
25620 0 100 
25630 0 100 
25640 0 100 
25650 0 100 
25660 0 100 
25670 0 100 
25680 0 100 
25690 0 100 
25700 0 100 
25710 0 100 
25720 0 100 
25730 0 100 
25740 0 100 
25750 0 100 
25760 100 0 
25770 100 0 
25780 100 0 
25790 100 0 
25800 100 0 
25810 100 0 
25820 100 0 
25830 100 0 
25840 100 0 
25850 100 0 
25860 100 0 
25870 100 0 
25880 100 0 
25890 100 0 
25900 100 0 
25910 100 0 
25920 100 0 
25930 100 0 
25940 100 0 
25950 100 0 
25960 100 0 
25970 100 0 
25980 100 0 
25990 100 0 
26000 100 0 
26010 0 100 
26020 0 100 
26030 0 100 
26040 0 100 
26050 0 100 
26060 0 100 
26070 0 100 
26080 0 100 
26090 0 100 
26100 0 100 
26110 0 100 
26120 0 100 
26130 0 100 
26140 0 100 
26150 0 100 
26160 0 100 
26170 0 100 
26180 0 100 
26190 0 100 
26200 0 100 
26210 0 100 
26220 0 100 
26230 0 100 
26240 0 100 
26250 0 100 
26260 100 0 
26270 100 0 
26280 100 0 
26290 100 0 
26300 100 0 
26310 100 0 
26320 100 0 
26330 100 0 
26340 100 0 
26350 100 0 
26360 100 0 
26370 100 0 
26380 100 0 
26390 100 0 
26400 100 0 
26410 100 0 
26420 100 0 
26430 100 0 
26440 100 0 
26450 100 0 
26460 100 0 
26470 100 0 
26480 100 0 
26490 100 0 
26500 100 0 
26510 0 100 
26520 0 100 
26530 0 100 
26540 0 100 
26550 0 100 
26560 0 100 
26570 0 100 
26580 0 100 
26590 0 100 
26600 0 100 
26610 0 100 
26620 0 100 
26630 0 100 
26640 0 100 
26650 0 100 
26660 0 100 
26670 0 100 
26680 0 100 
26690 0 100 
26700 0 100 
26710 0 100 
26720 0 100 
26730 0 100 
26740 0 100 
26750 0 100 
26760 100 0 
26770 100 0 
26780 100 0 
26790 100 0 
26800 100 0 
26810 100 0 
26820 100 0 
26830 100 0 
26840 100 0 
26850 100 0 
26860 100 0 
26870 100 0 
26880 100 0 
26890 100 0 
26900 100 0 
26910 100 0 
26920 100 0 
26930 100 0 
26940 100 0 
26950 100 0 
26960 100 0 
26970 100 0 
26980 100 0 
26990 100 0 
27000 100 0 
27010 0 100 
27020 0 100 
27030 0 100 
27040 0 100 
27050 0 100 
27060 0 100 
27070 0 100 
27080 0 100 
27090 0 100 
27100 0 100 
27110 0 100 
27120 0 100 
27130 0 100 
27140 0 100 
27150 0 100 
27160 0 100 
27170 0 100 
27180 0 100 
27190 0 100 
27200 0 100 
27210 0 100 
27220 0 100 
27230 0 100 
27240 0 100 
27250 0 100 
27260 100 0 
27270 100 0 
27280 100 0 
27290 100 0 
27300 100 0 
27310 100 0 
27320 100 0 
27330 100 0 
27340 100 0 
27350 100 0 
27360 100 0 
27370 100 0 
27380 100 0 
27390 100 0 
27400 100 0 
27410 100 0 
27420 100 0 
27430 100 0 
27440 100 0 
27450 100 0 
27460 100 0 
27470 100 0 
27480 100 0 
27490 100 0 
27500 100 0 
27510 0 100 
27520 0 100 
27530 0 100 
27540 0 100 
27550 0 100 
27560 0 100 
27570 0 100 
27580 0 100 
27590 0 100 
27600 0 100 
27610 0 100 
27620 0 100 
27630 0 100 
27640 0 100 
27650 0 100 
27660 0 100 
27670 0 100 
27680 0 100 
27690 0 100 
27700 0 100 
27710 0 100 
27720 0 100 
27730 0 100 
27740 0 100 
27750 0 100 
27760 100 0 
27770 100 0 
27780 100 0 
27790 100 0 
27800 100 0 
27810 100 0 
27820 100 0 
27830 100 0 
27840 100 0 
27850 100 0 
27860 100 0 
27870 100 0 
27880 100 0 
27890 100 0 
27900 100 0 
27910 100 0 
27920 100 0 
27930 100 0 
27940 100 0 
27950 100 0 
27960 100 0 
27970 100 0 
27980 100 0 
27990 100 0 
28000 100 0 
28010 0 100 
28020 0 100 
28030 0 100 
28040 0 100 
28050 0 100 
28060 0 100 
28070 0 100 
28080 0 100 
28090 0 100 
28100 0 100 
28110 0 100 
28120 0 100 
28130 0 100 
28140 0 100 
28150 0 100 
28160 0 100 
28170 0 100 
28180 0 100 
28190 0 100 
28200 0 100 
28210 0 100 
28220 0 100 
28230 0 100 
28240 0 100 
28250 0 100 
28260 100 0 
28270 100 0 
28280 100 0 
28290 100 0 
28300 100 0 
28310 100 0 
28320 100 0 
28330 100 0 
28340 100 0 
28350 100 0 
28360 100 0 
28370 100 0 
28380 100 0 
28390 100 0 
28400 100 0 
28410 100 0 
28420 100 0 
28430 100 0 
28440 100 0 
28450 100 0 
28460 100 0 
28470 100 0 
28480 100 0 
28490 100 0 
28500 100 0 
28510 0 100 
28520 0 100 
28530 0 100 
28540 0 100 
28550 0 100 
28560 0 100 
28570 0 100 
28580 0 100 
28590 0 100 
28600 0 100 
28610 0 100 
28620 0 100 
28630 0 100 
28640 0 100 
28650 0 100 
28660 0 100 
28670 0 100 
28680 0 100 
28690 0 100 
28700 0 100 
28710 0 100 
28720 0 100 
28730 0 100 
28740 0 100 
28750 0 100 
28760 100 0 
28770 100 0 
28780 100 0 
28790 100 0 
28800 100 0 
28810 100 0 
28820 100 0 
28830 100 0 
28840 100 0 
28850 100 0 
28860 100 0 
28870 100 0 
28880 100 0 
28890 100 0 
28900 100 0 
28910 100 0 
28920 100 0 
28930 100 0 
28940 100 0 
28950 100 0 
28960 100 0 
28970 100 0 
28980 100 0 
28990 100 0 
29000 100 0 
29010 0 100 
29020 0 100 
29030 0 100 
29040 0 100 
29050 0 100 
29060 0 100 
29070 0 100 
29080 0 100 
29090 0 100 
29100 0 100 
29110 0 100 
29120 0 100 
29130 0 100 
29140 0 100 
29150 0 100 
29160 0 100 
29170 0 100 
29180 0 100 
29190 0 100 
29200 0 100 
29210 0 100 
29220 0 100 
29230 0 100 
29240 0 100 
29250 0 100 
29260 100 0 
29270 100 0 
29280 100 0 
29290 100 0 
29300 100 0 
29310 100 0 
29320 100 0 
29330 100 0 
29340 100 0 
29350 100 0 
29360 100 0 
29370 100 0 
29380 100 0 
29390 100 0 
29400 100 0 
29410 100 0 
29420 100 0 
29430 100 0 
29440 100 0 
29450 100 0 
29460 100 0 
29470 100 0 
29480 100 0 
29490 100 0 
29500 100 0 
29510 0 100 
29520 0 100 
29530 0 100 
29540 0 100 
29550 0 100 
29560 0 100 
29570 0 100 
29580 0 100 
29590 0 100 
29600 0 100 
29610 0 100 
29620 0 100 
29630 0 100 
29640 0 100 
29650 0 100 
29660 0 100 
29670 0 100 
29680 0 100 
29690 0 100 
29700 0 100 
29710 0 100 
29720 0 100 
29730 0 100 
29740 0 100 
29750 0 100 
29760 100 0 
29770 100 0 
29780 100 0 
29790 100 0 
29800 100 0 
29810 100 0 
29820 100 0 
29830 100 0 
29840 100 0 
29850 100 0 
29860 100 0 
29870 100 0 
29880 100 0 
29890 100 0 
29900 100 0 
29910 100 0 
29920 100 0 
29930 100 0 
29940 100 0 
29950 100 0 
29960 100 0 
29970 100 0 
29980 100 0 
29990 100 0 
30000 100 0 
30010 0 100 
30020 0 100 
30030 0 100 
30040 0 100 
30050 0 100 
30060 0 100 
30070 0 100 
30080 0 100 
30090 0 100 
30100 0 100 
30110 0 100 
30120 0 100 
30130 0 100 
30140 0 100 
30150 0 100 
30160 0 100 
30170 0 100 
30180 0 100 
30190 0 100 
30200 0 100 
30210 0 100 
30220 0 100 
30230 0 100 
30240 0 100 
30250 0 100 
30260 100 0 
30270 100 0 
30280 100 0 
30290 100 0 
30300 100 0 
30310 100 0 
30320 100 0 
30330 100 0 
30340 100 0 
30350 100 0 
30360 100 0 
30370 100 0 
30380 100 0 
30390 100 0 
30400 100 0 
30410 100 0 
30420 100 0 
30430 100 0 
30440 100 0 
30450 100 0 
30460 100 0 
30470 100 0 
30480 100 0 
30490 100 0 
30500 100 0 
30510 0 100 
30520 0 100 
30530 0 100 
30540 0 100 
30550 0 100 
30560 0 100 
30570 0 100 
30580 0 100 
30590 0 100 
30600 0 100 
30610 0 100 
30620 0 100 
30630 0 100 
30640 0 100 
30650 0 100 
30660 0 100 
30670 0 100 
30680 0 100 
30690 0 100 
30700 0 100 
30710 0 100 
30720 0 100 
30730 0 100 
30740 0 100 
30750 0 100 
30760 100 0 
30770 100 0 
30780 100 0 
30790 100 0 
30800 100 0 
30810 100 0 
30820 100 0 
30830 100 0 
30840 100 0 
30850 100 0 
30860 100 0 
30870 100 0 
30880 100 0 
30890 100 0 
30900 100 0 
30910 100 0 
30920 100 0 
30930 100 0 
30940 100 0 
30950 100 0 
30960 100 0 
30970 100 0 
30980 100 0 
30990 100 0 
31000 100 0 
31010 0 100 
31020 0 100 
31030 0 100 
31040 0 100 
31050 0 100 
31060 0 100 
31070 0 100 
31080 0 100 
31090 0 100 
31100 0 100 
31110 0 100 
31120 0 100 
31130 0 100 
31140 0 100 
31150 0 100 
31160 0 100 
31170 0 100 
31180 0 100 
31190 0 100 
31200 0 100 
31210 0 100 
31220 0 100 
31230 0 100 
31240 0 100 
31250 0 100 
31260 100 0 
31270 100 0 
31280 100 0 
31290 100 0 
31300 100 0 
31310 100 0 
31320 100 0 
31330 100 0 
31340 100 0 
31350 100 0 
31360 100 0 
31370 100 0 
31380 100 0 
31390 100 0 
31400 100 0 
31410 100 0 
31420 100 0 
31430 100 0 
31440 100 0 
31450 100 0 
31460 100 0 
31470 100 0 
31480 100 0 
31490 100 0 
31500 100 0 
31510 0 100 
31520 0 100 
31530 0 100 
31540 0 100 
31550 0 100 
31560 0 100 
31570 0 100 
31580 0 100 
31590 0 100 
31600 0 100 
31610 0 100 
31620 0 100 
31630 0 100 
31640 0 100 
31650 0 100 
31660 0 100 
31670 0 100 
31680 0 100 
31690 0 100 
31700 0 100 
31710 0 100 
31720 0 100 
31730 0 100 
31740 0 100 
31750 0 100 
31760 100 0 
31770 100 0 
31780 100 0 
31790 100 0 
31800 100 0 
31810 100 0 
31820 100 0 
31830 100 0 
31840 100 0 
31850 100 0 
31860 100 0 
31870 100 0 
31880 100 0 
31890 100 0 
31900 100 0 
31910 100 0 
31920 100 0 
31930 100 0 
31940 100 0 
31950 100 0 
31960 100 0 
31970 100 0 
31980 100 0 
31990 100 0 
32000 100 0 
32010 0 100 
32020 0 100 
32030 0 100 
32040 0 100 
32050 0 100 
32060 0 100 
32070 0 100 
32080 0 100 
32090 0 100 
32100 0 100 
32110 0 100 
32120 0 100 
32130 0 100 
32140 0 100 
32150 0 100 
32160 0 100 
32170 0 100 
32180 0 100 
32190 0 100 
32200 0 100 
32210 0 100 
32220 0 100 
32230 0 100 
32240 0 100 
32250 0 100 
32260 100 0 
32270 100 0 
32280 100 0 
32290 100 0 
32300 100 0 
32310 100 0 
32320 100 0 
32330 100 0 
32340 100 0 
32350 100 0 
32360 100 0 
32370 100 0 
32380 100 0 
32390 100 0 
32400 100 0 
32410 100 0 
32420 100 0 
32430 100 0 
32440 100 0 
32450 100 0 
32460 100 0 
32470 100 0 
32480 100 0 
32490 100 0 
32500 100 0 
32510 0 100 
32520 0 100 
32530 0 100 
32540 0 100 
32550 0 100 
32560 0 100 
32570 0 100 
32580 0 100 
32590 0 100 
32600 0 100 
32610 0 100 
32620 0 100 
32630 0 100 
32640 0 100 
32650 0 100 
32660 0 100 
32670 0 100 
32680 0 100 
32690 0 100 
32700 0 100 
32710 0 100 
32720 0 100 
32730 0 100 
32740 0 100 
32750 0 100 
32760 100 0 
32770 100 0 
32780 100 0 
32790 100 0 
32800 100 0 
32810 100 0 
32820 100 0 
32830 100 0 
32840 100 0 
32850 100 0 
32860 100 0 
32870 100 0 
32880 100 0 
32890 100 0 
32900 100 0 
32910 100 0 
32920 100 0 
32930 100 0 
32940 100 0 
32950 100 0 
32960 100 0 
32970 100 0 
32980 100 0 
32990 100 0 
33000 100 0 
33010 0 100 
33020 0 100 
33030 0 100 
33040 0 100 
33050 0 100 
33060 0 100 
33070 0 100 
33080 0 100 
33090 0 100 
33100 0 100 
33110 0 100 
33120 0 100 
33130 0 100 
33140 0 100 
33150 0 100 
33160 0 100 
33170 0 100 
33180 0 100 
33190 0 100 
33200 0 100 
33210 0 100 
33220 0 100 
33230 0 100 
33240 0 100 
33250 0 100 
33260 100 0 
33270 100 0 
33280 100 0 
33290 100 0 
33300 100 0 
33310 100 0 
33320 100 0 
33330 100 0 
33340 100 0 
33350 100 0 
33360 100 0 
33370 100 0 
33380 100 0 
33390 100 0 
33400 100 0 
33410 100 0 
33420 100 0 
33430 100 0 
33440 100 0 
33450 100 0 
33460 100 0 
33470 100 0 
33480 100 0 
33490 100 0 
33500 100 0 
33510 0 100 
33520 0 100 
33530 0 100 
33540 0 100 
33550 0 100 
33560 0 100 
33570 0 100 
33580 0 100 
33590 0 100 
33600 0 100 
33610 0 100 
33620 0 100 
33630 0 100 
33640 0 100 
33650 0 100 
33660 0 100 
33670 0 100 
33680 0 100 
33690 0 100 
33700 0 100 
33710 0 100 
33720 0 100 
33730 0 100 
33740 0 100 
33750 0 100 
33760 100 0 
33770 100 0 
33780 100 0 
33790 100 0 
33800 100 0 
33810 100 0 
33820 100 0 
33830 100 0 
33840 100 0 
33850 100 0 
33860 100 0 
33870 100 0 
33880 100 0 
33890 100 0 
33900 100 0 
33910 100 0 
33920 100 0 
33930 100 0 
33940 100 0 
33950 100 0 
33960 100 0 
33970 100 0 
33980 100 0 
33990 100 0 
34000 100 0 
34010 0 100 
34020 0 100 
34030 0 100 
34040 0 100 
34050 0 100 
34060 0 100 
34070 0 100 
34080 0 100 
34090 0 100 
34100 0 100 
34110 0 100 
34120 0 100 
34130 0 100 
34140 0 100 
34150 0 100 
34160 0 100 
34170 0 100 
34180 0 100 
34190 0 100 
34200 0 100 
34210 0 100 
34220 0 100 
34230 0 100 
34240 0 100 
34250 0 100 
34260 100 0 
34270 100 0 
34280 100 0 
34290 100 0 
34300 100 0 
34310 100 0 
34320 100 0 
34330 100 0 
34340 100 0 
34350 100 0 
34360 100 0 
34370 100 0 
34380 100 0 
34390 100 0 
34400 100 0 
34410 100 0 
34420 100 0 
34430 100 0 
34440 100 0 
34450 100 0 
34460 100 0 
34470 100 0 
34480 100 0 
34490 100 0 
34500 100 0 
34510 0 100 
34520 0 100 
34530 0 100 
34540 0 100 
34550 0 100 
34560 0 100 
34570 0 100 
34580 0 100 
34590 0 100 
34600 0 100 
34610 0 100 
34620 0 100 
34630 0 100 
34640 0 100 
34650 0 100 
34660 0 100 
34670 0 100 
34680 0 100 
34690 0 100 
34700 0 100 
34710 0 100 
34720 0 100 
34730 0 100 
34740 0 100 
34750 0 100 
34760 100 0 
34770 100 0 
34780 100 0 
34790 100 0 
34800 100 0 
34810 100 0 
34820 100 0 
34830 100 0 
34840 100 0 
34850 100 0 
34860 100 0 
34870 100 0 
34880 100 0 
34890 100 0 
34900 100 0 
34910 100 0 
34920 100 0 
34930 100 0 
34940 100 0 
34950 100 0 
34960 100 0 
34970 100 0 
34980 100 0 
34990 100 0 
35000 100 0 
35010 0 100 
35020 0 100 
35030 0 100 
35040 0 100 
35050 0 100 
35060 0 100 
35070 0 100 
35080 0 100 
35090 0 100 
35100 0 100 
35110 0 100 
35120 0 100 
35130 0 100 
35140 0 100 
35150 0 100 
35160 0 100 
35170 0 100 
35180 0 100 
35190 0 100 
35200 0 100 
35210 0 100 
35220 0 100 
35230 0 100 
35240 0 100 
35250 0 100 
35260 100 0 
35270 100 0 
35280 100 0 
35290 100 0 
35300 100 0 
35310 100 0 
35320 100 0 
35330 100 0 
35340 100 0 
35350 100 0 
35360 100 0 
35370 100 0 
35380 100 0 
35390 100 0 
35400 100 0 
35410 100 0 
35420 100 0 
35430 100 0 
35440 100 0 
35450 100 0 
35460 100 0 
35470 100 0 
35480 100 0 
35490 100 0 
35500 100 0 
35510 0 100 
35520 0 100 
35530 0 100 
35540 0 100 
35550 0 100 
35560 0 100 
35570 0 100 
35580 0 100 
35590 0 100 
35600 0 100 
35610 0 100 
35620 0 100 
35630 0 100 
35640 0 100 
35650 0 100 
35660 0 100 
35670 0 100 
35680 0 100 
35690 0 100 
35700 0 100 
35710 0 100 
35720 0 100 
35730 0 100 
35740 0 100 
35750 0 100 
35760 100 0 
35770 100 0 
35780 100 0 
35790 100 0 
35800 100 0 
35810 100 0 
35820 100 0 
35830 100 0 
35840 100 0 
35850 100 0 
35860 100 0 
35870 100 0 
35880 100 0 
35890 100 0 
35900 100 0 
35910 100 0 
35920 100 0 
35930 100 0 
35940 100 0 
35950 100 0 
35960 100 0 
35970 100 0 
35980 100 0 
35990 100 0 
36000 100 0 
36010 0 100 
36020 0 100 
36030 0 100 
36040 0 100 
36050 0 100 
36060 0 100 
36070 0 100 
36080 0 100 
36090 0 100 
36100 0 100 
36110 0 100 
36120 0 100 
36130 0 100 
36140 0 100 
36150 0 100 
36160 0 100 
36170 0 100 
36180 0 100 
36190 0 100 
36200 0 100 
36210 0 100 
36220 0 100 
36230 0 100 
36240 0 100 
36250 0 100 
36260 100 0 
36270 100 0 
36280 100 0 
36290 100 0 
36300 100 0 
36310 100 0 
36320 100 0 
36330 100 0 
36340 100 0 
36350 100 0 
36360 100 0 
36370 100 0 
36380 100 0 
36390 100 0 
36400 100 0 
36410 100 0 
36420 100 0 
36430 100 0 
36440 100 0 
36450 100 0 
36460 100 0 
36470 100 0 
36480 100 0 
36490 100 0 
36500 100 0 
36510 0 100 
36520 0 100 
36530 0 100 
36540 0 100 
36550 0 100 
36560 0 100 
36570 0 100 
36580 0 100 
36590 0 100 
36600 0 100 
36610 0 100 
36620 0 100 
36630 0 100 
36640 0 100 
36650 0 100 
36660 0 100 
36670 0 100 
36680 0 100 
36690 0 100 
36700 0 100 
36710 0 100 
36720 0 100 
36730 0 100 
36740 0 100 
36750 0 100 
36760 100 0 
36770 100 0 
36780 100 0 
36790 100 0 
36800 100 0 
36810 100 0 
36820 100 0 
36830 100 0 
36840 100 0 
36850 100 0 
36860 100 0 
36870 100 0 
36880 100 0 
36890 100 0 
36900 100 0 
36910 100 0 
36920 100 0 
36930 100 0 
36940 100 0 
36950 100 0 
36960 100 0 
36970 100 0 
36980 100 0 
36990 100 0 
37000 100 0 
37010 0 100 
37020 0 100 
37030 0 100 
37040 0 100 
37050 0 100 
37060 0 100 
37070 0 100 
37080 0 100 
37090 0 100 
37100 0 100 
37110 0 100 
37120 0 100 
37130 0 100 
37140 0 100 
37150 0 100 
37160 0 100 
37170 0 100 
37180 0 100 
37190 0 100 
37200 0 100 
37210 0 100 
37220 0 100 
37230 0 100 
37240 0 100 
37250 0 100 
37260 100 0 
37270 100 0 
37280 100 0 
37290 100 0 
37300 100 0 
37310 100 0 
37320 100 0 
37330 100 0 
37340 100 0 
37350 100 0 
37360 100 0 
37370 100 0 
37380 100 0 
37390 100 0 
37400 100 0 
37410 100 0 
37420 100 0 
37430 100 0 
37440 100 0 
37450 100 0 
37460 100 0 
37470 100 0 
37480 100 0 
37490 100 0 
37500 100 0 
37510 0 100 
37520 0 100 
37530 0 100 
37540 0 100 
37550 0 100 
37560 0 100 
37570 0 100 
37580 0 100 
37590 0 100 
37600 0 100 
37610 0 100 
37620 0 100 
37630 0 100 
37640 0 100 
37650 0 100 
37660 0 100 
37670 0 100 
37680 0 100 
37690 0 100 
37700 0 100 
37710 0 100 
37720 0 100 
37730 0 100 
37740 0 100 
37750 0 100 
37760 100 0 
37770 100 0 
37780 100 0 
37790 100 0 
37800 100 0 
37810 100 0 
37820 100 0 
37830 100 0 
37840 100 0 
37850 100 0 
37860 100 0 
37870 100 0 
37880 100 0 
37890 100 0 
37900 100 0 
37910 100 0 
37920 100 0 
37930 100 0 
37940 100 0 
37950 100 0 
37960 100 0 
37970 100 0 
37980 100 0 
37990 100 0 
38000 100 0 
38010 0 100 
38020 0 100 
38030 0 100 
38040 0 100 
38050 0 100 
38060 0 100 
38070 0 100 
38080 0 100 
38090 0 100 
38100 0 100 
38110 0 100 
38120 0 100 
38130 0 100 
38140 0 100 
38150 0 100 
38160 0 100 
38170 0 100 
38180 0 100 
38190 0 100 
38200 0 100 
38210 0 100 
38220 0 100 
38230 0 100 
38240 0 100 
38250 0 100 
38260 100 0 
38270 100 0 
38280 100 0 
38290 100 0 
38300 100 0 
38310 100 0 
38320 100 0 
38330 100 0 
38340 100 0 
38350 100 0 
38360 100 0 
38370 100 0 
38380 100 0 
38390 100 0 
38400 100 0 
38410 100 0 
38420 100 0 
38430 100 0 
38440 100 0 
38450 100 0 
38460 100 0 
38470 100 0 
38480 100 0 
38490 100 0 
38500 100 0 
38510 0 100 
38520 0 100 
38530 0 100 
38540 0 100 
38550 0 100 
38560 0 100 
38570 0 100 
38580 0 100 
38590 0 100 
38600 0 100 
38610 0 100 
38620 0 100 
38630 0 100 
38640 0 100 
38650 0 100 
38660 0 100 
38670 0 100 
38680 0 100 
38690 0 100 
38700 0 100 
38710 0 100 
38720 0 100 
38730 0 100 
38740 0 100 
38750 0 100 
38760 100 0 
38770 100 0 
38780 100 0 
38790 100 0 
38800 100 0 
38810 100 0 
38820 100 0 
38830 100 0 
38840 100 0 
38850 100 0 
38860 100 0 
38870 100 0 
38880 100 0 
38890 100 0 
38900 100 0 
38910 100 0 
38920 100 0 
38930 100 0 
38940 100 0 
38950 100 0 
38960 100 0 
38970 100 0 
38980 100 0 
38990 100 0 
39000 100 0 
39010 0 100 
39020 0 100 
39030 0 100 
39040 0 100 
39050 0 100 
39060 0 100 
39070 0 100 
39080 0 100 
39090 0 100 
39100 0 100 
39110 0 100 
39120 0 100 
39130 0 100 
39140 0 100 
39150 0 100 
39160 0 100 
39170 0 100 
39180 0 100 
39190 0 100 
39200 0 100 
39210 0 100 
39220 0 100 
39230 0 100 
39240 0 100 
39250 0 100 
39260 100 0 
39270 100 0 
39280 100 0 
39290 100 0 
39300 100 0 
39310 100 0 
39320 100 0 
39330 100 0 
39340 100 0 
39350 100 0 
39360 100 0 
39370 100 0 
39380 100 0 
39390 100 0 
39400 100 0 
39410 100 0 
39420 100 0 
39430 100 0 
39440 100 0 
39450 100 0 
39460 100 0 
39470 100 0 
39480 100 0 
39490 100 0 
39500 100 0 
39510 0 100 
39520 0 100 
39530 0 100 
39540 0 100 
39550 0 100 
39560 0 100 
39570 0 100 
39580 0 100 
39590 0 100 
39600 0 100 
39610 0 100 
39620 0 100 
39630 0 100 
39640 0 100 
39650 0 100 
39660 0 100 
39670 0 100 
39680 0 100 
39690 0 100 
39700 0 100 
39710 0 100 
39720 0 100 
39730 0 100 
39740 0 100 
39750 0 100 
39760 100 0 
39770 100 0 
39780 100 0 
39790 100 0 
39800 100 0 
39810 100 0 
39820 100 0 
39830 100 0 
39840 100 0 
39850 100 0 
39860 100 0 
39870 100 0 
39880 100 0 
39890 100 0 
39900 100 0 
39910 100 0 
39920 100 0 
39930 100 0 
39940 100 0 
39950 100 0 
39960 100 0 
39970 100 0 
39980 100 0 
39990 100 0 
40000 100 0 
40010 0 100 
40020 0 100 
40030 0 100 
40040 0 100 
40050 0 100 
40060 0 100 
40070 0 100 
40080 0 100 
40090 0 100 
40100 0 100 
40110 0 100 
40120 0 100 
40130 0 100 
40140 0 100 
40150 0 100 
40160 0 100 
40170 0 100 
40180 0 100 
40190 0 100 
40200 0 100 
40210 0 100 
40220 0 100 
40230 0 100 
40240 0 100 
40250 0 100 
40260 100 0 
40270 100 0 
40280 100 0 
40290 100 0 
40300 100 0 
40310 100 0 
40320 100 0 
40330 100 0 
40340 100 0 
40350 100 0 
40360 100 0 
40370 100 0 
40380 100 0 
40390 100 0 
40400 100 0 
40410 100 0 
40420 100 0 
40430 100 0 
40440 100 0 
40450 100 0 
40460 100 0 
40470 100 0 
40480 100 0 
40490 100 0 
40500 100 0 
40510 0 100 
40520 0 100 
40530 0 100 
40540 0 100 
40550 0 100 
40560 0 100 
40570 0 100 
40580 0 100 
40590 0 100 
40600 0 100 
40610 0 100 
40620 0 100 
40630 0 100 
40640 0 100 
40650 0 100 
40660 0 100 
40670 0 100 
40680 0 100 
40690 0 100 
40700 0 100 
40710 0 100 
40720 0 100 
40730 0 100 
40740 0 100 
40750 0 100 
40760 100 0 
40770 100 0 
40780 100 0 
40790 100 0 
40800 100 0 
40810 100 0 
40820 100 0 
40830 100 0 
40840 100 0 
40850 100 0 
40860 100 0 
40870 100 0 
40880 100 0 
40890 100 0 
40900 100 0 
40910 100 0 
40920 100 0 
40930 100 0 
40940 100 0 
40950 100 0 
40960 100 0 
40970 100 0 
40980 100 0 
40990 100 0 
41000 100 0 
41010 0 100 
41020 0 100 
41030 0 100 
41040 0 100 
41050 0 100 
41060 0 100 
41070 0 100 
41080 0 100 
41090 0 100 
41100 0 100 
41110 0 100 
41120 0 100 
41130 0 100 
41140 0 100 
41150 0 100 
41160 0 100 
41170 0 100 
41180 0 100 
41190 0 100 
41200 0 100 
41210 0 100 
41220 0 100 
41230 0 100 
41240 0 100 
41250 0 100 
41260 100 0 
41270 100 0 
41280 100 0 
41290 100 0 
41300 100 0 
41310 100 0 
41320 100 0 
41330 100 0 
41340 100 0 
41350 100 0 
41360 100 0 
41370 100 0 
41380 100 0 
41390 100 0 
41400 100 0 
41410 100 0 
41420 100 0 
41430 100 0 
41440 100 0 
41450 100 0 
41460 100 0 
41470 100 0 
41480 100 0 
41490 100 0 
41500 100 0 
41510 0 100 
41520 0 100 
41530 0 100 
41540 0 100 
41550 0 100 
41560 0 100 
41570 0 100 
41580 0 100 
41590 0 100 
41600 0 100 
41610 0 100 
41620 0 100 
41630 0 100 
41640 0 100 
41650 0 100 
41660 0 100 
41670 0 100 
41680 0 100 
41690 0 100 
41700 0 100 
41710 0 100 
41720 0 100 
41730 0 100 
41740 0 100 
41750 0 100 
41760 100 0 
41770 100 0 
41780 100 0 
41790 100 0 
41800 100 0 
41810 100 0 
41820 100 0 
41830 100 0 
41840 100 0 
41850 100 0 
41860 100 0 
41870 100 0 
41880 100 0 
41890 100 0 
41900 100 0 
41910 100 0 
41920 100 0 
41930 100 0 
41940 100 0 
41950 100 0 
41960 100 0 
41970 100 0 
41980 100 0 
41990 100 0 
42000 100 0 
42010 0 100 
42020 0 100 
42030 0 100 
42040 0 100 
42050 0 100 
42060 0 100 
42070 0 100 
42080 0 100 
42090 0 100 
42100 0 100 
42110 0 100 
42120 0 100 
42130 0 100 
42140 0 100 
42150 0 100 
42160 0 100 
42170 0 100 
42180 0 100 
42190 0 100 
42200 0 100 
42210 0 100 
42220 0 100 
42230 0 100 
42240 0 100 
42250 0 100 
42260 100 0 
42270 100 0 
42280 100 0 
42290 100 0 
42300 100 0 
42310 100 0 
42320 100 0 
42330 100 0 
42340 100 0 
42350 100 0 
42360 100 0 
42370 100 0 
42380 100 0 
42390 100 0 
42400 100 0 
42410 100 0 
42420 100 0 
42430 100 0 
42440 100 0 
42450 100 0 
42460 100 0 
42470 100 0 
42480 100 0 
42490 100 0 
42500 100 0 
42510 0 100 
42520 0 100 
42530 0 100 
42540 0 100 
42550 0 100 
42560 0 100 
42570 0 100 
42580 0 100 
42590 0 100 
42600 0 100 
42610 0 100 
42620 0 100 
42630 0 100 
42640 0 100 
42650 0 100 
42660 0 100 
42670 0 100 
42680 0 100 
42690 0 100 
42700 0 100 
42710 0 100 
42720 0 100 
42730 0 100 
42740 0 100 
42750 0 100 
42760 100 0 
42770 100 0 
42780 100 0 
42790 100 0 
42800 100 0 
42810 100 0 
42820 100 0 
42830 100 0 
42840 100 0 
42850 100 0 
42860 100 0 
42870 100 0 
42880 100 0 
42890 100 0 
42900 100 0 
42910 100 0 
42920 100 0 
42930 100 0 
42940 100 0 
42950 100 0 
42960 100 0 
42970 100 0 
42980 100 0 
42990 100 0 
43000 100 0 
43010 0 100 
43020 0 100 
43030 0 100 
43040 0 100 
43050 0 100 
43060 0 100 
43070 0 100 
43080 0 100 
43090 0 100 
43100 0 100 
43110 0 100 
43120 0 100 
43130 0 100 
43140 0 100 
43150 0 100 
43160 0 100 
43170 0 100 
43180 0 100 
43190 0 100 
43200 0 100 
43210 0 100 
43220 0 100 
43230 0 100 
43240 0 100 
43250 0 100 
43260 100 0 
43270 100 0 
43280 100 0 
43290 100 0 
43300 100 0 
43310 100 0 
43320 100 0 
43330 100 0 
43340 100 0 
43350 100 0 
43360 100 0 
43370 100 0 
43380 100 0 
43390 100 0 
43400 100 0 
43410 100 0 
43420 100 0 
43430 100 0 
43440 100 0 
43450 100 0 
43460 100 0 
43470 100 0 
43480 100 0 
43490 100 0 
43500 100 0 
43510 0 100 
43520 0 100 
43530 0 100 
43540 0 100 
43550 0 100 
43560 0 100 
43570 0 100 
43580 0 100 
43590 0 100 
43600 0 100 
43610 0 100 
43620 0 100 
43630 0 100 
43640 0 100 
43650 0 100 
43660 0 100 
43670 0 100 
43680 0 100 
43690 0 100 
43700 0 100 
43710 0 100 
43720 0 100 
43730 0 100 
43740 0 100 
43750 0 100 
43760 100 0 
43770 100 0 
43780 100 0 
43790 100 0 
43800 100 0 
43810 100 0 
43820 100 0 
43830 100 0 
43840 100 0 
43850 100 0 
43860 100 0 
43870 100 0 
43880 100 0 
43890 100 0 
43900 100 0 
43910 100 0 
43920 100 0 
43930 100 0 
43940 100 0 
43950 100 0 
43960 100 0 
43970 100 0 
43980 100 0 
43990 100 0 
44000 100 0 
44010 0 100 
44020 0 100 
44030 0 100 
44040 0 100 
44050 0 100 
44060 0 100 
44070 0 100 
44080 0 100 
44090 0 100 
44100 0 100 
44110 0 100 
44120 0 100 
44130 0 100 
44140 0 100 
44150 0 100 
44160 0 100 
44170 0 100 
44180 0 100 
44190 0 100 
44200 0 100 
44210 0 100 
44220 0 100 
44230 0 100 
44240 0 100 
44250 0 100 
44260 100 0 
44270 100 0 
44280 100 0 
44290 100 0 
44300 100 0 
44310 100 0 
44320 100 0 
44330 100 0 
44340 100 0 
44350 100 0 
44360 100 0 
44370 100 0 
44380 100 0 
44390 100 0 
44400 100 0 
44410 100 0 
44420 100 0 
44430 100 0 
44440 100 0 
44450 100 0 
44460 100 0 
44470 100 0 
44480 100 0 
44490 100 0 
44500 100 0 
44510 0 100 
44520 0 100 
44530 0 100 
44540 0 100 
44550 0 100 
44560 0 100 
44570 0 100 
44580 0 100 
44590 0 100 
44600 0 100 
44610 0 100 
44620 0 100 
44630 0 100 
44640 0 100 
44650 0 100 
44660 0 100 
44670 0 100 
44680 0 100 
44690 0 100 
44700 0 100 
44710 0 100 
44720 0 100 
44730 0 100 
44740 0 100 
44750 0 100 
44760 100 0 
44770 100 0 
44780 100 0 
44790 100 0 
44800 100 0 
44810 100 0 
44820 100 0 
44830 100 0 
44840 100 0 
44850 100 0 
44860 100 0 
44870 100 0 
44880 100 0 
44890 100 0 
44900 100 0 
44910 100 0 
44920 100 0 
44930 100 0 
44940 100 0 
44950 100 0 
44960 100 0 
44970 100 0 
44980 100 0 
44990 100 0 
45000 100 0 
45010 0 100 
45020 0 100 
45030 0 100 
45040 0 100 
45050 0 100 
45060 0 100 
45070 0 100 
45080 0 100 
45090 0 100 
45100 0 100 
45110 0 100 
45120 0 100 
45130 0 100 
45140 0 100 
45150 0 100 
45160 0 100 
45170 0 100 
45180 0 100 
45190 0 100 
45200 0 100 
45210 0 100 
45220 0 100 
45230 0 100 
45240 0 100 
45250 0 100 
45260 100 0 
45270 100 0 
45280 100 0 
45290 100 0 
45300 100 0 
45310 100 0 
45320 100 0 
45330 100 0 
45340 100 0 
45350 100 0 
45360 100 0 
45370 100 0 
45380 100 0 
45390 100 0 
45400 100 0 
45410 100 0 
45420 100 0 
45430 100 0 
45440 100 0 
45450 100 0 
45460 100 0 
45470 100 0 
45480 100 0 
45490 100 0 
45500 100 0 
45510 0 100 
45520 0 100 
45530 0 100 
45540 0 100 
45550 0 100 
45560 0 100 
45570 0 100 
45580 0 100 
45590 0 100 
45600 0 100 
45610 0 100 
45620 0 100 
45630 0 100 
45640 0 100 
45650 0 100 
45660 0 100 
45670 0 100 
45680 0 100 
45690 0 100 
45700 0 100 
45710 0 100 
45720 0 100 
45730 0 100 
45740 0 100 
45750 0 100 
45760 100 0 
45770 100 0 
45780 100 0 
45790 100 0 
45800 100 0 
45810 100 0 
45820 100 0 
45830 100 0 
45840 100 0 
45850 100 0 
45860 100 0 
45870 100 0 
45880 100 0 
45890 100 0 
45900 100 0 
45910 100 0 
45920 100 0 
45930 100 0 
45940 100 0 
45950 100 0 
45960 100 0 
45970 100 0 
45980 100 0 
45990 100 0 
46000 100 0 
46010 0 100 
46020 0 100 
46030 0 100 
46040 0 100 
46050 0 100 
46060 0 100 
46070 0 100 
46080 0 100 
46090 0 100 
46100 0 100 
46110 0 100 
46120 0 100 
46130 0 100 
46140 0 100 
46150 0 100 
46160 0 100 
46170 0 100 
46180 0 100 
46190 0 100 
46200 0 100 
46210 0 100 
46220 0 100 
46230 0 100 
46240 0 100 
46250 0 100 
46260 100 0 
46270 100 0 
46280 100 0 
46290 100 0 
46300 100 0 
46310 100 0 
46320 100 0 
46330 100 0 
46340 100 0 
46350 100 0 
46360 100 0 
46370 100 0 
46380 100 0 
46390 100 0 
46400 100 0 
46410 100 0 
46420 100 0 
46430 100 0 
46440 100 0 
46450 100 0 
46460 100 0 
46470 100 0 
46480 100 0 
46490 100 0 
46500 100 0 
46510 0 100 
46520 0 100 
46530 0 100 
46540 0 100 
46550 0 100 
46560 0 100 
46570 0 100 
46580 0 100 
46590 0 100 
46600 0 100 
46610 0 100 
46620 0 100 
46630 0 100 
46640 0 100 
46650 0 100 
46660 0 100 
46670 0 100 
46680 0 100 
46690 0 100 
46700 0 100 
46710 0 100 
46720 0 100 
46730 0 100 
46740 0 100 
46750 0 100 
46760 100 0 
46770 100 0 
46780 100 0 
46790 100 0 
46800 100 0 
46810 100 0 
46820 100 0 
46830 100 0 
46840 100 0 
46850 100 0 
46860 100 0 
46870 100 0 
46880 100 0 
46890 100 0 
46900 100 0 
46910 100 0 
46920 100 0 
46930 100 0 
46940 100 0 
46950 100 0 
46960 100 0 
46970 100 0 
46980 100 0 
46990 100 0 
47000 100 0 
47010 0 100 
47020 0 100 
47030 0 100 
47040 0 100 
47050 0 100 
47060 0 100 
47070 0 100 
47080 0 100 
47090 0 100 
47100 0 100 
47110 0 100 
47120 0 100 
47130 0 100 
47140 0 100 
47150 0 100 
47160 0 100 
47170 0 100 
47180 0 100 
47190 0 100 
47200 0 100 
47210 0 100 
47220 0 100 
47230 0 100 
47240 0 100 
47250 0 100 
47260 100 0 
47270 100 0 
47280 100 0 
47290 100 0 
47300 100 0 
47310 100 0 
47320 100 0 
47330 100 0 
47340 100 0 
47350 100 0 
47360 100 0 
47370 100 0 
47380 100 0 
47390 100 0 
47400 100 0 
47410 100 0 
47420 100 0 
47430 100 0 
47440 100 0 
47450 100 0 
47460 100 0 
47470 100 0 
47480 100 0 
47490 100 0 
47500 100 0 
47510 0 100 
47520 0 100 
47530 0 100 
47540 0 100 
47550 0 100 
47560 0 100 
47570 0 100 
47580 0 100 
47590 0 100 
47600 0 100 
47610 0 100 
47620 0 100 
47630 0 100 
47640 0 100 
47650 0 100 
47660 0 100 
47670 0 100 
47680 0 100 
47690 0 100 
47700 0 100 
47710 0 100 
47720 0 100 
47730 0 100 
47740 0 100 
47750 0 100 
47760 100 0 
47770 100 0 
47780 100 0 
47790 100 0 
47800 100 0 
47810 100 0 
47820 100 0 
47830 100 0 
47840 100 0 
47850 100 0 
47860 100 0 
47870 100 0 
47880 100 0 
47890 100 0 
47900 100 0 
47910 100 0 
47920 100 0 
47930 100 0 
47940 100 0 
47950 100 0 
47960 100 0 
47970 100 0 
47980 100 0 
47990 100 0 
48000 100 0 
48010 0 100 
48020 0 100 
48030 0 100 
48040 0 100 
48050 0 100 
48060 0 100 
48070 0 100 
48080 0 100 
48090 0 100 
48100 0 100 
48110 0 100 
48120 0 100 
48130 0 100 
48140 0 100 
48150 0 100 
48160 0 100 
48170 0 100 
48180 0 100 
48190 0 100 
48200 0 100 
48210 0 100 
48220 0 100 
48230 0 100 
48240 0 100 
48250 0 100 
48260 100 0 
48270 100 0 
48280 100 0 
48290 100 0 
48300 100 0 
48310 100 0 
48320 100 0 
48330 100 0 
48340 100 0 
48350 100 0 
48360 100 0 
48370 100 0 
48380 100 0 
48390 100 0 
48400 100 0 
48410 100 0 
48420 100 0 
48430 100 0 
48440 100 0 
48450 100 0 
48460 100 0 
48470 100 0 
48480 100 0 
48490 100 0 
48500 100 0 
48510 0 100 
48520 0 100 
48530 0 100 
48540 0 100 
48550 0 100 
48560 0 100 
48570 0 100 
48580 0 100 
48590 0 100 
48600 0 100 
48610 0 100 
48620 0 100 
48630 0 100 
48640 0 100 
48650 0 100 
48660 0 100 
48670 0 100 
48680 0 100 
48690 0 100 
48700 0 100 
48710 0 100 
48720 0 100 
48730 0 100 
48740 0 100 
48750 0 100 
48760 100 0 
48770 100 0 
48780 100 0 
48790 100 0 
48800 100 0 
48810 100 0 
48820 100 0 
48830 100 0 
48840 100 0 
48850 100 0 
48860 100 0 
48870 100 0 
48880 100 0 
48890 100 0 
48900 100 0 
48910 100 0 
48920 100 0 
48930 100 0 
48940 100 0 
48950 100 0 
48960 100 0 
48970 100 0 
48980 100 0 
48990 100 0 
49000 100 0 
49010 0 100 
49020 0 100 
49030 0 100 
49040 0 100 
49050 0 100 
49060 0 100 
49070 0 100 
49080 0 100 
49090 0 100 
49100 0 100 
49110 0 100 
49120 0 100 
49130 0 100 
49140 0 100 
49150 0 100 
49160 0 100 
49170 0 100 
49180 0 100 
49190 0 100 
49200 0 100 
49210 0 100 
49220 0 100 
49230 0 100 
49240 0 100 
49250 0 100 
49260 100 0 
49270 100 0 
49280 100 0 
49290 100 0 
49300 100 0 
49310 100 0 
49320 100 0 
49330 100 0 
49340 100 0 
49350 100 0 
49360 100 0 
49370 100 0 
49380 100 0 
49390 100 0 
49400 100 0 
49410 100 0 
49420 100 0 
49430 100 0 
49440 100 0 
49450 100 0 
49460 100 0 
49470 100 0 
49480 100 0 
49490 100 0 
49500 100 0 
49510 0 100 
49520 0 100 
49530 0 100 
49540 0 100 
49550 0 100 
49560 0 100 
49570 0 100 
49580 0 100 
49590 0 100 
49600 0 100 
49610 0 100 
49620 0 100 
49630 0 100 
49640 0 100 
49650 0 100 
49660 0 100 
49670 0 100 
49680 0 100 
49690 0 100 
49700 0 100 
49710 0 100 
49720 0 100 
49730 0 100 
49740 0 100 
49750 0 100 
49760 100 0 
49770 100 0 
49780 100 0 
49790 100 0 
49800 100 0 
49810 100 0 
49820 100 0 
49830 100 0 
49840 100 0 
49850 100 0 
49860 100 0 
49870 100 0 
49880 100 0 
49890 100 0 
49900 100 0 
49910 100 0 
49920 100 0 
49930 100 0 
49940 100 0 
49950 100 0 
49960 100 0 
49970 100 0 
49980 100 0 
49990 100 0 
50000 100 0 
