# Avida Average Data
# Mon Jan 16 12:30:31 2017
#  1: Update
#  2: Merit
#  3: Gestation Time
#  4: Fitness
#  5: Repro Rate?
#  6: (deprecated) Size
#  7: Copied Size
#  8: Executed Size
#  9: (deprecated) Abundance
# 10: Proportion of organisms that gave birth in this update
# 11: Proportion of Breed True Organisms
# 12: (deprecated) Genotype Depth
# 13: Generation
# 14: Neutral Metric
# 15: Lineage Label
# 16: True Replication Rate (based on births/update, time-averaged)

0 97 389 0 0 0 100 97 0 1 1 0 0 0 0 0 
100 97 389 0 0 0 100 97 0 0 0 0 0 0 0 0 
200 97 389 0 0 0 100 97 0 0 0 0 0 0 0 0 
300 97 389 0 0 0 100 97 0 0 0 0 0 0 0 0 
400 97 389 0.249357 0 0 100 97 0 0 0 0 1 -0.0566997 0 0 
500 97 389 0.249357 0 0 100 97 0 0 0 0 1 -0.0566997 0 0.291 
600 97 389 0.249357 0 0 100 97 0 0 0 0 1 -0.0566997 0 0.097 
700 97 389 0.249357 0 0 100 97 0 0 0 0 1 -0.0566997 0 0.097 
800 97 389 0.249357 0 0 100 97 0 0 0 0 2 0.792782 0 0.210167 
900 97 389 0.249357 0 0 100 97 0 0 0 0 2 0.792782 0 0.113167 
1000 97 389 0.249357 0 0 100 97 0 0 0 0 2 0.792782 0 0.113167 
1100 97 389 0.249357 0 0 100 97 0 0 0 0 2 0.792782 0 0.113167 
1200 97 388.714 0.249541 0 0 100 97 0 0 0 0 2.85714 1.38837 0 0.212014 
1300 97 388.75 0.249518 0 0 100 97 0 0 0 0 3 1.08148 0 0.123098 
1400 97 388.75 0.249518 0 0 100 97 0 0 0 0 3 1.08148 0 0.123098 
1500 97 388.75 0.249518 0 0 100 97 0 0 0 0 3 1.08148 0 0.123098 
1600 97.2857 389.857 0.249541 0 0 100.143 97.2857 0 0 0 0 3.85714 1.31707 0 0.226846 
1700 97.25 389.625 0.249598 0 0 100.125 97.25 0 0 0 0 4 0.768007 0 0.153124 
1800 97.25 389.625 0.249598 0 0 100.125 97.25 0 0 0 0 4 0.768007 0 0.128874 
1900 96.4 388.7 0.247994 0 0 100.15 96.4 0 0.05 0 0 4.4 1.28941 0 0.160504 
2000 96.8571 389.643 0.248566 0 0 100.321 96.8571 0 0 0 0 4.92857 1.25418 0 0.24925 
2100 97.1034 389.586 0.249241 0 0 100.31 97.1034 0 0 0 0 5 0.91123 0 0.158878 
2200 97.1034 389.586 0.249241 0 0 100.31 97.1034 0 0 0 0 5 0.91123 0 0.133753 
2300 97.2973 390.054 0.249436 0 0 100.459 97.2973 0 0 0 0 5.48649 1.51676 0 0.186627 
2400 97.383 390.319 0.249482 0 0 100.511 97.383 0 0 0 0 5.89362 0.993452 0 0.219225 
2500 97.383 390.362 0.249454 0 0 100.511 97.383 0 0 0 0 5.93617 0.901313 0 0.138767 
2600 97.383 390.362 0.249454 0 0 100.511 97.383 0 0 0 0 5.93617 0.901313 0 0.12539 
2700 97.7193 391.14 0.249818 0 0 100.684 97.7193 0 0 0 0 6.45614 1.49441 0 0.180746 
2800 97.8714 391.4 0.250041 0 0 100.857 97.8714 0 0 0 0 6.9 1.41093 0 0.188812 
2900 97.8714 391.414 0.250032 0 0 100.857 97.8714 0 0 0 0 6.92857 1.29843 0 0.130177 
3000 96.493 388.437 0.247784 0 0 100.127 96.493 0 0 0 0 6.95775 1.29194 0 0.124607 
3100 96.9545 390.307 0.247889 0 0 100.67 96.9545 0 0 0 0 7.60227 1.80158 0 0.193965 
3200 97.0408 390.082 0.248301 0 0 100.643 97.0408 0 0 0 0 7.87755 1.73434 0 0.18443 
3300 97.0505 390.101 0.248318 0 0 100.646 97.0505 0 0 0 0 7.91919 1.59356 0 0.131352 
3400 97.03 389.98 0.248348 0 0 100.62 97.03 0 0 0 0 7.94 1.56258 0 0.1277 
3500 97.4701 392.991 0.247663 0 0 100.94 97.4701 0 0 0 0 8.58974 1.96766 0 0.201544 
3600 97.2481 392.158 0.247661 0 0 100.865 97.2481 0 0 0 0 8.87218 1.59435 0 0.17392 
3700 97.2481 392.158 0.247661 0 0 100.865 97.2481 0 0 0 0 8.88722 1.50216 0 0.131023 
3800 97.2044 392.124 0.247587 0 0 100.92 97.2044 0 0.00729927 0.00729927 0 9.0438 1.6449 0 0.137644 
3900 97.9013 393.77 0.248384 0 0 101.711 97.9013 0 0 0 0 9.65789 1.9893 0 0.201896 
4000 97.5939 392.939 0.248137 0 0 101.588 97.5939 0 0 0 0 9.87273 1.57094 0 0.162424 
4100 97.5939 392.915 0.248153 0 0 101.588 97.5939 0 0 0 0 9.88485 1.57205 0 0.121873 
4200 97.6235 392.859 0.248271 0 0 101.6 97.6235 0 0 0 0 10.0529 1.69814 0 0.135323 
4300 97.3542 397.422 0.245792 0 0 102.245 98.3438 0 0 0 0 10.6042 1.75149 0 0.185845 
4400 97.1618 394.779 0.246317 0 0 102.172 97.6275 0 0.00490196 0 0 10.8431 1.50235 0 0.154792 
4500 97.2108 394.843 0.246405 0 0 102.176 97.6765 0 0 0 0 10.8578 1.47788 0 0.121512 
4600 97.3839 393.142 0.247333 0 0 101.725 97.3839 0 0.00947867 0.00473934 0 11.0711 1.44457 0 0.142879 
4700 98.075 395.312 0.247742 0 0 102.267 98.075 0 0 0 0 11.6042 1.62231 0 0.196487 
4800 97.6813 394.359 0.247287 0 0 101.96 97.6813 0 0 0 0 11.8127 1.34758 0 0.164056 
4900 97.5675 394.286 0.247037 0 0 101.976 97.5675 0 0 0 0 11.8333 1.33529 0 0.132796 
5000 97.5271 394.372 0.246894 0 0 102.062 97.5271 0 0 0 0 12.0698 1.41819 0 0.154286 
5100 97.5808 395.811 0.245963 0 0 102.433 97.5808 0 0 0 0 12.6564 1.68932 0 0.196533 
5200 97.6379 396.897 0.245875 0 0 102.734 97.9236 0 0 0 0 12.8106 1.59086 0 0.150411 
5300 97.7599 397.888 0.24575 0 0 102.931 98.0428 0 0.00328947 0 0 12.8553 1.48069 0 0.123653 
5400 98.1604 398.846 0.246082 0 0 103.113 98.4434 0 0.00314465 0 0 13.1226 1.67709 0 0.148096 
5500 98.1686 398.557 0.246345 0 0 102.926 98.4229 0 0 0 0 13.6171 1.60231 0 0.184407 
5600 97.9749 399.331 0.245585 0 0 103.061 98.4791 0 0 0 0 13.7632 1.50704 0 0.141824 
5700 97.9201 399.132 0.2456 0 0 103.165 98.4187 0 0 0 0 13.8072 1.35344 0 0.125025 
5800 98.125 399.681 0.245586 0 0 103.34 98.492 0 0 0 0 14.1436 1.4831 0 0.155238 
5900 98.1 398.678 0.245944 0 0 103.129 98.4341 0 0 0 0 14.6341 1.51118 0 0.185687 
6000 97.8839 398.635 0.245573 0 0 103.168 98.3791 0 0.00236967 0.00236967 0 14.763 1.39548 0 0.144381 
6100 97.2871 399.193 0.244148 0 0 102.828 97.7788 0 0 0 0 14.8282 1.25084 0 0.132771 
6200 97.6185 398.151 0.245244 0 0 102.711 97.7923 0 0.00451467 0.00225734 0 15.1896 1.34495 0 0.160434 
6300 97.9266 397.249 0.246277 0 0 102.784 98.0084 0 0 0 0 15.6289 1.22682 0 0.180871 
6400 98.284 397.984 0.246887 0 0 103.033 98.3642 0 0 0 0 15.7716 1.19468 0 0.14167 
6500 97.6606 397.012 0.245745 0 0 102.813 97.7398 0 0.00203252 0 0 15.8618 1.18334 0 0.130975 
6600 97.955 397.526 0.246071 0 0 102.953 97.9648 0 0.00587084 0.00195695 0 16.2387 1.25971 0 0.163024 
6700 98.586 398.826 0.246941 0 0 103.327 98.5933 0 0 0 0 16.6784 1.32793 0 0.186593 
6800 98.6105 398.942 0.246935 0 0 103.377 98.6178 0 0 0 0 16.7953 1.19483 0 0.146361 
6900 98.1239 398.19 0.246061 0 0 103.039 98.2101 0 0 0 0 16.8887 1.2361 0 0.137061 
7000 98.401 399.131 0.246313 0 0 103.267 98.7418 0 0.00860585 0.00172117 0 17.296 1.3335 0 0.170838 
7100 98.6278 400.112 0.246266 0 0 103.497 98.9482 0 0.00161812 0 0 17.6958 1.23268 0 0.185296 
7200 98.7175 400.278 0.246474 0 0 103.502 99.0302 0 0 0 0 17.8222 1.1332 0 0.146298 
7300 98.4063 399.75 0.245917 0 0 103.315 98.7165 0 0 0 0 17.9087 1.15006 0 0.139084 
7400 98.4955 400.129 0.245879 0 0 103.624 98.7872 0 0.00446429 0 0 18.3542 1.25842 0 0.176718 
7500 98.7921 400.027 0.24651 0 0 103.926 98.9505 0 0 0 0 18.7058 1.28009 0 0.180821 
7600 98.9471 400.278 0.246797 0 0 104.14 99.1029 0 0 0 0 18.8303 1.18454 0 0.142287 
7700 98.8124 401.72 0.246174 0 0 104.215 99.2372 0 0 0 0 18.9159 1.26748 0 0.133939 
7800 995.67 403.688 2.00292 0 0 104.729 99.7768 0 0.001321 0.001321 0 19.3289 1.27203 0 0.232356 
7900 2757.63 409.668 5.46679 0 0 106.258 101.377 0 0.00125313 0 0 19.9574 1.38416 0 0.702695 
8000 4365 413.576 8.61749 0 0 107.334 102.374 0 0.00120919 0.00120919 0 20.6034 1.4165 0 1.68747 
8100 519.425 417.892 1.04283 0 0 108.231 103.175 0 0 0 0 21.3642 1.47974 0 2.66015 
8200 102.526 417.128 0.246263 0 0 108.108 103.18 0 0 0 0 21.4613 1.39385 0 2.69961 
8300 102.333 417.345 0.245887 0 0 108.069 103.17 0 0.00111359 0.00111359 0 21.5635 1.26887 0 2.61575 
8400 102.293 417.268 0.245819 0 0 108.023 103.126 0 0 0 0 21.6146 1.18361 0 2.10456 
8500 102.566 417.602 0.246265 0 0 108.161 103.377 0 0.00215517 0.00107759 0 21.9149 1.19282 0 1.10015 
8600 103.552 420.605 0.246643 0 0 109.071 104.172 0 0.00100301 0 0 22.6078 1.17768 0 0.17501 
8700 103.272 419.556 0.246589 0 0 108.844 103.882 0 0.000979432 0.000979432 0 22.7013 1.03627 0 0.147958 
8800 103.013 418.761 0.246174 0 0 108.722 103.524 0 0 0 0 22.7683 0.956322 0 0.134868 
8900 103.084 418.847 0.246315 0 0 108.666 103.583 0 0.00285987 0 0 23.0086 0.974216 0 0.15422 
9000 103.705 422.347 0.246263 0 0 109.513 104.522 0 0.00270758 0 0 23.6182 0.977664 0 0.19176 
9100 103.4 421.739 0.245897 0 0 109.302 104.292 0 0.00176678 0.000883392 0 23.727 0.994193 0 0.15246 
9200 103.321 421.342 0.245952 0 0 109.258 104.209 0 0 0 0 23.7581 0.95358 0 0.13968 
9300 976.335 420.967 2.00627 0 0 109.302 104.28 0 0 0 0 24.2065 0.954665 0 0.208206 
9400 2936.29 424.138 6.00467 0 0 110.2 105.247 0 0.00407498 0 0 25.4377 0.872711 0 0.693281 
9500 3923.94 425.47 8.01948 0 0 110.657 105.754 0 0.00473934 0.000789889 0 26.2638 0.875049 0 1.41522 
9600 179.158 428.635 0.370843 0 0 111.4 106.674 0 0.00153022 0.00153022 0 27.2226 0.958044 0 2.34075 
9700 106.172 429.795 0.247541 0 0 111.494 107.029 0 0.00298507 0.000746269 0 27.4866 0.934712 0 2.38365 
9800 106.38 431.46 0.247361 0 0 111.793 107.417 0 0.00218182 0.000727273 0 27.6858 0.948232 0 2.34742 
9900 128.4 430.269 0.311178 0 0 111.66 107.148 0 0.000716332 0.000716332 0 27.7479 0.841986 0 1.85345 
10000 106.106 430.052 0.247483 0 0 111.571 107.055 0 0.00213828 0.000712758 0 27.7691 0.839105 0 1.07718 
10100 150.078 432.854 0.335196 0 0 112.512 108.038 0 0 0 0 28.8084 0.857886 0 0.176099 
10200 172.847 433.749 0.372897 0 0 112.806 108.356 0 0.000668449 0 0 29.0782 1.07636 0 0.189985 
10300 1019.67 433.483 2.03502 0 0 112.818 108.245 0 0.00132275 0 0 29.4431 1.06642 0 0.269306 
10400 3097.01 434.522 5.87911 0 0 113.128 108.487 0 0.000658762 0 0 29.8722 0.90002 0 0.740461 
10500 4398.31 435.668 8.33768 0 0 113.455 108.634 0 0.000654879 0 0 30.3602 0.821764 0 1.59118 
10600 397.021 437.358 0.832324 0 0 113.923 109.186 0 0.000651466 0 0 30.7446 0.908826 0 2.33272 
10700 107.913 436.416 0.248354 0 0 113.67 108.777 0 0.000652316 0.000652316 0 30.6673 0.78263 0 2.28207 
10800 107.814 436.702 0.248146 0 0 113.73 108.83 0 0.002589 0 0 30.7074 0.731826 0 2.17153 
10900 476.007 444.335 0.429782 0 0 115.668 110.836 0 0.00127551 0 0 31.0415 0.753167 0 1.73827 
11000 473.424 444.275 0.428433 0 0 115.642 110.797 0 0.000633312 0 0 31.2065 0.755474 0 0.926188 
11100 108.079 437.788 0.248453 0 0 113.953 109.238 0 0.00188679 0.000628931 0 31.2138 0.795517 0 0.173038 
11200 703.626 437.604 1.50199 0 0 113.986 109.222 0 0 0 0 31.4289 0.857539 0 0.204756 
11300 108.568 438.768 0.248505 0 0 114.492 109.638 0 0 0 0 31.8697 0.810426 0 0.235414 
11400 108.171 437.411 0.248158 0 0 114.18 109.122 0 0.000588235 0 0 31.8965 0.725509 0 0.191517 
11500 108.217 436.672 0.248509 0 0 114.059 109.042 0 0.00172117 0.000573723 0 32.424 0.680031 0 0.174349 
11600 127.88 435.247 0.283927 0 0 113.671 108.556 0 0.0011236 0 0 32.5775 0.604772 0 0.17239 
11700 141.679 435.136 0.317082 0 0 113.621 108.407 0 0.00166389 0 0 32.7754 0.79267 0 0.179526 
11800 1811.34 437.38 3.25681 0 0 114.302 108.988 0 0.00219058 0.000547645 0 33.4096 0.641886 0 0.293486 
11900 3923.93 439.56 6.95316 0 0 114.86 109.487 0 0 0 0 34.0208 0.524013 0 0.962456 
12000 5419.64 441.766 9.56819 0 0 115.474 110.038 0 0.00109409 0 0 34.7084 0.345016 0 1.97762 
12100 254.876 443.895 0.518634 0 0 116.093 110.722 0 0 0 0 35.0714 0.394094 0 2.70132 
12200 109.694 442.512 0.248181 0 0 115.979 110.304 0 0 0 0 35.0629 0.366968 0 2.66067 
12300 109.654 441.336 0.248462 0 0 115.754 110.075 0 0.00159744 0.000532481 0 35.4846 0.343551 0 2.53343 
12400 109.481 440.419 0.248614 0 0 115.522 109.883 0 0.00208877 0.000522193 0 35.5232 0.339026 0 1.8826 
12500 950.586 440.992 1.83049 0 0 115.642 110.072 0 0.00154959 0 0 35.5961 0.506335 0 0.947475 
12600 109.833 441.998 0.2487 0 0 115.757 110.216 0 0.00253165 0.00101266 0 35.9494 0.472106 0 0.285134 
12700 109.713 441.629 0.248355 0 0 115.643 110.02 0 0.00100806 0 0 36.1033 0.38909 0 0.291236 
12800 1498.7 441.329 3.09693 0 0 115.617 109.992 0 0.001001 0 0 36.476 0.328471 0 0.391594 
12900 3187.61 441.252 6.58944 0 0 115.598 109.946 0 0.000998004 0 0 37.0354 0.345306 0 0.979064 
13000 4585.13 441.334 9.44092 0 0 115.656 110.005 0 0.00148957 0.000496524 0 37.6351 0.36933 0 1.79058 
13100 328.442 441.58 0.717892 0 0 115.792 110.13 0 0.000984737 0 0 38.2452 0.423147 0 2.6377 
13200 139.355 441.911 0.3102 0 0 115.818 110.206 0 0.000485201 0.000485201 0 38.2188 0.457975 0 2.65135 
13300 816.801 441.462 1.62947 0 0 115.664 109.929 0 0.00239808 0 0 38.2921 0.39164 0 2.59278 
13400 2202.43 441.058 4.33311 0 0 115.638 109.702 0 0.00382958 0.000957396 0 38.7061 0.388857 0 2.3737 
13500 3153.86 440.49 6.23807 0 0 115.593 109.612 0 0.000476644 0 0 39.2259 0.458977 0 2.07199 
13600 109.062 440.091 0.247826 0 0 115.526 109.491 0 0.00236407 0.000945626 0 39.6582 0.530795 0 1.56292 
13700 109.351 440.994 0.248146 0 0 115.686 109.839 0 0.000925926 0 0 39.681 0.539968 0 1.56658 
13800 897.78 440.948 1.81647 0 0 115.745 109.741 0 0.00323176 0 0 40.0102 0.594253 0 1.56157 
13900 2253.61 439.553 4.56753 0 0 115.361 109.373 0 0.000923361 0 0 40.6999 0.507492 0 1.59214 
14000 3281.21 438.544 6.75805 0 0 115.148 109.161 0 0.00138504 0.000923361 0 41.4404 0.502112 0 1.66325 
14100 108.763 438.324 0.24829 0 0 115.096 109.2 0 0.00275482 0.000918274 0 42.0969 0.485285 0 1.62319 
14200 108.612 437.228 0.248295 0 0 114.973 108.87 0 0.00135379 0.000451264 0 42.3664 0.435502 0 1.61758 
14300 18182.7 436.908 34.203 0 0 114.66 108.484 0 0.000439174 0 0 42.5718 0.448834 0 1.75038 
14400 190398 444.111 331.428 0 0 114.984 108.951 0 0.00209732 0 0 42.5583 0.410122 0 25.4475 
14500 302779 449.427 513.856 0 0 115.417 109.369 0 0.00122499 0 0 42.7154 0.435568 0 79.4426 
14600 109.593 453.128 0.243277 0 0 115.813 109.797 0 0.00281804 0 0 43.0113 0.519388 0 115.831 
14700 124.302 454.3 0.269027 0 0 115.952 110.1 0 0.000795229 0 0 43.0258 0.585842 0 115.832 
14800 109.855 453.958 0.24343 0 0 115.919 110.013 0 0.00118671 0 0 43.2919 0.476459 0 115.653 
14900 252.549 452.618 0.54195 0 0 115.805 109.7 0 0 0 0 43.8755 0.424976 0 91.5648 
15000 1390.65 452.986 2.94925 0 0 115.921 109.788 0 0.00155824 0.00116868 0 44.3896 0.224546 0 37.0871 
15100 109.56 452.665 0.243317 0 0 115.859 109.665 0 0.000777303 0 0 44.5472 0.0967383 0 0.458633 
15200 109.498 451.977 0.243545 0 0 115.812 109.603 0 0.00114811 0.000382702 0 44.5522 0.169424 0 0.46039 
15300 87953 454.407 139.327 0 0 116.226 110.091 0 0 0 0 44.82 0.282257 0 5.78235 
15400 199080 457.553 300.484 0 0 116.8 110.619 0 0.00113809 0 0 45.3103 0.374222 0 35.1522 
15500 290948 460.706 428.798 0 0 117.339 111.179 0 0.00075815 0 0 45.7377 0.435193 0 83.0838 
15600 149.83 463.406 0.314134 0 0 117.849 111.686 0 0.00113809 0 0 46.0376 0.429971 0 105.157 
15700 111.991 467.966 0.241984 0 0 118.374 112.337 0 0.00149477 0.000747384 0 46.102 0.440369 0 105.211 
15800 3144.76 466.166 6.84424 0 0 118.031 112.002 0 0.00260708 0 0 46.8354 0.443528 0 100.119 
15900 5660.13 464.077 12.6829 0 0 117.512 111.45 0 0.00297952 0.000372439 0 47.8983 0.425028 0 71.9252 
16000 8037.35 462.282 18.0209 0 0 117.101 111.072 0 0.0018622 0 0 49.1542 0.374798 0 25.6769 
16100 646.356 461.514 1.43505 0 0 116.964 110.947 0 0.000374251 0 0 50.0296 0.302469 0 4.62296 
16200 1672.41 460.571 3.73547 0 0 116.849 110.573 0 0.000373552 0 0 51.0269 0.322293 0 4.85136 
16300 2246.78 460.759 4.99282 0 0 116.968 110.676 0 0.00111857 0 0 52.7916 0.216762 0 5.17949 
16400 4054.77 461.079 8.99553 0 0 117.052 110.798 0 0.0022363 0.000372717 0 54.344 0.148591 0 4.80017 
16500 5592.57 460.676 12.4382 0 0 117.045 110.727 0 0.0026032 0.00148754 0 55.9238 0.022129 0 4.18114 
16600 3734.3 460.89 8.25411 0 0 117.153 110.773 0 0.00148588 0.000742942 0 57.2099 0.00651038 0 4.22555 
16700 4513.28 461.108 10.0825 0 0 117.2 110.785 0 0.00148754 0 0 58.1945 0.00882208 0 5.10096 
16800 4873.29 460.793 10.9404 0 0 117.264 110.853 0 0.00111607 0.000744048 0 59.2396 0.0401439 0 5.89712 
16900 5943.65 460.59 13.3267 0 0 117.131 110.775 0 0.00148699 0.000743494 0 60.4602 0.102155 0 6.43764 
17000 7002.14 460.472 15.791 0 0 117.243 110.857 0 0.000743494 0 0 61.7506 0.159923 0 6.88215 
17100 5695.5 460.401 12.8372 0 0 117.281 110.854 0 0.000371747 0 0 63.0413 0.129658 0 7.39681 
17200 7007.45 460.033 15.7756 0 0 117.234 110.884 0 0.0026003 0.000371471 0 64.4918 0.0760621 0 8.09147 
17300 7544.34 459.733 17.0498 0 0 117.221 110.826 0 0.000371333 0 0 65.8827 0.0343524 0 8.67634 
17400 8729.92 459.124 19.7174 0 0 117.219 110.747 0 0.000742666 0.000371333 0 67.3531 0.0695182 0 9.59681 
17500 10131.2 459.819 22.7608 0 0 117.369 111.116 0 0.00148423 0.000742115 0 68.9091 0.146302 0 10.5874 
17600 8408.16 459.569 18.9 0 0 117.314 111.042 0 0.00111317 0.000371058 0 70.1614 0.0813203 0 11.5247 
17700 8885.09 459.602 20.0011 0 0 117.165 110.89 0 0 0 0 71.5193 0.0549297 0 11.9416 
17800 10048 459.988 22.5505 0 0 117.291 111.087 0 0.00111359 0.000371195 0 73.3174 0.153804 0 12.7405 
17900 11552.3 459.647 25.9413 0 0 117.248 111.04 0 0.000371058 0 0 74.9083 0.168621 0 13.4325 
18000 13197.5 458.824 29.7433 0 0 117.19 110.953 0 0.00148203 0 0 76.5002 0.101138 0 14.3871 
18100 12159.9 458.489 27.4424 0 0 117.277 111.017 0 0.00111111 0.00037037 0 78.2896 0.14501 0 15.74 
18200 10789.1 458.589 24.2591 0 0 117.375 111.146 0 0.00259163 0.000740466 0 79.8389 0.204901 0 16.1608 
18300 12028 458.086 27.0091 0 0 117.275 110.962 0 0.00185254 0.00111152 0 81.1941 0.210745 0 16.7823 
18400 13214.6 457.787 29.705 0 0 117.244 110.84 0 0.0011107 0 0 82.816 0.240242 0 17.657 
18500 16120.9 457.086 36.389 0 0 117.192 110.907 0 0.00147984 0.000369959 0 84.5224 0.318912 0 18.2924 
18600 14851.5 457.308 33.5453 0 0 117.231 110.887 0 0.00221811 0.000739372 0 85.5508 0.217576 0 18.8256 
18700 11875.2 456.543 26.8285 0 0 117.13 110.716 0 0 0 0 86.9224 0.229679 0 19.779 
18800 13540.6 456.185 30.584 0 0 117.236 110.755 0 0.000738825 0.000369413 0 88.2538 0.293726 0 19.7595 
18900 15899.9 456.782 35.8829 0 0 117.385 111.003 0 0.00110701 0.00110701 0 90.1506 0.218046 0 20.3308 
19000 18289.5 456.633 41.3935 0 0 117.431 111.102 0 0.00147438 0.000368596 0 91.9049 0.245012 0 20.7046 
19100 18908.5 455.364 42.8363 0 0 117.259 110.796 0 0.0014733 0.00110497 0 93.639 0.225994 0 22.0793 
19200 14537.6 455.136 32.9616 0 0 117.246 110.818 0 0.00110254 0.000367512 0 95.2543 0.211796 0 22.9445 
19300 14990 453.934 33.9491 0 0 117.117 110.534 0 0.000732869 0.000366435 0 96.7849 0.186806 0 23.5888 
19400 16410 453.726 37.1535 0 0 117.126 110.435 0 0.00183284 0.000366569 0 97.7449 0.117885 0 23.1773 
19500 21673.6 453.37 49.0544 0 0 117.139 110.43 0 0 0 0 99.6764 0.131182 0 24.5155 
19600 22880.2 453.673 51.7832 0 0 117.194 110.656 0 0.00181818 0.000363636 0 100.962 0.111705 0 24.5921 
19700 17647.8 453.661 40.016 0 0 117.297 110.875 0 0.00217313 0.00108656 0 102.737 0.0872959 0 26.3213 
19800 16754 453.391 37.9954 0 0 117.288 110.703 0 0.000361272 0 0 104.203 -0.0701094 0 26.6316 
19900 17494.4 453.648 39.6112 0 0 117.354 110.801 0 0.00215595 0 0 105.591 -0.0360336 0 27.7383 
20000 21571.2 453.742 48.8766 0 0 117.447 110.988 0 0.00107527 0.000716846 0 107.041 -0.0255145 0 26.5031 
20100 25063.2 453.5 56.7248 0 0 117.387 111.056 0 0.00107066 0 0 108.835 -0.0101283 0 29.0639 
20200 20840.8 453.66 47.2196 0 0 117.486 111.164 0 0.000711491 0.000355745 0 110.281 -0.112806 0 28.8543 
20300 18654.8 452.713 42.3305 0 0 117.446 110.99 0 0.00106157 0.00106157 0 111.558 -0.209563 0 29.8917 
20400 20282.9 452.175 46.0153 0 0 117.479 111.048 0 0.00105783 0.000352609 0 113.003 -0.098933 0 29.7356 
20500 23168.9 452.267 52.5734 0 0 117.499 111.149 0 0.00105337 0.000351124 0 114.327 -0.134426 0 31.2909 
20600 26588.4 452.985 60.27 0 0 117.741 111.49 0 0.00174764 0.000699056 0 115.596 -0.191932 0 29.1201 
20700 25388.7 452.648 57.5126 0 0 117.801 111.571 0 0.00139082 0.00069541 0 117.439 -0.306041 0 33.1557 
20800 22429.3 452.266 50.8683 0 0 117.884 111.593 0 0.00034626 0.00034626 0 118.802 -0.360789 0 33.1386 
20900 21756.1 452.057 49.2918 0 0 117.84 111.55 0 0.00207254 0.000345423 0 119.883 -0.465159 0 33.6971 
21000 25534 451.697 58.0055 0 0 117.843 111.414 0 0 0 0 121.269 -0.503167 0 34.5655 
21100 28766 450.808 65.3543 0 0 117.761 111.397 0 0.0010274 0.000342466 0 122.544 -0.475419 0 36.3765 
21200 29173.1 450.443 66.2416 0 0 117.831 111.41 0 0.00102354 0.00034118 0 124.078 -0.558044 0 34.5233 
21300 25175 451.127 57.0958 0 0 117.991 111.65 0 0.000340136 0 0 125.891 -0.587125 0 38.5553 
21400 23665.7 450.739 53.531 0 0 118.054 111.749 0 0.00169664 0.00101798 0 126.801 -0.660435 0 38.0925 
21500 26477.7 450.552 59.8186 0 0 118.02 111.735 0 0.000337838 0 0 127.811 -0.706499 0 36.9985 
21600 30908.1 449.884 69.9949 0 0 118.11 111.789 0 0.00202429 0.00101215 0 129.384 -0.717061 0 38.2793 
21700 29847.2 449.277 67.5082 0 0 118.059 111.698 0 0.00201072 0.000670241 0 130.826 -0.759347 0 38.9991 
21800 27449.9 448.93 62.0798 0 0 118.138 111.875 0 0.00200669 0.000334448 0 132.684 -0.696678 0 38.6796 
21900 26518 448.418 59.8392 0 0 118.179 111.857 0 0.000666889 0.000333444 0 133.839 -0.706722 0 39.8617 
22000 28060.7 447.845 63.4378 0 0 118.089 111.818 0 0.000664894 0 0 135.19 -0.698611 0 39.9063 
22100 32670.1 447.213 73.9065 0 0 118.07 111.714 0 0.00132626 0.000331565 0 136.496 -0.753603 0 40.5814 
22200 32620.5 446.506 73.7166 0 0 118.05 111.664 0 0.00231558 0 0 137.711 -0.73382 0 40.6143 
22300 30601.4 445.629 69.2619 0 0 117.919 111.554 0 0.00198085 0.000990426 0 138.982 -0.778049 0 41.8172 
22400 28525.5 445.24 64.6671 0 0 118.037 111.613 0 0.00164636 0.000658545 0 140.12 -0.847925 0 43.5336 
22500 29183.6 445.125 66.0746 0 0 117.997 111.528 0 0.00164204 0.000328407 0 140.976 -0.840941 0 43.3318 
22600 34953.7 444.477 79.1818 0 0 118.014 111.611 0 0.00196657 0.000655523 0 142.529 -0.714721 0 43.3068 
22700 34890.1 444.732 78.9769 0 0 118.019 111.645 0 0.00163292 0 0 143.355 -0.752066 0 44.9465 
22800 31038 444.578 70.2528 0 0 118.157 111.705 0 0.00130124 0.000650618 0 144.582 -0.701378 0 44.8653 
22900 29602.4 443.997 66.9744 0 0 117.95 111.453 0 0.000648929 0.000324465 0 145.772 -0.825141 0 45.6361 
23000 29600.6 444.305 67.0963 0 0 118.064 111.616 0 0.0012945 0.000647249 0 146.346 -0.72879 0 45.7452 
23100 35298.9 445.022 79.5482 0 0 118.226 111.789 0 0.000969305 0.000323102 0 147.361 -0.743005 0 43.3775 
23200 36666.3 444.452 82.7736 0 0 118.205 111.775 0 0.00192988 0.00096494 0 148.591 -0.888562 0 43.9173 
23300 33543.2 444.667 75.549 0 0 118.327 112.03 0 0.000963391 0.00032113 0 149.75 -0.891244 0 46.4903 
23400 31384.6 444.772 70.7089 0 0 118.44 112.192 0 0.000320513 0 0 150.937 -0.853589 0 44.6469 
23500 31396.4 444.77 70.7879 0 0 118.417 112.171 0 0.000956633 0.000318878 0 151.64 -0.93366 0 46.8617 
23600 35875.5 443.807 81.1901 0 0 118.232 111.895 0 0.00159134 0.000954806 0 152.482 -0.90672 0 46.6709 
23700 38496.5 443.776 87.1125 0 0 118.163 111.782 0 0.00222363 0 0 153.403 -0.837398 0 45.2674 
23800 36151.3 443.831 81.6513 0 0 118.252 111.93 0 0.00252048 0.00063012 0 154.892 -0.901624 0 47.8634 
23900 32694.3 443.637 73.8844 0 0 118.282 111.93 0 0.000628338 0 0 155.854 -0.992765 0 50.5408 
24000 33147.4 443.645 74.8918 0 0 118.272 111.938 0 0.000941915 0.000627943 0 156.724 -1.07816 0 48.7679 
24100 36687.5 442.895 83.0536 0 0 118.152 111.871 0 0.000938967 0 0 157.717 -1.08713 0 49.5539 
24200 41425.7 442.727 93.7765 0 0 118.213 111.969 0 0.00124533 0.000311333 0 158.662 -1.1001 0 50.6133 
24300 40012.3 442.081 90.6304 0 0 118.216 111.951 0 0.00279416 0.000620925 0 159.937 -1.07749 0 48.7921 
24400 35441.3 442.202 80.3303 0 0 118.224 112.001 0 0.00246533 0.000308166 0 161.395 -1.16592 0 52.7981 
24500 35047.1 442.323 79.2933 0 0 118.281 112.041 0 0.000306937 0.000306937 0 162.065 -1.29258 0 53.6551 
24600 36120.8 442.303 81.7027 0 0 118.332 112.108 0 0.00122963 0 0 162.289 -1.25301 0 51.096 
24700 41559.4 441.599 93.9346 0 0 118.332 112.106 0 0.00214329 0.000306185 0 163.821 -1.20437 0 51.3077 
24800 43536.6 440.66 98.4685 0 0 118.15 111.779 0 0.00152022 0.000912131 0 164.916 -1.38265 0 51.9567 
24900 39524.2 440.972 89.2323 0 0 118.294 111.951 0 0.000606244 0 0 166.128 -1.32265 0 52.2483 
25000 39267 442.069 88.3373 0 0 118.356 111.973 0 0.00120627 0.000603136 0 167.362 -1.33929 0 56.352 
25100 39987.3 442.033 89.8402 0 0 118.456 112.044 0 0.0012012 0.000600601 0 167.933 -1.47861 0 59.1261 
25200 40506.4 441.819 91.3015 0 0 118.428 111.99 0 0.000598982 0 0 168.453 -1.55602 0 55.8956 
25300 43407.3 442.386 97.5865 0 0 118.495 111.995 0 0.00239091 0.00119546 0 169.279 -1.48217 0 54.1247 
25400 41418.8 441.677 93.1445 0 0 118.475 111.985 0 0.00148721 0 0 170.655 -1.5327 0 56.379 
25500 41513 441.052 93.5425 0 0 118.522 112.054 0 0.000592417 0 0 171.444 -1.61737 0 56.0403 
25600 42458 440.857 95.7704 0 0 118.43 111.914 0 0.00235919 0.000589797 0 172.096 -1.66078 0 57.7901 
25700 45031.5 441.552 97.8996 0 0 118.427 111.95 0 0.000589623 0 0 172.775 -1.57341 0 60.7288 
25800 55353.3 444.576 102.563 0 0 118.44 111.908 0 0.00235363 0.000882613 0 173.558 -1.63907 0 60.2943 
25900 77269.3 450.687 116.199 0 0 118.416 111.865 0 0.000292569 0.000292569 0 174.496 -1.76709 0 60.2355 
26000 95106.6 456.272 124.835 0 0 118.379 111.842 0 0.00146242 0.000584966 0 174.922 -1.85623 0 64.2146 
26100 79118.9 461.215 114.485 0 0 118.279 111.755 0 0.00117028 0.000585138 0 175.458 -1.84447 0 68.7485 
26200 88298.4 466.435 119.381 0 0 118.268 111.855 0 0.000291715 0 0 176.131 -1.85791 0 71.3322 
26300 109854 470.433 133.373 0 0 118.166 111.745 0 0.00058292 0.00029146 0 176.615 -1.9095 0 73.4692 
26400 165336 476.523 165.108 0 0 118.133 111.675 0 0.000291375 0 0 176.876 -1.96062 0 75.0068 
26500 185924 482.026 177.763 0 0 118.051 111.563 0 0.00232964 0.000291206 0 177.271 -2.02258 0 82.0136 
26600 128749 484.191 144.711 0 0 118.084 111.631 0 0.000873871 0.00029129 0 177.595 -2.12555 0 90.1891 
26700 137422 491.61 151.473 0 0 118.026 111.572 0 0.00145391 0.000872347 0 178.048 -2.15531 0 98.8163 
26800 157573 498.324 163.809 0 0 117.974 111.548 0 0.000581395 0.000290698 0 178.316 -2.23956 0 105.442 
26900 245341 504.795 217.31 0 0 117.873 111.448 0 0.00115741 0.000289352 0 178.816 -2.27477 0 109.384 
27000 278594 508.587 237.753 0 0 117.899 111.469 0 0.000289352 0 0 179.017 -2.3123 0 111.154 
27100 231480 513.196 210.371 0 0 117.957 111.59 0 0.000578704 0.000289352 0 179.313 -2.3593 0 114.832 
27200 186284 517.708 182.766 0 0 117.911 111.573 0 0.000289771 0.000289771 0 179.485 -2.39469 0 114.434 
27300 213800 523.339 198.476 0 0 117.978 111.702 0 0.000289771 0.000289771 0 179.851 -2.43114 0 115.911 
27400 243376 526.884 216.769 0 0 117.908 111.649 0 0.00115707 0.000289268 0 180.139 -2.48181 0 114.374 
27500 333006 530.802 270.628 0 0 117.868 111.64 0 0 0 0 180.384 -2.53531 0 127.146 
27600 296338 538.418 246.581 0 0 117.808 111.566 0 0.000578536 0.000289268 0 180.789 -2.66192 0 145.761 
27700 244521 542.586 214.858 0 0 117.771 111.533 0 0.000578536 0.000578536 0 181.088 -2.66478 0 155.467 
27800 243240 544.596 214.242 0 0 117.799 111.597 0 0.00115808 0.000579039 0 181.442 -2.69477 0 162.945 
27900 277040 547.695 234.539 0 0 117.793 111.63 0 0.00028885 0 0 181.779 -2.72269 0 175.032 
28000 400981 554.459 309.55 0 0 117.77 111.581 0 0.000288517 0 0 182.117 -2.76952 0 178.264 
28100 359743 557.685 284.832 0 0 117.696 111.458 0 0.00115241 0.000576203 0 182.415 -2.80252 0 179.496 
28200 320714 559.343 260.555 0 0 117.652 111.365 0 0.00144009 0.000288018 0 182.763 -2.90988 0 182.083 
28300 278314 561.778 233.614 0 0 117.628 111.336 0 0.0002886 0.0002886 0 183.034 -2.87247 0 189.131 
28400 296262 564.018 244.697 0 0 117.577 111.281 0 0.000866051 0.000866051 0 183.285 -2.9084 0 184.016 
28500 451970 572.706 338.872 0 0 117.477 111.168 0 0 0 0 183.978 -2.99232 0 192.439 
28600 444082 573.36 333.424 0 0 117.423 111.094 0 0.00144092 0.00115274 0 184.064 -3.06065 0 188.498 
28700 335777 574.306 268.287 0 0 117.364 111.07 0 0.000865551 0 0 184.231 -3.0458 0 200.306 
28800 311011 577.857 253.977 0 0 117.341 111.05 0 0.000575705 0 0 184.62 -3.1243 0 192.284 
28900 337407 579.467 268.954 0 0 117.308 110.995 0 0 0 0 184.725 -3.14525 0 190.892 
29000 470735 586.616 347.956 0 0 117.315 111.055 0 0.00115009 0.000287522 0 185.049 -3.17856 0 183.687 
29100 496277 585.747 365.692 0 0 117.266 110.984 0 0.000575871 0 0 185.229 -3.22021 0 184.191 
29200 370765 589.769 289.133 0 0 117.293 111.043 0 0.000288268 0 0 185.365 -3.26408 0 184.011 
29300 348347 591.751 275.87 0 0 117.319 111.097 0 0.000576203 0.000288101 0 185.632 -3.32496 0 185.475 
29400 377960 595.843 292.884 0 0 117.224 110.962 0 0.000287936 0 0 185.863 -3.40148 0 189.347 
29500 455743 598.965 340.068 0 0 117.201 110.911 0 0 0 0 186.033 -3.46835 0 183.779 
29600 517709 601 377.686 0 0 117.16 110.897 0 0.000863061 0.000287687 0 186.264 -3.49835 0 188.555 
29700 434887 601.384 327.517 0 0 117.049 110.713 0 0.000287853 0 0 186.511 -3.50963 0 191.756 
29800 396195 606.407 304.706 0 0 116.989 110.662 0 0.000287439 0 0 186.949 -3.57477 0 200.742 
29900 398838 607.686 305.826 0 0 117.018 110.709 0 0.000287687 0.000287687 0 187.013 -3.62545 0 201.79 
30000 456645 610.441 342.523 0 0 116.981 110.649 0 0.000287356 0 0 187.301 -3.72813 0 203.509 
30100 568332 617.196 407.801 0 0 116.949 110.637 0 0 0 0 187.805 -3.7726 0 210.807 
30200 505088 622.797 369.283 0 0 116.972 110.701 0 0.000574548 0.000287274 0 188.157 -3.82383 0 225.269 
30300 425136 623.322 321.797 0 0 116.949 110.664 0 0.000287439 0 0 188.293 -3.81541 0 224.588 
30400 420416 621.829 319.941 0 0 116.9 110.593 0 0 0 0 188.339 -3.82019 0 229.366 
30500 464307 625.171 348.093 0 0 116.854 110.535 0 0.000287191 0.000287191 0 188.647 -3.87751 0 220.442 
30600 597884 631.897 427.405 0 0 116.855 110.586 0 0 0 0 189.325 -3.87063 0 233.487 
30700 577548 633.254 414.868 0 0 116.792 110.523 0 0.000858861 0 0 189.743 -3.92723 0 221.648 
30800 486546 636.431 359.796 0 0 116.659 110.351 0 0.000286041 0 0 190.005 -3.94344 0 238.664 
30900 495498 642.396 364.543 0 0 116.652 110.366 0 0.000858861 0.000572574 0 190.278 -3.96137 0 249.561 
31000 508361 641.188 374.768 0 0 116.582 110.279 0 0.000572738 0.000286369 0 190.445 -3.95839 0 254.501 
31100 586470 645.23 422.84 0 0 116.58 110.263 0 0.00114318 0.000285796 0 190.763 -3.99238 0 236.661 
31200 645962 652.343 455.774 0 0 116.601 110.36 0 0.00057241 0 0 191.139 -4.05235 0 263.684 
31300 592948 649.795 424.334 0 0 116.608 110.342 0 0.000574548 0 0 191.124 -4.01392 0 242.938 
31400 595214 656.777 426.475 0 0 116.535 110.288 0 0.00114646 0.00057323 0 191.731 -4.05856 0 256.848 
31500 614022 660.556 437.188 0 0 116.546 110.319 0 0.000286369 0.000286369 0 191.945 -4.18046 0 286.147 
31600 629226 660.24 447.942 0 0 116.506 110.244 0 0.00057323 0.000286615 0 192.056 -4.18086 0 272.087 
31700 689223 670.262 481.684 0 0 116.423 110.202 0 0.000286123 0.000286123 0 192.629 -4.30183 0 267.253 
31800 652082 671.602 459.824 0 0 116.409 110.156 0 0.000573394 0.000573394 0 192.798 -4.31408 0 310.943 
31900 662529 672.464 466.111 0 0 116.464 110.194 0 0.00057554 0.00028777 0 192.999 -4.31932 0 301.321 
32000 706526 677.726 492.066 0 0 116.431 110.193 0 0.000287356 0 0 193.322 -4.299 0 298.043 
32100 722099 680.848 502.89 0 0 116.335 110.088 0 0 0 0 193.722 -4.37283 0 316.263 
32200 729950 689.162 506.491 0 0 116.346 110.101 0 0.000858124 0 0 194.345 -4.49528 0 330.911 
32300 693005 691.828 485.423 0 0 116.303 110.042 0 0.00057323 0.000286615 0 194.622 -4.47796 0 323.084 
32400 674226 690.484 474.741 0 0 116.326 109.989 0 0 0 0 194.789 -4.49562 0 326.784 
32500 718101 695.398 505.072 0 0 116.274 109.934 0 0.000572738 0.000286369 0 195.242 -4.53481 0 327.82 
32600 794699 699.961 549.623 0 0 116.221 109.898 0 0.000857633 0.000285878 0 195.534 -4.58856 0 354.872 
32700 813641 701.912 560.375 0 0 116.231 109.933 0 0.000571755 0.000285878 0 195.8 -4.59792 0 334.647 
32800 790191 702.829 543.709 0 0 116.224 109.906 0 0.000286123 0 0 195.947 -4.59447 0 326.551 
32900 777259 708.404 537.099 0 0 116.149 109.865 0 0.00114155 0.000285388 0 196.496 -4.6762 0 363.135 
33000 786775 708.747 543.022 0 0 116.173 109.861 0 0.000285959 0 0 196.617 -4.69498 0 368.403 
33100 819847 707.368 565.439 0 0 116.071 109.747 0 0.000285959 0 0 196.963 -4.68342 0 345.428 
33200 826930 710.768 568.153 0 0 116.167 109.862 0 0.000857143 0.000285714 0 197.211 -4.74548 0 328.708 
33300 790905 718.057 545.58 0 0 116.15 109.827 0 0 0 0 197.875 -4.8049 0 391.313 
33400 793614 721.104 542.656 0 0 116.24 109.955 0 0 0 0 197.991 -4.84154 0 360.064 
33500 808280 718.937 549.273 0 0 116.263 109.956 0 0.000573394 0.000286697 0 197.993 -4.80792 0 341.043 
33600 843329 725.352 571.529 0 0 116.204 109.896 0 0.000571265 0.000571265 0 198.595 -4.90401 0 335.471 
33700 895855 732.857 601.108 0 0 116.304 110.04 0 0 0 0 199.052 -4.91368 0 393.6 
33800 879607 731.558 592.46 0 0 116.3 110.03 0 0 0 0 199.073 -4.94146 0 340.173 
33900 918067 734.773 611.341 0 0 116.417 110.143 0 0.000571592 0.000285796 0 199.434 -5.02662 0 355.733 
34000 936724 735.084 626.574 0 0 116.277 109.95 0 0.000570776 0 0 199.891 -5.01179 0 399.57 
34100 1.00065e+06 741.254 661.567 0 0 116.292 109.985 0 0.000854944 0 0 200.45 -5.10475 0 437.128 
34200 1.001e+06 742.259 661.214 0 0 116.315 109.983 0 0.000285144 0 0 200.55 -5.07882 0 396.707 
34300 989558 745.858 655.349 0 0 116.312 109.978 0 0.000569476 0 0 200.895 -5.11123 0 391.64 
34400 965263 755.569 641.035 0 0 116.265 110.012 0 0 0 0 201.694 -5.22399 0 446.168 
34500 982714 752.599 644.672 0 0 116.473 110.245 0 0.000571429 0 0 201.509 -5.15386 0 430.584 
34600 991856 755.888 652.525 0 0 116.38 110.105 0 0 0 0 201.995 -5.21613 0 407.447 
34700 1.00498e+06 758.317 661.819 0 0 116.475 110.144 0 0.0002849 0.0002849 0 202.543 -5.24586 0 408.909 
34800 990613 761.775 651.031 0 0 116.425 110.125 0 0.000285144 0.000285144 0 202.986 -5.367 0 429.887 
34900 1.0205e+06 766.504 666.065 0 0 116.457 110.154 0 0.0002849 0.0002849 0 203.254 -5.42207 0 417.916 
35000 1.03243e+06 765.826 674.993 0 0 116.516 110.17 0 0.000569963 0 0 203.367 -5.4061 0 406.134 
35100 1.07813e+06 766.599 697.989 0 0 116.596 110.239 0 0.00085592 0.000570613 0 203.573 -5.39643 0 414.989 
35200 1.09607e+06 767.131 706.959 0 0 116.59 110.21 0 0.000570776 0.000285388 0 203.729 -5.39818 0 407.544 
35300 1.08823e+06 772.278 702.964 0 0 116.601 110.259 0 0.000570451 0.000285225 0 204.357 -5.41149 0 414.478 
35400 1.09596e+06 781.034 708.013 0 0 116.629 110.339 0 0 0 0 205.061 -5.45152 0 426.08 
35500 1.12261e+06 779.875 718.247 0 0 116.711 110.415 0 0.000285633 0.000285633 0 204.956 -5.48537 0 453.62 
35600 1.14548e+06 782.32 730.209 0 0 116.797 110.48 0 0.000285878 0 0 205.164 -5.52643 0 454.274 
35700 1.15307e+06 784.47 735.249 0 0 116.98 110.615 0 0.000286287 0.000286287 0 205.311 -5.55487 0 470.476 
35800 1.15583e+06 788.344 736.448 0 0 116.952 110.64 0 0.000285959 0.000285959 0 205.873 -5.58573 0 451.149 
35900 1.17036e+06 793.75 742.951 0 0 116.915 110.673 0 0 0 0 206.388 -5.59959 0 449.78 
36000 1.21208e+06 796.234 764.77 0 0 116.945 110.664 0 0.000284333 0.000284333 0 206.808 -5.65995 0 474.385 
36100 1.22145e+06 796.025 768.261 0 0 116.999 110.706 0 0 0 0 206.912 -5.70978 0 473.233 
36200 1.23551e+06 801.739 774.966 0 0 117.256 110.996 0 0.00085592 0.000285307 0 207.297 -5.73511 0 490.905 
36300 1.22794e+06 801.729 769.907 0 0 117.177 110.923 0 0.000285388 0.000285388 0 207.587 -5.73759 0 493.597 
36400 1.24503e+06 811.096 779.195 0 0 117.116 110.894 0 0.00056899 0.00056899 0 208.217 -5.79269 0 514.011 
36500 1.25847e+06 808.313 783.272 0 0 117.253 110.952 0 0 0 0 208.127 -5.8054 0 497.821 
36600 1.26914e+06 808.405 787.043 0 0 117.307 110.976 0 0.000573066 0 0 208.307 -5.81793 0 494.853 
36700 1.27182e+06 810.8 791.403 0 0 117.262 110.877 0 0.00028547 0 0 208.683 -5.85825 0 491.834 
36800 1.27382e+06 814.448 794.263 0 0 117.264 110.831 0 0.000854457 0.000569638 0 208.994 -5.8981 0 510.329 
36900 1.29742e+06 819.519 809.155 0 0 117.2 110.784 0 0.000284252 0.000284252 0 209.635 -5.9383 0 480.814 
37000 1.32711e+06 821.431 818.692 0 0 117.323 110.888 0 0.000284657 0 0 209.754 -5.97568 0 499.979 
37100 1.32201e+06 821.093 814.892 0 0 117.415 110.967 0 0.000570776 0.000570776 0 209.828 -6.03024 0 509.884 
37200 1.30973e+06 822.251 810.557 0 0 117.473 111.019 0 0.000285714 0.000285714 0 210.097 -6.02268 0 505.299 
37300 1.29931e+06 824.239 807.84 0 0 117.43 110.961 0 0.000570776 0 0 210.535 -6.04575 0 498.798 
37400 1.3413e+06 829.149 824.951 0 0 117.515 111.056 0 0.000284819 0 0 210.917 -6.14319 0 499.037 
37500 1.4008e+06 837.744 851.381 0 0 117.645 111.203 0 0.000284495 0.000284495 0 211.445 -6.19779 0 528.796 
37600 1.4254e+06 840.444 856.178 0 0 117.956 111.498 0 0.000285307 0.000285307 0 211.408 -6.18687 0 542.615 
37700 1.41865e+06 839.161 855.828 0 0 117.999 111.533 0 0.000285796 0 0 211.65 -6.23251 0 532.324 
37800 1.421e+06 842.779 854.535 0 0 118.154 111.709 0 0.000285633 0 0 211.872 -6.26798 0 536.314 
37900 1.44812e+06 847.772 868.799 0 0 118.248 111.795 0 0 0 0 212.486 -6.35525 0 534.229 
38000 1.47296e+06 849.489 881.703 0 0 118.261 111.821 0 0.000570451 0.000570451 0 212.641 -6.37027 0 480.628 
38100 1.55001e+06 859.882 912.03 0 0 118.423 112.027 0 0.000569963 0.000284981 0 213.245 -6.46222 0 572.939 
38200 1.55618e+06 861.612 911.039 0 0 118.463 112.069 0 0 0 0 213.392 -6.50303 0 597.256 
38300 1.53097e+06 859.187 901.477 0 0 118.424 112.021 0 0.00114384 0.000571919 0 213.621 -6.52029 0 604.541 
38400 1.55626e+06 866.501 907.763 0 0 118.728 112.314 0 0.000570613 0.000285307 0 214.173 -6.58562 0 607.525 
38500 1.56484e+06 866.958 912.272 0 0 118.749 112.307 0 0.00028547 0.00028547 0 214.232 -6.61797 0 608.703 
38600 1.55911e+06 865.594 911.516 0 0 118.696 112.185 0 0.000285796 0 0 214.387 -6.63216 0 510.027 
38700 1.597e+06 870.704 926.847 0 0 118.779 112.249 0 0.000285144 0 0 214.762 -6.63439 0 550.816 
38800 1.59176e+06 873.381 925.888 0 0 118.699 112.186 0 0.000569801 0.0002849 0 215.172 -6.63468 0 585.595 
38900 1.59224e+06 877.454 929.839 0 0 118.703 112.188 0 0.000284657 0 0 215.538 -6.69057 0 596.126 
39000 1.63521e+06 884.308 947.331 0 0 118.976 112.47 0 0.000568666 0.000568666 0 215.894 -6.7945 0 656.702 
39100 1.64957e+06 883.923 949.84 0 0 119.163 112.61 0 0.000285063 0.000285063 0 215.774 -6.78146 0 666.192 
39200 1.64308e+06 880.639 948.247 0 0 119.156 112.616 0 0.000285959 0.000285959 0 215.898 -6.78042 0 616.283 
39300 1.6534e+06 882.018 944.298 0 0 119.233 112.679 0 0.000571592 0 0 216.17 -6.7733 0 583.426 
39400 1.72956e+06 891.911 965.601 0 0 119.485 112.942 0 0.000570125 0 0 216.698 -6.8398 0 572.515 
39500 1.81502e+06 899.016 986.674 0 0 119.698 113.209 0 0.000570125 0 0 216.977 -6.89648 0 572.562 
39600 1.83948e+06 901.243 996.186 0 0 119.536 113.079 0 0.000284576 0 0 217.263 -6.98532 0 633.016 
39700 1.85047e+06 902.767 1002.21 0 0 119.649 113.181 0 0.000569638 0.000284819 0 217.401 -7.01072 0 652.02 
39800 1.86308e+06 908.01 1007.62 0 0 119.878 113.347 0 0.00142207 0.000284414 0 217.803 -7.0452 0 682.364 
39900 1.83954e+06 904.44 998.74 0 0 119.907 113.262 0 0.000285225 0 0 217.831 -6.97295 0 687.358 
40000 1.80937e+06 902.494 1005.98 0 0 119.714 112.992 0 0.000284657 0 0 218.293 -6.97393 0 648.892 
40100 1.82878e+06 904.413 1012.59 0 0 119.752 113.016 0 0.000569476 0 0 218.644 -7.02339 0 629.508 
40200 1.80298e+06 904.024 1007.01 0 0 119.666 112.939 0 0 0 0 218.714 -7.06483 0 624.014 
40300 1.76504e+06 903.856 995.295 0 0 119.501 112.774 0 0.000284738 0 0 218.893 -7.06347 0 624.845 
40400 1.78406e+06 906.912 1007.54 0 0 119.665 112.952 0 0.000568828 0.000284414 0 219.134 -7.11205 0 630.842 
40500 1.85418e+06 913.773 1018.94 0 0 120.074 113.448 0 0 0 0 219.425 -7.15809 0 642.529 
40600 1.83475e+06 911.122 1018.93 0 0 119.989 113.439 0 0.000286123 0 0 219.437 -7.15418 0 610.864 
40700 1.84039e+06 912.549 1021.84 0 0 120.048 113.522 0 0.000286041 0.000286041 0 219.552 -7.16061 0 630.671 
40800 1.85678e+06 920.653 1029.17 0 0 120.147 113.618 0 0 0 0 220.327 -7.22098 0 647.134 
40900 1.88006e+06 925.382 1032.21 0 0 120.368 113.764 0 0.000569638 0 0 220.636 -7.30462 0 634.29 
41000 1.91891e+06 926.8 1046.52 0 0 120.357 113.767 0 0.000569638 0 0 220.842 -7.31711 0 631.418 
41100 1.94643e+06 929.341 1055.33 0 0 120.49 113.873 0 0.000285225 0 0 220.977 -7.27741 0 654.964 
41200 2.00439e+06 932.209 1066.12 0 0 120.468 113.84 0 0 0 0 221.236 -7.31729 0 676.462 
41300 2.03882e+06 936.521 1074.29 0 0 120.652 113.915 0 0.000569314 0.000284657 0 221.613 -7.34005 0 649.061 
41400 1.90655e+06 932.626 1070.3 0 0 120.317 113.588 0 0.00113895 0.000569476 0 221.783 -7.44088 0 666.043 
41500 1.92395e+06 933.602 1081.85 0 0 120.356 113.56 0 0.000284819 0.000284819 0 222.078 -7.46379 0 684.406 
41600 1.93384e+06 937.356 1089.56 0 0 120.372 113.575 0 0.000284091 0.000284091 0 222.621 -7.55087 0 707.786 
41700 1.95694e+06 942.816 1097.32 0 0 120.442 113.683 0 0.000567859 0.00028393 0 223.051 -7.52652 0 721.027 
41800 1.94406e+06 943.214 1087.55 0 0 120.503 113.679 0 0.000851789 0 0 223.156 -7.50457 0 737.114 
41900 1.94802e+06 944.065 1086.09 0 0 120.466 113.714 0 0.000852757 0 0 223.142 -7.4827 0 728.745 
42000 1.9643e+06 945.917 1096.78 0 0 120.386 113.616 0 0 0 0 223.348 -7.47716 0 723.177 
42100 1.98248e+06 947.689 1105.42 0 0 120.523 113.681 0 0.000284738 0.000284738 0 223.591 -7.55751 0 735.338 
42200 1.97482e+06 948.369 1100.32 0 0 120.61 113.779 0 0 0 0 223.74 -7.58735 0 700.387 
42300 1.9688e+06 948.659 1095.5 0 0 120.624 113.802 0 0.000285225 0.000285225 0 223.944 -7.63775 0 679.053 
42400 1.97387e+06 951.755 1095.24 0 0 120.775 113.976 0 0.000284738 0 0 224.237 -7.66528 0 694.394 
42500 1.98015e+06 953.454 1099.93 0 0 120.857 114.046 0 0 0 0 224.445 -7.68363 0 687.566 
42600 2.01701e+06 957.342 1118.23 0 0 120.996 114.269 0 0 0 0 224.877 -7.73682 0 680.656 
42700 2.0344e+06 962.376 1125.19 0 0 121.038 114.323 0 0.000283688 0 0 225.175 -7.76135 0 697.911 
42800 1.99794e+06 962.948 1107.97 0 0 120.927 114.084 0 0.000283607 0 0 225.37 -7.85274 0 772.016 
42900 1.99871e+06 964.294 1108.94 0 0 120.988 114.167 0 0 0 0 225.517 -7.83478 0 770.603 
43000 2.01119e+06 961.715 1114.1 0 0 121.119 114.236 0 0.000285063 0 0 225.584 -7.83472 0 767.216 
43100 2.02315e+06 959.806 1120.55 0 0 121.095 114.195 0 0.000286041 0 0 225.57 -7.80882 0 733.497 
43200 2.05731e+06 964.345 1133.78 0 0 121.246 114.374 0 0 0 0 225.935 -7.85085 0 717.258 
43300 2.09081e+06 968.507 1148.47 0 0 121.333 114.415 0 0.0011383 0.000284576 0 226.318 -7.86758 0 664.781 
43400 2.08903e+06 969.855 1150.74 0 0 121.389 114.482 0 0.000569152 0 0 226.689 -7.88762 0 670.662 
43500 2.08868e+06 971.404 1152.36 0 0 121.325 114.434 0 0.000284819 0.000284819 0 226.788 -7.90519 0 674.777 
43600 2.11363e+06 976.555 1160.58 0 0 121.547 114.65 0 0 0 0 227.098 -7.94298 0 707.78 
43700 2.11916e+06 978.168 1162.23 0 0 121.588 114.66 0 0.000853971 0.000853971 0 227.297 -7.95489 0 737.477 
43800 2.1057e+06 981.456 1159.78 0 0 121.42 114.541 0 0.00142005 0 0 227.835 -7.97685 0 783.58 
43900 2.09397e+06 982.087 1156.99 0 0 121.459 114.537 0 0 0 0 228.198 -7.98067 0 780.518 
44000 2.1278e+06 985.411 1174.78 0 0 121.581 114.617 0 0.000567215 0 0 228.627 -8.05104 0 800.397 
44100 2.1787e+06 991.315 1194.57 0 0 121.822 114.844 0 0.000851789 0.00028393 0 228.978 -8.10881 0 795.142 
44200 2.17802e+06 992.484 1194.92 0 0 121.703 114.75 0 0.000283849 0 0 229.126 -8.16376 0 765.894 
44300 2.15599e+06 990.389 1184.84 0 0 121.58 114.687 0 0.000569152 0 0 228.997 -8.16366 0 686.232 
44400 2.17236e+06 994.392 1191.09 0 0 121.756 114.844 0 0 0 0 229.561 -8.16583 0 694.152 
44500 2.18191e+06 995.924 1194.73 0 0 121.86 114.878 0 0.000283768 0.000283768 0 229.802 -8.2611 0 686.759 
44600 2.18845e+06 997.827 1200.9 0 0 121.921 114.941 0 0.000849377 0 0 230.195 -8.27612 0 736.318 
44700 2.17302e+06 999.093 1196.73 0 0 121.722 114.818 0 0.000283286 0.000283286 0 230.512 -8.32309 0 777.182 
44800 2.1858e+06 1003.19 1199.02 0 0 121.871 114.975 0 0.000567215 0 0 230.721 -8.28499 0 850.152 
44900 2.21945e+06 1008.39 1212.33 0 0 122.086 115.22 0 0 0 0 231.059 -8.34608 0 853.971 
45000 2.2258e+06 1010.17 1213.93 0 0 122.033 115.089 0 0.000283607 0 0 231.469 -8.4033 0 839.073 
45100 2.21732e+06 1007.89 1209.75 0 0 121.995 114.934 0 0.000284414 0 0 231.558 -8.43523 0 790.761 
45200 2.21116e+06 1009.3 1208.37 0 0 122.038 114.958 0 0.000284414 0 0 231.755 -8.45574 0 740.908 
45300 2.22374e+06 1009.33 1213.22 0 0 122.244 115.137 0 0 0 0 231.89 -8.46412 0 714.014 
45400 2.25642e+06 1012.45 1226.84 0 0 122.365 115.305 0 0.00113604 0.00056802 0 232.179 -8.40076 0 739.021 
45500 2.27239e+06 1014.33 1235.55 0 0 122.481 115.424 0 0.000567698 0 0 232.278 -8.35717 0 770.423 
45600 2.27308e+06 1016.57 1239.13 0 0 122.306 115.271 0 0 0 0 232.428 -8.36747 0 750.518 
45700 2.28632e+06 1019.51 1244.44 0 0 122.274 115.281 0 0.000851789 0.00028393 0 232.703 -8.41888 0 824.038 
45800 2.28727e+06 1021.26 1245.17 0 0 122.331 115.301 0 0 0 0 233.008 -8.45512 0 844.477 
45900 2.28856e+06 1024.16 1248.13 0 0 122.313 115.301 0 0 0 0 233.408 -8.50662 0 816.193 
46000 2.31263e+06 1027.92 1257.3 0 0 122.398 115.384 0 0 0 0 233.765 -8.54851 0 818.708 
46100 2.33416e+06 1029.11 1267.74 0 0 122.545 115.532 0 0.000283366 0 0 233.837 -8.55926 0 813.875 
46200 2.35964e+06 1033.12 1276.66 0 0 122.731 115.726 0 0 0 0 234.055 -8.57911 0 798.917 
46300 2.36171e+06 1034.12 1277.21 0 0 122.774 115.717 0 0.000282725 0 0 234.28 -8.5828 0 785.336 
46400 2.34992e+06 1031.99 1273.84 0 0 122.749 115.667 0 0.00113314 0.000849858 0 234.332 -8.60592 0 786.028 
46500 2.38228e+06 1036.02 1287.03 0 0 123.015 115.907 0 0.000283126 0.000283126 0 234.626 -8.61644 0 807.431 
46600 2.39197e+06 1038.94 1292.53 0 0 122.957 115.854 0 0.000283046 0 0 234.94 -8.68999 0 839.125 
46700 2.3916e+06 1040.51 1290.83 0 0 122.906 115.882 0 0 0 0 235.05 -8.71437 0 824.945 
46800 2.38198e+06 1042.14 1287.77 0 0 122.825 115.796 0 0.000283206 0.000283206 0 235.304 -8.73586 0 830.913 
46900 2.38377e+06 1042.34 1290.07 0 0 122.816 115.815 0 0.000566412 0 0 235.425 -8.7673 0 840.717 
47000 2.40482e+06 1046.08 1298.5 0 0 122.94 115.923 0 0.000848656 0 0 235.724 -8.79414 0 794.34 
47100 2.42984e+06 1048.76 1311.98 0 0 122.917 115.889 0 0.000282885 0.000282885 0 236.023 -8.81472 0 805.011 
47200 2.43499e+06 1052.55 1314.9 0 0 122.89 115.921 0 0.000565931 0.000282965 0 236.292 -8.81478 0 853.417 
47300 2.43022e+06 1054.9 1311.47 0 0 122.877 115.918 0 0 0 0 236.588 -8.89323 0 853.614 
47400 2.43535e+06 1055.07 1312.53 0 0 122.934 115.976 0 0.000282965 0 0 236.733 -8.85425 0 835.698 
47500 2.45896e+06 1054.77 1325.06 0 0 123.003 115.971 0 0 0 0 236.814 -8.86933 0 874.125 
47600 2.47382e+06 1054.38 1332.83 0 0 123.106 116.055 0 0.000283206 0.000283206 0 236.963 -8.87129 0 906.698 
47700 2.48083e+06 1056.29 1337.13 0 0 123.049 116.002 0 0.000565131 0.000282566 0 237.212 -8.86245 0 885.457 
47800 2.46989e+06 1057.19 1330.79 0 0 123.057 116.003 0 0.000282805 0 0 237.35 -8.87641 0 832.237 
47900 2.45261e+06 1053.8 1323.96 0 0 122.908 115.776 0 0.000566893 0.000566893 0 237.361 -8.8274 0 849.959 
48000 2.4813e+06 1056.56 1337.79 0 0 123.018 115.897 0 0.000565771 0.000282885 0 237.592 -8.82672 0 815.761 
48100 2.51502e+06 1061.4 1352.14 0 0 123.154 115.957 0 0 0 0 238.073 -8.93297 0 800.981 
48200 2.5388e+06 1066.47 1363.33 0 0 123.297 116.109 0 0 0 0 238.286 -8.94979 0 801.166 
48300 2.55836e+06 1071.65 1371.57 0 0 123.392 116.146 0 0.000281373 0.000281373 0 238.781 -9.02263 0 874.07 
48400 2.55251e+06 1072.38 1367.49 0 0 123.454 116.266 0 0.000843882 0.000281294 0 238.848 -9.06819 0 917.894 
48500 2.55705e+06 1072.96 1371.92 0 0 123.478 116.333 0 0.000281215 0 0 238.973 -9.09895 0 946.43 
48600 2.58516e+06 1076.04 1381.25 0 0 123.673 116.496 0 0.000281294 0.000281294 0 239.145 -9.12998 0 954.42 
48700 2.60953e+06 1081.86 1388.66 0 0 123.881 116.709 0 0.000281215 0.000281215 0 239.519 -9.1896 0 932.661 
48800 2.57949e+06 1080.19 1375.79 0 0 123.774 116.631 0 0 0 0 239.556 -9.15194 0 921.414 
48900 2.56771e+06 1079.69 1372.71 0 0 123.729 116.53 0 0 0 0 239.732 -9.17561 0 874.741 
49000 2.6209e+06 1084.65 1396.04 0 0 124.003 116.772 0 0 0 0 240.089 -9.22327 0 918.91 
49100 2.64915e+06 1086.3 1407.01 0 0 124.15 116.945 0 0.000561956 0.000280978 0 240.367 -9.26961 0 903.667 
49200 2.65422e+06 1088.07 1408.2 0 0 124.215 116.958 0 0.000844119 0.000281373 0 240.501 -9.29053 0 908.568 
49300 2.63025e+06 1087.38 1399.16 0 0 124.076 116.836 0 0 0 0 240.737 -9.28785 0 864.606 
49400 2.6324e+06 1088.36 1399.8 0 0 124.092 116.898 0 0 0 0 240.859 -9.28341 0 862.865 
49500 2.6529e+06 1089.97 1409.75 0 0 124.082 116.889 0 0.000282566 0 0 241.132 -9.22266 0 798.504 
49600 2.68724e+06 1094.66 1420.99 0 0 124.311 117.136 0 0.000847218 0 0 241.38 -9.2652 0 835.507 
49700 2.69476e+06 1097.99 1424.62 0 0 124.393 117.262 0 0.000282247 0 0 241.573 -9.32178 0 849.409 
49800 2.68632e+06 1101.32 1422.24 0 0 124.346 117.194 0 0.000282087 0.000282087 0 242.037 -9.38684 0 892.836 
49900 2.70787e+06 1105.71 1432.57 0 0 124.405 117.303 0 0.00056338 0.00028169 0 242.357 -9.36802 0 925.745 
50000 2.73086e+06 1107.41 1442.87 0 0 124.415 117.323 0 0 0 0 242.531 -9.37435 0 986.357 
