# Avida tasks data
# Fri Jan 27 12:14:11 2017
# First column gives the current update, next columns give the number
# of organisms that have the particular task as a component of their merit
#  1: Update
#  2: Not
#  3: Nand
#  4: And
#  5: OrNot
#  6: Or
#  7: AndNot
#  8: Nor
#  9: Xor
# 10: Equals

0 0 0 0 0 0 0 0 0 0 
10 0 0 0 0 0 0 0 0 0 
20 0 0 0 0 0 0 0 0 0 
30 0 0 0 0 0 0 0 0 0 
40 0 0 0 0 0 0 0 0 0 
50 0 0 0 0 0 0 0 0 0 
60 0 0 0 0 0 0 0 0 0 
70 0 0 0 0 0 0 0 0 0 
80 0 0 0 0 0 0 0 0 0 
90 0 0 0 0 0 0 0 0 0 
100 0 0 0 0 0 0 0 0 0 
110 0 0 0 0 0 0 0 0 0 
120 0 0 0 0 0 0 0 0 0 
130 0 0 0 0 0 0 0 0 0 
140 0 0 0 0 0 0 0 0 0 
150 0 0 0 0 0 0 0 0 0 
160 0 0 0 0 0 0 0 0 0 
170 0 0 0 0 0 0 0 0 0 
180 0 0 0 0 0 0 0 0 0 
190 0 0 0 0 0 0 0 0 0 
200 0 0 0 0 0 0 0 0 0 
210 0 0 0 0 0 0 0 0 0 
220 0 0 0 0 0 0 0 0 0 
230 0 0 0 0 0 0 0 0 0 
240 0 0 0 0 0 0 0 0 0 
250 0 0 0 0 0 0 0 0 0 
260 0 0 0 0 0 0 0 0 0 
270 0 0 0 0 0 0 0 0 0 
280 0 0 0 0 0 0 0 0 0 
290 0 0 0 0 0 0 0 0 0 
300 0 0 0 0 0 0 0 0 0 
310 0 0 0 0 0 0 0 0 0 
320 0 0 0 0 0 0 0 0 0 
330 0 0 0 0 0 0 0 0 0 
340 0 0 0 0 0 0 0 0 0 
350 0 0 0 0 0 0 0 0 0 
360 0 0 0 0 0 0 0 0 0 
370 0 0 0 0 0 0 0 0 0 
380 0 0 0 0 0 0 0 0 0 
390 0 0 0 0 0 0 0 0 0 
400 0 0 0 0 0 0 0 0 0 
410 0 0 0 0 0 0 0 0 0 
420 0 0 0 0 0 0 0 0 0 
430 0 0 0 0 0 0 0 0 0 
440 0 0 0 0 0 0 0 0 0 
450 0 0 0 0 0 0 0 0 0 
460 0 0 0 0 0 0 0 0 0 
470 0 0 0 0 0 0 0 0 0 
480 0 0 0 0 0 0 0 0 0 
490 0 0 0 0 0 0 0 0 0 
500 0 0 0 0 0 0 0 0 0 
510 0 0 0 0 0 0 0 0 0 
520 0 0 0 0 0 0 0 0 0 
530 0 0 0 0 0 0 0 0 0 
540 0 0 0 0 0 0 0 0 0 
550 0 0 0 0 0 0 0 0 0 
560 0 0 0 0 0 0 0 0 0 
570 0 0 0 0 0 0 0 0 0 
580 0 0 0 0 0 0 0 0 0 
590 0 0 0 0 0 0 0 0 0 
600 0 0 0 0 0 0 0 0 0 
610 0 0 0 0 0 0 0 0 0 
620 0 0 0 0 0 0 0 0 0 
630 0 0 0 0 0 0 0 0 0 
640 0 0 0 0 0 0 0 0 0 
650 0 0 0 0 0 0 0 0 0 
660 0 0 0 0 0 0 0 0 0 
670 0 0 0 0 0 0 0 0 0 
680 0 0 0 0 0 0 0 0 0 
690 0 0 0 0 0 0 0 0 0 
700 0 0 0 0 0 0 0 0 0 
710 0 0 0 0 0 0 0 0 0 
720 0 0 0 0 0 0 0 0 0 
730 0 0 0 0 0 0 0 0 0 
740 0 0 0 0 0 0 0 0 0 
750 0 0 0 0 0 0 0 0 0 
760 0 0 0 0 0 0 0 0 0 
770 0 0 0 0 0 0 0 0 0 
780 0 0 0 0 0 0 0 0 0 
790 0 0 0 0 0 0 0 0 0 
800 0 0 0 0 0 0 0 0 0 
810 0 0 0 0 0 0 0 0 0 
820 0 0 0 0 0 0 0 0 0 
830 0 0 0 0 0 0 0 0 0 
840 0 0 0 0 0 0 0 0 0 
850 0 0 0 0 0 0 0 0 0 
860 0 0 0 0 0 0 0 0 0 
870 0 0 0 0 0 0 0 0 0 
880 0 0 0 0 0 0 0 0 0 
890 0 0 0 0 0 0 0 0 0 
900 0 0 0 0 0 0 0 0 0 
910 0 0 0 0 0 0 0 0 0 
920 0 0 0 0 0 0 0 0 0 
930 0 0 0 0 0 0 0 0 0 
940 0 0 0 0 0 0 0 0 0 
950 0 0 0 0 0 0 0 0 0 
960 0 0 0 0 0 0 0 0 0 
970 0 0 0 0 0 0 0 0 0 
980 0 0 0 0 0 0 0 0 0 
990 0 0 0 0 0 0 0 0 0 
1000 0 1 0 0 0 0 0 0 0 
1010 0 0 0 0 0 0 0 0 0 
1020 0 0 0 0 0 0 0 0 0 
1030 0 0 0 0 0 0 0 0 0 
1040 0 0 0 0 0 0 0 0 0 
1050 0 0 0 0 0 0 0 0 0 
1060 0 0 0 0 0 0 0 0 0 
1070 0 0 0 0 0 0 0 0 0 
1080 0 0 0 0 0 0 0 0 0 
1090 0 0 0 0 0 0 0 0 0 
1100 0 0 0 0 0 0 0 0 0 
1110 0 0 0 0 0 0 0 0 0 
1120 0 0 0 0 0 0 0 0 0 
1130 0 0 0 0 0 0 0 0 0 
1140 0 0 0 0 0 0 0 0 0 
1150 0 0 0 0 0 0 0 0 0 
1160 0 0 0 0 0 0 0 0 0 
1170 0 0 0 0 0 0 0 0 0 
1180 0 0 0 0 0 0 0 0 0 
1190 0 0 0 0 0 0 0 0 0 
1200 0 0 0 0 0 0 0 0 0 
1210 0 0 0 0 0 0 0 0 0 
1220 0 0 0 0 0 0 0 0 0 
1230 0 0 0 0 0 0 0 0 0 
1240 1 0 0 0 0 0 0 0 0 
1250 0 0 0 0 0 0 0 0 0 
1260 0 0 0 0 0 0 0 0 0 
1270 0 0 0 0 0 0 0 0 0 
1280 0 0 0 0 0 0 0 0 0 
1290 4 0 0 0 0 0 0 0 0 
1300 6 0 0 0 0 0 0 0 0 
1310 6 0 0 0 0 0 0 0 0 
1320 7 0 0 0 0 0 0 0 0 
1330 7 0 0 0 0 0 0 0 0 
1340 8 0 0 0 0 0 0 0 0 
1350 10 0 0 0 0 0 0 0 0 
1360 10 0 0 0 0 0 0 0 0 
1370 12 0 0 0 0 0 0 0 0 
1380 12 0 0 0 0 0 0 0 0 
1390 10 0 0 0 0 0 0 0 0 
1400 9 0 0 0 0 0 0 0 0 
1410 8 0 0 0 0 0 0 0 0 
1420 10 0 0 0 0 0 0 0 0 
1430 14 0 0 0 0 0 0 0 0 
1440 9 0 0 0 0 0 0 0 0 
1450 12 0 0 0 0 0 0 0 0 
1460 12 0 0 0 0 0 0 0 0 
1470 10 0 0 0 0 0 0 0 0 
1480 10 0 0 0 0 0 0 0 0 
1490 14 0 0 0 0 0 0 0 0 
1500 18 0 0 0 0 0 0 0 0 
1510 20 0 0 0 0 0 0 0 0 
1520 19 0 0 0 0 0 0 0 0 
1530 17 0 0 0 0 0 0 0 0 
1540 15 0 0 0 0 0 0 0 0 
1550 11 0 0 0 0 0 0 0 0 
1560 16 0 0 0 0 0 0 0 0 
1570 17 0 0 0 0 0 0 0 0 
1580 16 0 0 0 0 0 0 0 0 
1590 13 0 0 0 0 0 0 0 0 
1600 12 0 0 0 0 0 0 0 0 
1610 7 0 0 0 0 0 0 0 0 
1620 10 0 0 0 0 0 0 0 0 
1630 9 0 0 0 0 0 0 0 0 
1640 14 0 0 0 0 0 0 0 0 
1650 15 0 0 0 0 0 0 0 0 
1660 14 0 0 0 0 0 0 0 0 
1670 19 0 0 0 0 0 0 0 0 
1680 16 0 0 0 0 0 0 0 0 
1690 16 0 0 0 0 0 0 0 0 
1700 13 0 0 0 0 0 0 0 0 
1710 12 0 0 0 0 0 0 0 0 
1720 9 0 0 0 0 0 0 0 0 
1730 8 0 0 0 0 0 0 0 0 
1740 10 0 0 0 0 0 0 0 0 
1750 9 0 0 0 0 0 0 0 0 
1760 8 0 0 0 0 0 0 0 0 
1770 8 0 0 0 0 0 0 0 0 
1780 7 0 0 0 0 0 0 0 0 
1790 6 0 0 0 0 0 0 0 0 
1800 6 0 0 0 0 0 0 0 0 
1810 5 0 0 0 0 0 0 0 0 
1820 3 0 0 0 0 0 0 0 0 
1830 3 0 0 0 0 0 0 0 0 
1840 1 0 0 0 0 0 0 0 0 
1850 2 0 0 0 0 0 0 0 0 
1860 1 0 0 0 0 0 0 0 0 
1870 1 0 0 0 0 0 0 0 0 
1880 2 0 0 0 0 0 0 0 0 
1890 3 0 0 0 0 0 0 0 0 
1900 2 0 0 0 0 0 0 0 0 
1910 2 0 0 0 0 0 0 0 0 
1920 2 0 0 0 0 0 0 0 0 
1930 3 0 0 0 0 0 0 0 0 
1940 2 0 0 0 0 0 0 0 0 
1950 4 0 0 0 0 0 0 0 0 
1960 4 0 0 0 0 0 0 0 0 
1970 2 0 0 0 0 0 0 0 0 
1980 4 0 0 0 0 0 0 0 0 
1990 3 0 0 0 0 0 0 0 0 
2000 4 0 0 0 0 0 0 0 0 
2010 4 0 0 0 0 0 0 0 0 
2020 4 0 0 0 0 0 0 0 0 
2030 4 0 0 0 0 0 0 0 0 
2040 4 0 0 0 0 0 0 0 0 
2050 2 0 0 0 0 0 0 0 0 
2060 1 0 0 0 0 0 0 0 0 
2070 3 0 0 0 0 0 0 0 0 
2080 3 0 0 0 0 0 0 0 0 
2090 3 0 0 0 0 0 0 0 0 
2100 3 0 0 0 0 0 0 0 0 
2110 3 0 0 0 0 0 0 0 0 
2120 0 0 0 0 0 0 0 0 0 
2130 0 0 0 0 0 0 0 0 0 
2140 0 0 0 0 0 0 0 0 0 
2150 0 0 0 0 0 0 0 0 0 
2160 0 0 0 0 0 0 0 0 0 
2170 0 0 0 0 0 0 0 0 0 
2180 0 0 0 0 0 0 0 0 0 
2190 0 0 0 0 0 0 0 0 0 
2200 0 0 0 0 0 0 0 0 0 
2210 0 0 0 0 0 0 0 0 0 
2220 0 0 0 0 0 0 0 0 0 
2230 0 1 0 0 0 0 0 0 0 
2240 0 1 0 0 0 0 0 0 0 
2250 0 0 0 0 0 0 0 0 0 
2260 0 0 0 0 0 0 0 0 0 
2270 0 0 0 0 0 0 0 0 0 
2280 0 0 0 0 0 0 0 0 0 
2290 1 0 0 0 0 0 0 0 0 
2300 2 0 0 0 0 0 0 0 0 
2310 1 0 0 0 0 0 0 0 0 
2320 1 0 0 0 0 0 0 0 0 
2330 1 0 0 0 0 0 0 0 0 
2340 1 0 0 0 0 0 0 0 0 
2350 1 0 0 0 0 0 0 0 0 
2360 1 0 0 0 0 0 0 0 0 
2370 0 0 0 0 0 0 0 0 0 
2380 0 0 0 0 0 0 0 0 0 
2390 0 0 0 0 0 0 0 0 0 
2400 0 0 0 0 0 0 0 0 0 
2410 0 0 0 0 0 0 0 0 0 
2420 0 0 0 0 0 0 0 0 0 
2430 0 0 0 0 0 0 0 0 0 
2440 0 0 0 0 0 0 0 0 0 
2450 0 0 0 0 0 0 0 0 0 
2460 0 0 0 0 0 0 0 0 0 
2470 0 0 0 0 0 0 0 0 0 
2480 0 0 0 0 0 0 0 0 0 
2490 0 0 0 0 0 0 0 0 0 
2500 0 0 0 0 0 0 0 0 0 
2510 0 0 0 0 0 0 0 0 0 
2520 0 0 0 0 0 0 0 0 0 
2530 0 0 0 0 0 0 0 0 0 
2540 0 0 0 0 0 0 0 0 0 
2550 0 0 0 0 0 0 0 0 0 
2560 0 0 0 0 0 0 0 0 0 
2570 0 0 0 0 0 0 0 0 0 
2580 2 0 0 0 0 0 0 0 0 
2590 7 0 0 0 0 0 0 0 0 
2600 6 0 0 0 0 0 0 0 0 
2610 11 0 0 0 0 0 0 0 0 
2620 14 0 0 0 0 0 0 0 0 
2630 21 0 0 0 0 0 0 0 0 
2640 19 0 0 0 0 0 0 0 0 
2650 21 0 0 0 0 0 0 0 0 
2660 28 0 0 0 0 0 0 0 0 
2670 29 0 0 0 0 0 0 0 0 
2680 26 4 0 0 0 0 0 0 0 
2690 23 3 0 0 0 0 0 0 0 
2700 21 2 0 0 0 0 0 0 0 
2710 21 3 0 0 0 0 0 0 0 
2720 26 2 0 0 0 0 0 0 0 
2730 23 0 0 0 0 0 0 0 0 
2740 20 0 0 0 0 0 0 0 0 
2750 26 0 0 0 0 0 0 0 0 
2760 24 0 0 0 0 0 0 0 0 
2770 25 0 0 0 0 0 0 0 0 
2780 27 0 0 0 0 0 0 0 0 
2790 23 0 0 0 0 0 0 0 0 
2800 28 0 0 0 0 0 0 0 0 
2810 34 0 0 0 0 0 0 0 0 
2820 32 0 0 0 0 0 0 0 0 
2830 30 0 0 0 0 0 0 0 0 
2840 27 0 0 0 0 0 0 0 0 
2850 20 0 0 0 0 0 0 0 0 
2860 15 0 0 0 0 0 0 0 0 
2870 17 0 0 0 0 0 0 0 0 
2880 19 0 0 0 0 0 0 0 0 
2890 27 0 0 0 0 0 0 0 0 
2900 30 0 0 0 0 0 0 0 0 
2910 31 1 0 0 0 0 0 0 0 
2920 33 0 0 0 0 0 0 0 0 
2930 31 2 0 0 0 0 0 0 0 
2940 36 2 0 0 0 0 0 0 0 
2950 42 2 0 0 0 0 0 0 0 
2960 47 3 0 0 0 0 0 0 0 
2970 62 8 0 0 0 0 0 0 0 
2980 74 9 0 0 0 0 0 0 0 
2990 92 12 0 0 0 0 0 0 0 
3000 94 16 0 0 0 0 0 0 0 
3010 103 10 0 0 0 0 0 0 0 
3020 107 9 0 0 0 0 0 0 0 
3030 115 12 0 0 0 0 0 0 0 
3040 115 10 0 0 0 0 0 0 0 
3050 122 12 0 0 0 0 0 0 0 
3060 133 15 0 0 0 0 0 0 0 
3070 131 15 0 0 0 0 0 0 0 
3080 128 18 0 0 0 0 0 0 0 
3090 139 21 0 0 0 0 0 0 0 
3100 147 22 0 0 0 0 0 0 0 
3110 151 18 0 0 0 0 0 0 0 
3120 163 15 0 0 0 0 0 0 0 
3130 163 16 0 0 0 0 0 0 0 
3140 164 19 0 0 0 0 0 0 0 
3150 164 23 0 0 0 0 0 0 0 
3160 185 31 0 0 0 0 0 0 0 
3170 198 26 0 0 0 0 0 0 0 
3180 193 28 0 0 0 0 0 0 0 
3190 204 29 0 0 0 0 0 0 0 
3200 213 30 0 0 0 0 0 0 0 
3210 226 33 0 0 0 0 0 0 0 
3220 239 22 0 0 0 0 0 0 0 
3230 247 22 0 0 0 0 0 0 0 
3240 271 27 0 0 0 0 0 0 0 
3250 292 27 0 0 0 0 0 0 0 
3260 300 26 0 0 0 0 0 0 0 
3270 335 28 0 0 0 0 0 0 0 
3280 324 26 0 0 0 0 0 0 0 
3290 345 21 0 0 0 0 0 0 0 
3300 351 33 0 0 0 0 0 0 0 
3310 374 35 0 0 0 0 0 0 0 
3320 383 33 0 0 0 0 0 0 0 
3330 386 32 0 0 0 0 0 0 0 
3340 395 39 0 0 0 0 0 0 0 
3350 438 37 0 0 0 0 0 0 0 
3360 449 30 0 0 0 0 0 0 0 
3370 466 36 0 0 0 0 0 0 0 
3380 471 33 0 0 0 0 0 0 0 
3390 494 32 0 0 0 0 0 0 0 
3400 491 33 0 0 0 0 0 0 0 
3410 506 24 0 0 0 0 0 0 0 
3420 534 20 0 2 0 0 0 0 0 
3430 543 24 0 1 0 0 0 0 0 
3440 561 33 0 0 0 0 0 0 0 
3450 596 23 0 0 0 0 0 0 0 
3460 572 35 0 0 0 0 0 0 0 
3470 592 33 0 0 0 0 0 0 0 
3480 580 36 0 0 0 0 0 0 0 
3490 618 34 0 0 0 0 0 0 0 
3500 627 34 0 0 0 0 0 0 0 
3510 653 36 0 0 0 0 0 0 0 
3520 656 47 0 0 0 0 0 0 0 
3530 654 52 0 0 0 0 0 0 0 
3540 652 59 0 0 0 0 0 0 0 
3550 651 66 0 0 0 0 0 0 0 
3560 645 66 0 0 0 0 0 0 0 
3570 671 70 0 0 0 0 0 0 0 
3580 690 69 0 0 0 0 0 0 0 
3590 710 71 0 0 0 0 0 0 0 
3600 712 76 0 0 0 0 0 0 0 
3610 736 71 0 0 0 0 0 0 0 
3620 759 61 0 0 0 0 0 0 0 
3630 780 59 0 0 0 0 0 0 0 
3640 758 61 0 0 0 0 0 0 0 
3650 778 60 0 0 0 0 0 0 0 
3660 793 69 0 0 0 0 0 0 0 
3670 793 75 0 0 0 0 0 0 0 
3680 786 89 0 0 0 0 0 0 0 
3690 785 89 0 0 0 0 0 0 0 
3700 796 83 0 0 0 0 0 0 0 
3710 832 60 0 0 0 0 0 0 0 
3720 864 60 0 0 0 0 0 0 0 
3730 923 58 0 0 0 0 0 0 0 
3740 920 64 0 0 0 0 0 0 0 
3750 968 65 0 0 0 0 0 0 0 
3760 992 69 0 0 0 0 0 0 0 
3770 1041 77 0 0 0 0 0 0 0 
3780 1011 83 0 0 0 0 0 0 0 
3790 1016 82 0 0 0 0 0 0 0 
3800 1003 98 0 0 0 0 0 0 0 
3810 1011 101 0 0 0 0 0 0 0 
3820 1002 119 0 0 0 0 0 0 0 
3830 990 119 0 2 0 0 0 0 0 
3840 1030 130 0 0 0 0 0 0 0 
3850 1038 128 0 0 0 0 0 0 0 
3860 1037 133 0 0 0 0 0 0 0 
3870 1061 131 0 0 0 0 0 0 0 
3880 1063 122 0 0 0 0 0 0 0 
3890 1076 129 0 4 0 0 0 0 0 
3900 1060 138 0 5 0 0 0 0 0 
3910 1091 146 0 6 0 0 0 0 0 
3920 1108 144 0 8 0 0 0 0 0 
3930 1118 150 0 10 0 0 0 0 0 
3940 1158 154 0 11 0 0 0 0 0 
3950 1182 153 0 8 0 0 0 0 0 
3960 1163 157 0 6 0 0 0 0 0 
3970 1174 158 0 9 0 0 0 0 0 
3980 1163 158 0 9 0 0 0 0 0 
3990 1175 168 0 10 0 0 0 0 0 
4000 1163 167 0 14 0 0 0 0 0 
4010 1199 165 0 13 0 0 0 0 0 
4020 1173 179 0 10 0 1 0 0 0 
4030 1189 181 0 11 0 0 0 0 0 
4040 1196 170 0 14 0 0 0 0 0 
4050 1210 171 0 16 0 0 0 0 0 
4060 1216 158 0 15 0 0 0 0 0 
4070 1216 160 0 17 0 0 0 0 0 
4080 1219 165 0 19 0 0 0 0 0 
4090 1215 165 0 29 0 0 0 0 0 
4100 1252 155 0 22 0 0 0 0 0 
4110 1255 173 0 21 0 0 0 0 0 
4120 1276 203 0 22 0 0 0 0 0 
4130 1292 200 0 14 0 0 0 0 0 
4140 1274 200 0 11 0 0 0 0 0 
4150 1288 201 0 11 0 0 0 0 0 
4160 1283 192 0 7 0 0 0 0 0 
4170 1309 200 0 4 0 0 0 0 0 
4180 1338 206 0 4 0 0 0 0 0 
4190 1398 206 0 3 0 0 0 0 0 
4200 1388 201 0 10 0 0 0 0 0 
4210 1450 189 0 8 0 0 0 0 0 
4220 1452 195 0 5 0 0 0 0 0 
4230 1449 183 0 11 0 0 0 0 0 
4240 1437 188 0 10 0 0 0 0 0 
4250 1425 191 0 10 0 0 0 0 0 
4260 1419 208 0 14 0 0 0 0 0 
4270 1437 202 0 10 0 0 0 0 0 
4280 1442 207 0 8 0 0 0 0 0 
4290 1414 218 0 9 0 0 0 0 0 
4300 1445 213 0 14 0 0 0 0 0 
4310 1465 208 0 11 0 0 0 0 0 
4320 1478 210 0 18 0 0 0 0 0 
4330 1500 221 0 20 0 0 0 0 0 
4340 1507 226 0 26 0 0 0 0 0 
4350 1560 227 0 18 0 0 0 0 0 
4360 1507 236 0 23 0 0 0 0 0 
4370 1517 231 0 20 0 0 0 0 0 
4380 1493 225 0 21 0 0 0 0 0 
4390 1524 223 0 20 0 0 0 0 0 
4400 1532 210 0 14 0 0 0 0 0 
4410 1545 205 0 17 0 0 0 0 0 
4420 1537 206 0 20 0 0 0 0 0 
4430 1534 216 0 17 0 0 0 0 0 
4440 1553 203 0 18 0 0 0 0 0 
4450 1543 209 0 13 0 0 0 0 0 
4460 1555 234 0 11 0 0 0 0 0 
4470 1569 236 0 16 0 0 0 0 0 
4480 1577 240 0 10 0 0 0 0 0 
4490 1657 225 0 13 0 0 0 0 0 
4500 1641 241 0 6 0 0 0 0 0 
4510 1647 244 0 11 0 0 0 0 0 
4520 1655 250 0 11 0 0 0 0 0 
4530 1604 286 0 16 0 0 0 0 0 
4540 1576 293 0 15 0 0 0 0 0 
4550 1577 299 0 27 0 0 0 0 0 
4560 1584 327 0 20 0 0 0 0 0 
4570 1573 299 0 21 0 0 0 0 0 
4580 1559 300 0 13 0 0 0 0 0 
4590 1597 288 0 14 0 0 0 0 0 
4600 1611 301 0 22 0 0 0 0 0 
4610 1617 308 0 17 0 0 0 0 0 
4620 1634 310 0 11 0 0 0 0 0 
4630 1671 291 0 13 0 0 0 0 0 
4640 1665 297 0 14 0 0 0 0 0 
4650 1661 289 0 18 0 0 0 0 0 
4660 1645 275 0 22 0 0 0 0 0 
4670 1685 269 0 23 0 0 0 0 0 
4680 1713 264 0 24 0 0 0 0 0 
4690 1697 271 0 25 0 0 0 0 0 
4700 1679 277 0 25 0 0 0 0 0 
4710 1714 276 0 25 0 0 0 0 0 
4720 1696 295 0 13 0 0 0 0 0 
4730 1656 286 0 14 0 0 0 0 0 
4740 1658 300 0 19 0 0 0 0 0 
4750 1655 321 0 27 0 0 0 0 0 
4760 1616 339 0 34 0 0 0 0 0 
4770 1612 359 0 26 0 0 0 0 0 
4780 1671 381 0 21 0 0 0 0 0 
4790 1709 449 0 18 0 0 0 0 0 
4800 1713 508 0 16 0 0 0 0 0 
4810 1763 573 0 11 0 0 0 0 0 
4820 1824 670 0 7 0 0 0 0 0 
4830 1901 749 0 8 0 0 0 0 0 
4840 1919 808 0 2 0 0 0 0 0 
4850 1966 865 0 3 0 0 0 0 0 
4860 2042 916 0 2 0 4 0 0 0 
4870 2077 953 0 2 0 2 0 0 0 
4880 2101 984 0 0 0 2 0 0 0 
4890 2182 1053 0 0 0 2 0 0 0 
4900 2187 1112 0 0 0 2 0 0 0 
4910 2215 1155 0 0 0 1 0 0 0 
4920 2232 1197 0 21 0 1 0 0 0 
4930 2251 1240 0 22 0 1 0 0 0 
4940 2291 1256 0 18 0 1 0 0 0 
4950 2290 1289 0 16 0 1 0 0 0 
4960 2314 1344 0 13 0 1 0 0 0 
4970 2330 1399 0 13 0 1 0 0 0 
4980 2353 1453 0 13 0 1 0 0 0 
4990 2376 1492 0 13 0 1 0 0 0 
5000 2422 1564 0 15 0 1 0 0 0 
5010 2463 1628 0 13 0 1 0 0 0 
5020 2466 1657 0 8 0 1 0 0 0 
5030 2502 1699 0 17 0 1 0 0 0 
5040 2490 1726 0 18 0 1 0 0 0 
5050 2505 1767 0 14 0 1 0 0 0 
5060 2528 1804 0 16 0 1 0 0 0 
5070 2549 1839 0 40 0 1 0 0 0 
5080 2568 1905 0 64 0 1 0 0 0 
5090 2601 1939 0 54 0 1 0 0 0 
5100 2637 1993 0 118 0 1 0 0 0 
5110 2631 2017 0 164 0 1 0 0 0 
5120 2670 2114 0 222 0 1 0 0 0 
5130 2705 2179 0 272 0 1 0 0 0 
5140 2752 2228 0 332 0 1 0 0 0 
5150 2764 2262 0 372 0 1 0 0 0 
5160 2795 2312 0 414 0 0 0 0 0 
5170 2815 2349 0 443 0 0 0 0 0 
5180 2831 2370 0 479 0 0 0 0 0 
5190 2835 2386 0 494 0 0 0 0 0 
5200 2847 2417 0 523 0 0 0 0 0 
5210 2875 2465 0 574 0 0 0 0 0 
5220 2916 2523 0 637 0 0 0 0 0 
5230 2932 2559 0 663 0 0 0 0 0 
5240 2931 2577 0 689 0 0 0 0 0 
5250 2932 2588 0 692 0 0 0 0 0 
5260 2940 2603 1 731 0 0 0 0 0 
5270 2950 2609 1 762 0 0 0 0 0 
5280 3000 2680 3 819 0 0 0 0 0 
5290 3038 2743 2 892 0 0 0 0 0 
5300 3050 2763 2 903 0 0 0 0 0 
5310 3081 2805 0 969 0 0 0 0 0 
5320 3097 2847 1 1033 0 0 0 0 0 
5330 3110 2863 2 1049 0 0 0 0 0 
5340 3126 2872 2 1087 0 0 0 0 0 
5350 3148 2904 2 1115 0 0 0 0 0 
5360 3142 2912 2 1135 0 0 0 0 0 
5370 3164 2964 1 1156 0 0 0 0 0 
5380 3197 3009 1 1220 0 0 0 0 0 
5390 3186 2999 0 1220 0 0 0 0 0 
5400 3200 3023 0 1280 0 0 0 0 0 
5410 3191 3010 0 1266 0 0 0 0 0 
5420 3182 3031 0 1262 0 0 0 0 0 
5430 3209 3067 0 1308 0 0 0 0 0 
5440 3218 3093 0 1372 0 0 0 0 0 
5450 3240 3116 0 1400 0 0 0 0 0 
5460 3249 3134 0 1445 0 0 0 0 0 
5470 3236 3125 0 1442 0 0 0 0 0 
5480 3255 3145 0 1470 0 0 0 0 0 
5490 3280 3160 0 1487 0 0 0 0 0 
5500 3297 3181 0 1533 0 0 0 0 0 
5510 3277 3176 0 1536 0 0 0 0 0 
5520 3282 3190 0 1592 0 0 0 0 0 
5530 3279 3187 1 1615 0 0 0 0 0 
5540 3294 3207 2 1669 0 0 0 0 0 
5550 3279 3193 1 1668 0 0 0 0 0 
5560 3281 3199 2 1657 0 0 0 0 0 
5570 3296 3217 2 1709 0 0 0 0 0 
5580 3305 3223 1 1719 0 0 0 0 0 
5590 3300 3221 1 1729 0 0 0 0 0 
5600 3294 3212 1 1725 0 0 0 0 0 
5610 3307 3223 1 1757 0 0 0 0 0 
5620 3296 3208 1 1790 0 0 0 0 0 
5630 3310 3229 1 1818 0 0 0 0 0 
5640 3308 3235 1 1857 0 0 0 0 0 
5650 3301 3220 3 1865 0 0 0 0 0 
5660 3305 3228 2 1889 0 0 0 0 0 
5670 3311 3223 1 1899 0 0 0 0 0 
5680 3317 3222 1 1907 0 0 0 0 0 
5690 3316 3236 1 1955 0 0 0 0 0 
5700 3316 3237 1 2006 2 0 0 0 0 
5710 3293 3207 1 2012 0 0 0 0 0 
5720 3284 3198 1 2022 0 0 0 0 0 
5730 3267 3196 0 2023 0 0 0 0 0 
5740 3280 3202 0 2029 0 0 0 0 0 
5750 3294 3215 0 2104 0 0 0 0 0 
5760 3295 3215 0 2109 0 0 0 0 0 
5770 3301 3217 0 2116 0 0 0 0 0 
5780 3285 3209 0 2138 0 0 0 0 0 
5790 3260 3174 4 2114 0 0 0 0 0 
5800 3287 3197 1 2123 0 0 0 0 0 
5810 3297 3215 0 2141 0 0 0 0 0 
5820 3313 3230 0 2175 0 0 0 0 0 
5830 3313 3222 0 2184 0 0 0 0 0 
5840 3298 3208 0 2201 0 0 0 0 0 
5850 3294 3205 0 2208 0 0 0 0 0 
5860 3289 3201 2 2234 0 0 0 0 0 
5870 3305 3225 2 2266 0 0 0 0 0 
5880 3320 3238 2 2309 0 0 0 0 0 
5890 3311 3233 4 2312 0 0 0 0 0 
5900 3320 3248 2 2355 0 0 0 0 0 
5910 3299 3219 2 2332 1 0 0 0 0 
5920 3317 3238 2 2375 1 0 0 0 0 
5930 3295 3214 2 2395 1 0 0 0 0 
5940 3302 3219 2 2423 1 0 0 0 0 
5950 3292 3208 2 2441 0 0 0 0 0 
5960 3290 3205 0 2438 0 0 0 0 0 
5970 3290 3214 0 2465 0 0 0 0 0 
5980 3280 3201 2 2459 0 0 0 0 0 
5990 3287 3193 2 2461 0 0 0 0 0 
6000 3301 3204 4 2475 0 0 0 0 0 
6010 3300 3216 3 2520 0 0 0 0 0 
6020 3316 3227 2 2558 0 0 0 0 0 
6030 3300 3213 2 2561 0 0 0 0 0 
6040 3286 3206 1 2549 0 0 0 0 0 
6050 3305 3231 1 2572 0 0 0 0 0 
6060 3313 3239 1 2566 0 0 0 0 0 
6070 3291 3221 1 2556 0 0 0 0 0 
6080 3306 3238 1 2573 0 0 0 0 0 
6090 3312 3241 1 2607 0 0 0 0 0 
6100 3314 3239 1 2629 0 0 0 0 0 
6110 3316 3236 1 2624 0 0 0 0 0 
6120 3299 3219 2 2619 0 0 0 0 0 
6130 3287 3215 2 2632 0 0 0 0 0 
6140 3293 3225 1 2644 0 0 0 0 0 
6150 3283 3214 2 2660 0 0 0 0 0 
6160 3255 3189 2 2654 0 0 0 0 0 
6170 3270 3205 3 2658 0 0 0 0 0 
6180 3244 3190 4 2650 0 0 0 0 0 
6190 3240 3193 4 2651 0 0 0 0 0 
6200 3277 3228 3 2711 0 0 0 0 0 
6210 3275 3223 4 2719 0 0 0 0 0 
6220 3265 3219 4 2737 0 0 0 0 0 
6230 3273 3220 3 2731 0 0 0 0 0 
6240 3258 3203 3 2724 0 0 0 0 0 
6250 3292 3222 3 2756 0 0 0 0 0 
6260 3285 3223 6 2756 0 0 0 0 0 
6270 3284 3225 5 2764 0 0 0 0 0 
6280 3289 3236 6 2780 0 0 0 0 0 
6290 3295 3243 7 2798 0 0 0 0 0 
6300 3287 3237 7 2827 0 0 0 0 0 
6310 3306 3253 4 2832 0 0 0 0 0 
6320 3316 3265 3 2859 1 0 0 0 0 
6330 3305 3250 3 2846 3 0 0 0 0 
6340 3295 3229 3 2838 2 0 0 0 0 
6350 3274 3206 3 2821 2 0 0 0 0 
6360 3278 3209 3 2828 2 0 0 0 0 
6370 3286 3210 2 2841 2 0 0 0 0 
6380 3303 3216 1 2851 1 0 0 0 0 
6390 3305 3212 1 2852 1 0 0 0 0 
6400 3291 3203 1 2857 0 0 0 0 0 
6410 3287 3205 0 2880 0 0 0 0 0 
6420 3293 3219 0 2897 0 0 0 0 0 
6430 3297 3232 0 2920 0 0 0 0 0 
6440 3304 3239 0 2928 1 0 0 0 0 
6450 3316 3250 0 2949 1 0 0 0 0 
6460 3313 3254 1 2957 1 0 0 0 0 
6470 3288 3233 1 2932 1 0 0 0 0 
6480 3273 3230 1 2933 1 0 0 0 0 
6490 3291 3241 3 2931 1 0 0 0 0 
6500 3307 3256 5 2947 1 0 0 0 0 
6510 3346 3300 5 2993 0 0 0 0 0 
6520 3356 3313 4 3055 0 0 0 0 0 
6530 3340 3288 4 3042 0 0 0 0 0 
6540 3343 3292 4 3071 0 0 0 0 0 
6550 3342 3291 4 3092 0 0 0 0 0 
6560 3344 3289 4 3088 0 0 0 0 0 
6570 3342 3287 4 3106 0 2 0 0 0 
6580 3340 3296 3 3113 0 1 0 0 0 
6590 3318 3271 3 3093 0 1 0 0 0 
6600 3301 3253 2 3081 0 1 0 0 0 
6610 3269 3225 0 3064 0 1 0 0 0 
6620 3293 3239 0 3101 0 1 0 0 0 
6630 3307 3262 0 3145 0 1 0 0 0 
6640 3298 3251 0 3130 0 1 0 0 0 
6650 3271 3221 0 3108 0 0 0 0 0 
6660 3278 3231 0 3109 0 0 0 0 0 
6670 3283 3233 0 3117 0 0 0 0 0 
6680 3295 3246 1 3136 0 0 0 0 0 
6690 3286 3229 0 3120 0 0 0 0 0 
6700 3296 3236 0 3156 0 0 0 0 0 
6710 3312 3253 2 3182 0 0 0 0 0 
6720 3297 3244 2 3167 0 0 0 0 0 
6730 3292 3233 2 3162 0 0 0 0 0 
6740 3305 3254 2 3184 0 0 0 0 0 
6750 3292 3234 1 3170 0 0 0 0 0 
6760 3294 3237 1 3173 0 0 0 0 0 
6770 3281 3229 1 3165 0 0 0 0 0 
6780 3304 3250 1 3195 0 0 0 0 0 
6790 3286 3223 2 3181 0 0 0 0 0 
6800 3293 3229 2 3190 0 0 0 0 0 
6810 3302 3238 1 3202 0 0 0 0 0 
6820 3309 3250 1 3218 0 0 0 0 0 
6830 3306 3240 1 3211 0 0 0 0 0 
6840 3312 3255 0 3222 0 0 0 0 0 
6850 3315 3258 0 3230 0 0 0 0 0 
6860 3325 3253 2 3224 0 0 0 0 0 
6870 3287 3211 5 3193 0 0 0 0 0 
6880 3265 3178 5 3153 0 0 0 0 0 
6890 3268 3179 5 3152 0 0 0 0 0 
6900 3288 3209 3 3179 0 0 0 0 0 
6910 3281 3214 2 3180 0 0 0 0 0 
6920 3277 3207 5 3175 0 0 0 0 0 
6930 3259 3196 4 3167 0 0 0 0 0 
6940 3279 3218 3 3189 0 0 0 0 0 
6950 3251 3199 3 3172 0 0 0 0 0 
6960 3240 3186 3 3158 0 0 0 0 0 
6970 3257 3206 2 3184 0 0 0 0 0 
6980 3259 3207 2 3184 1 0 0 0 0 
6990 3261 3205 2 3188 1 0 0 0 0 
7000 3270 3210 2 3191 1 0 0 0 0 
7010 3241 3185 2 3157 1 0 0 0 0 
7020 3267 3210 2 3178 1 0 0 0 0 
7030 3274 3222 2 3196 1 0 0 0 0 
7040 3268 3214 2 3186 0 0 0 0 0 
7050 3272 3213 2 3180 0 0 0 0 0 
7060 3280 3218 2 3188 0 0 0 0 0 
7070 3310 3254 1 3228 0 0 0 0 0 
7080 3292 3232 2 3209 0 0 0 0 0 
7090 3301 3249 2 3226 0 0 0 0 0 
7100 3321 3274 2 3249 0 0 0 0 0 
7110 3292 3238 4 3209 0 0 0 0 0 
7120 3299 3238 2 3207 0 0 0 0 0 
7130 3301 3242 2 3208 0 0 0 0 0 
7140 3309 3256 3 3220 0 0 0 0 0 
7150 3285 3232 3 3207 0 0 0 0 0 
7160 3271 3224 4 3199 0 0 0 0 0 
7170 3280 3233 3 3210 0 0 0 0 0 
7180 3278 3218 4 3191 2 0 0 0 0 
7190 3286 3222 2 3187 2 0 0 0 0 
7200 3291 3228 1 3197 2 0 0 0 0 
7210 3286 3219 1 3194 2 0 0 0 0 
7220 3296 3222 0 3193 2 0 0 0 0 
7230 3300 3229 2 3200 2 0 0 0 0 
7240 3316 3242 2 3212 2 0 0 0 0 
7250 3296 3230 2 3203 2 0 0 0 0 
7260 3318 3257 2 3218 1 0 0 0 0 
7270 3289 3227 4 3185 1 0 0 0 0 
7280 3290 3226 3 3196 1 0 0 0 0 
7290 3296 3245 1 3212 1 2 0 0 0 
7300 3298 3240 2 3202 1 1 0 0 0 
7310 3297 3250 2 3219 1 1 0 0 0 
7320 3289 3237 4 3202 1 1 0 0 0 
7330 3279 3225 4 3204 1 1 0 0 0 
7340 3262 3214 5 3193 1 1 0 0 0 
7350 3283 3240 3 3220 1 1 0 0 0 
7360 3263 3223 4 3204 0 1 0 0 0 
7370 3268 3221 5 3199 0 1 0 0 0 
7380 3258 3206 5 3178 0 1 0 0 0 
7390 3248 3198 4 3172 0 1 0 0 0 
7400 3251 3200 4 3173 0 1 0 0 0 
7410 3241 3189 4 3161 0 1 0 0 0 
7420 3255 3199 3 3167 0 1 0 0 0 
7430 3240 3179 5 3148 0 1 0 0 0 
7440 3232 3174 8 3140 0 1 0 0 0 
7450 3258 3201 8 3162 0 1 0 0 0 
7460 3261 3213 8 3168 0 1 0 0 0 
7470 3240 3194 8 3156 0 1 0 0 0 
7480 3262 3225 8 3180 0 2 0 0 0 
7490 3264 3228 8 3182 0 2 0 0 0 
7500 3257 3216 7 3174 0 2 0 0 0 
7510 3267 3232 5 3187 0 2 0 0 0 
7520 3265 3235 5 3196 0 1 0 0 0 
7530 3238 3214 4 3188 0 1 0 0 0 
7540 3235 3210 2 3194 0 1 0 0 0 
7550 3278 3247 1 3233 0 1 0 0 0 
7560 3291 3262 1 3240 0 1 0 0 0 
7570 3261 3231 1 3210 0 1 0 0 0 
7580 3228 3194 1 3169 0 1 0 0 0 
7590 3215 3181 1 3156 0 0 0 0 0 
7600 3246 3207 1 3181 2 0 0 0 0 
7610 3236 3190 1 3162 2 0 0 0 0 
7620 3244 3205 1 3175 2 0 0 0 0 
7630 3245 3207 1 3178 4 0 0 0 0 
7640 3254 3211 1 3185 4 0 0 0 0 
7650 3239 3196 1 3166 2 0 0 0 0 
7660 3259 3221 1 3197 1 0 0 0 0 
7670 3257 3221 1 3188 1 0 0 0 0 
7680 3280 3239 0 3214 1 0 0 0 0 
7690 3272 3234 2 3216 1 0 0 0 0 
7700 3280 3227 3 3215 0 0 0 0 0 
7710 3262 3211 2 3193 0 0 0 0 0 
7720 3273 3218 2 3199 0 2 0 0 0 
7730 3261 3200 2 3181 0 0 0 0 0 
7740 3253 3183 2 3165 0 0 0 0 0 
7750 3263 3196 2 3177 0 0 0 0 0 
7760 3294 3229 0 3202 0 0 0 0 0 
7770 3285 3224 0 3203 0 0 0 0 0 
7780 3266 3212 0 3199 0 0 0 0 0 
7790 3268 3205 0 3191 0 0 0 0 0 
7800 3275 3209 0 3195 0 0 0 0 0 
7810 3266 3196 0 3184 0 0 0 0 0 
7820 3254 3188 0 3180 0 2 0 0 0 
7830 3253 3190 0 3176 0 2 0 0 0 
7840 3251 3189 0 3172 0 2 0 0 0 
7850 3260 3201 0 3181 0 2 0 0 0 
7860 3280 3228 1 3220 0 1 0 0 0 
7870 3292 3236 1 3223 0 0 0 0 0 
7880 3282 3217 1 3207 8 0 0 0 0 
7890 3285 3225 1 3214 8 0 0 0 0 
7900 3284 3233 0 3219 8 0 0 0 0 
7910 3280 3229 0 3220 8 0 0 0 0 
7920 3296 3240 1 3218 7 0 0 0 0 
7930 3297 3254 5 3231 4 0 0 0 0 
7940 3298 3244 5 3227 4 0 0 0 0 
7950 3272 3219 6 3200 4 0 0 0 0 
7960 3282 3222 4 3206 3 0 0 0 0 
7970 3297 3234 4 3210 3 0 0 0 0 
7980 3302 3251 6 3224 3 0 0 0 0 
7990 3293 3247 5 3224 2 0 0 0 0 
8000 3305 3264 3 3246 2 0 0 0 0 
8010 3320 3273 3 3252 2 2 0 0 0 
8020 3317 3260 5 3238 2 2 0 0 0 
8030 3295 3236 4 3210 2 0 0 0 0 
8040 3284 3227 3 3203 1 0 0 0 0 
8050 3299 3231 2 3210 1 0 0 0 0 
8060 3314 3248 2 3225 1 0 0 0 0 
8070 3299 3240 2 3218 1 0 0 0 0 
8080 3283 3234 2 3215 0 0 0 0 0 
8090 3257 3209 2 3190 0 0 0 0 0 
8100 3246 3199 4 3172 0 0 0 0 0 
8110 3251 3207 6 3174 0 0 0 0 0 
8120 3254 3209 8 3174 0 3 0 0 0 
8130 3260 3211 7 3180 0 1 0 0 0 
8140 3259 3211 7 3184 0 1 0 0 0 
8150 3266 3221 7 3201 0 0 0 0 0 
8160 3269 3222 8 3207 0 0 0 0 0 
8170 3254 3208 6 3196 0 0 0 0 0 
8180 3241 3195 5 3179 0 0 0 0 0 
8190 3223 3181 5 3163 0 0 0 0 0 
8200 3245 3197 5 3185 0 0 0 0 0 
8210 3279 3228 5 3218 0 0 0 0 0 
8220 3279 3219 7 3204 0 0 0 0 0 
8230 3293 3233 6 3216 0 0 0 0 0 
8240 3298 3243 6 3233 0 0 0 0 0 
8250 3284 3235 6 3231 2 0 0 0 0 
8260 3303 3252 4 3237 0 0 0 0 0 
8270 3311 3248 3 3234 0 0 0 0 0 
8280 3299 3239 5 3218 0 0 0 0 0 
8290 3312 3252 4 3228 0 0 0 0 0 
8300 3292 3233 4 3213 0 2 0 0 0 
8310 3289 3220 5 3203 2 2 0 0 0 
8320 3310 3240 4 3226 4 2 0 0 0 
8330 3323 3255 4 3247 4 2 0 0 0 
8340 3312 3238 4 3227 4 2 0 0 0 
8350 3294 3232 4 3221 8 2 0 0 0 
8360 3310 3233 4 3224 7 1 0 0 0 
8370 3286 3209 4 3196 4 1 0 0 0 
8380 3267 3193 4 3177 7 1 0 0 0 
8390 3270 3193 5 3189 8 0 0 0 0 
8400 3296 3229 5 3206 7 0 0 0 0 
8410 3295 3227 4 3203 4 0 0 0 0 
8420 3284 3217 4 3203 4 0 0 0 0 
8430 3265 3184 3 3179 5 2 0 0 0 
8440 3258 3192 6 3177 3 2 0 0 0 
8450 3256 3188 8 3176 4 2 0 0 0 
8460 3271 3209 4 3195 4 1 0 0 0 
8470 3258 3193 4 3182 6 1 0 0 0 
8480 3265 3201 4 3180 5 1 0 0 0 
8490 3279 3223 4 3194 4 0 0 0 0 
8500 3281 3232 4 3205 4 0 0 0 0 
8510 3302 3245 3 3219 3 0 0 0 0 
8520 3269 3210 3 3185 3 0 0 0 0 
8530 3278 3219 3 3191 2 0 0 0 0 
8540 3292 3226 5 3200 1 0 0 0 0 
8550 3286 3221 7 3203 1 0 0 0 0 
8560 3274 3211 7 3193 1 0 0 0 0 
8570 3265 3198 7 3178 1 0 0 0 0 
8580 3267 3190 4 3175 1 0 0 0 0 
8590 3263 3188 2 3177 1 0 0 0 0 
8600 3247 3189 2 3172 1 0 0 0 0 
8610 3242 3184 4 3163 1 0 0 0 0 
8620 3261 3198 2 3179 0 0 0 0 0 
8630 3254 3186 2 3172 0 0 0 0 0 
8640 3256 3197 2 3183 0 0 0 0 0 
8650 3274 3223 2 3205 0 2 0 0 0 
8660 3275 3234 2 3223 0 2 0 0 0 
8670 3262 3212 2 3195 0 2 0 0 0 
8680 3252 3207 5 3191 0 2 0 0 0 
8690 3259 3210 4 3193 2 2 0 0 0 
8700 3257 3206 3 3190 2 2 0 0 0 
8710 3250 3200 3 3186 2 1 0 0 0 
8720 3268 3216 3 3201 2 1 0 0 0 
8730 3265 3207 3 3189 0 0 0 0 0 
8740 3280 3229 3 3210 0 0 0 0 0 
8750 3308 3257 3 3240 0 0 0 0 0 
8760 3295 3228 3 3209 0 2 0 0 0 
8770 3299 3238 4 3216 0 2 0 0 0 
8780 3300 3247 3 3226 0 0 0 0 0 
8790 3289 3242 3 3225 0 0 0 0 0 
8800 3313 3262 2 3253 0 0 0 0 0 
8810 3284 3234 2 3228 0 0 0 0 0 
8820 3282 3235 2 3230 0 0 0 0 0 
8830 3278 3231 2 3231 0 0 0 0 0 
8840 3271 3214 4 3213 0 0 0 0 0 
8850 3280 3229 1 3228 0 2 0 0 0 
8860 3273 3224 1 3228 0 2 0 0 0 
8870 3251 3197 2 3194 0 1 0 0 0 
8880 3258 3199 2 3193 0 1 0 0 0 
8890 3245 3186 0 3182 0 0 0 0 0 
8900 3250 3185 0 3182 0 0 0 0 0 
8910 3255 3185 0 3176 0 0 0 0 0 
8920 3256 3187 0 3176 2 0 0 0 0 
8930 3276 3210 1 3196 0 0 0 0 0 
8940 3262 3189 1 3178 0 0 0 0 0 
8950 3276 3211 0 3200 0 0 0 0 0 
8960 3280 3217 0 3204 2 0 0 0 0 
8970 3297 3237 2 3216 1 0 0 0 0 
8980 3300 3237 4 3214 1 0 0 0 0 
8990 3293 3230 4 3203 1 0 0 0 0 
9000 3309 3241 2 3217 1 0 0 0 0 
9010 3292 3236 2 3212 1 0 0 0 0 
9020 3291 3243 2 3212 2 0 0 0 0 
9030 3309 3269 2 3225 1 0 0 0 0 
9040 3318 3281 2 3244 1 0 0 0 0 
9050 3326 3292 2 3263 1 0 0 0 0 
9060 3332 3299 1 3272 1 0 0 0 0 
9070 3301 3268 1 3247 1 0 0 0 0 
9080 3321 3284 1 3263 0 0 0 0 0 
9090 3334 3293 1 3275 0 0 0 0 0 
9100 3318 3269 1 3255 0 0 0 0 0 
9110 3281 3226 1 3207 0 0 0 0 0 
9120 3298 3246 1 3227 1 0 0 0 0 
9130 3284 3225 0 3203 1 0 0 0 0 
9140 3297 3237 0 3217 1 0 0 0 0 
9150 3305 3249 0 3222 1 0 0 0 0 
9160 3287 3235 0 3202 0 0 0 0 0 
9170 3279 3218 0 3190 2 0 0 0 0 
9180 3245 3193 0 3169 0 0 0 0 0 
9190 3272 3212 2 3184 0 0 0 0 0 
9200 3262 3198 2 3170 0 0 0 0 0 
9210 3278 3212 2 3178 0 0 0 0 0 
9220 3294 3231 2 3193 0 0 0 0 0 
9230 3293 3223 2 3184 2 0 0 0 0 
9240 3313 3237 2 3204 2 0 0 0 0 
9250 3296 3217 2 3193 1 0 0 0 0 
9260 3304 3232 2 3194 0 0 0 0 0 
9270 3308 3231 2 3197 0 0 0 0 0 
9280 3301 3220 1 3180 0 0 0 0 0 
9290 3297 3216 0 3171 0 0 0 0 0 
9300 3309 3241 0 3193 0 0 0 0 0 
9310 3315 3256 3 3206 0 0 0 0 0 
9320 3328 3262 2 3213 0 0 0 0 0 
9330 3294 3231 2 3194 0 0 0 0 0 
9340 3308 3243 2 3210 0 0 0 0 0 
9350 3314 3237 2 3206 0 0 0 0 0 
9360 3304 3236 2 3208 0 0 0 0 0 
9370 3300 3234 2 3208 0 0 0 0 0 
9380 3289 3227 2 3197 0 0 0 0 0 
9390 3298 3245 2 3212 2 0 0 0 0 
9400 3285 3240 0 3208 2 0 0 0 0 
9410 3280 3237 2 3204 2 0 0 0 0 
9420 3295 3253 0 3220 1 0 0 0 0 
9430 3289 3247 0 3217 0 0 0 0 0 
9440 3294 3253 0 3217 0 0 0 0 0 
9450 3296 3252 0 3217 0 0 0 0 0 
9460 3298 3251 0 3220 0 0 0 0 0 
9470 3265 3223 2 3192 0 0 0 0 0 
9480 3267 3224 2 3188 0 0 0 0 0 
9490 3284 3231 1 3195 0 0 0 0 0 
9500 3302 3253 1 3222 0 0 0 0 0 
9510 3282 3235 1 3203 0 0 0 0 0 
9520 3275 3235 1 3196 0 0 0 0 0 
9530 3298 3256 1 3220 0 0 0 0 0 
9540 3312 3277 1 3239 0 0 0 0 0 
9550 3317 3276 1 3238 0 0 0 0 0 
9560 3326 3286 1 3245 0 0 0 0 0 
9570 3324 3283 0 3243 0 0 0 0 0 
9580 3337 3294 0 3255 0 0 0 0 0 
9590 3320 3269 2 3235 0 0 0 0 0 
9600 3324 3281 2 3248 0 0 0 0 0 
9610 3312 3270 2 3248 0 0 0 0 0 
9620 3313 3276 2 3252 0 0 0 0 0 
9630 3333 3290 2 3267 0 0 0 0 0 
9640 3334 3301 3 3277 0 0 0 0 0 
9650 3280 3254 1 3229 0 0 0 0 0 
9660 3281 3249 1 3225 3 0 0 0 0 
9670 3268 3241 1 3216 2 0 0 0 0 
9680 3273 3237 1 3211 2 0 0 0 0 
9690 3274 3237 2 3207 0 0 0 0 0 
9700 3265 3221 2 3190 0 0 0 0 0 
9710 3259 3223 2 3194 0 0 0 0 0 
9720 3265 3227 2 3205 0 0 0 0 0 
9730 3265 3225 4 3205 0 0 0 0 0 
9740 3268 3225 4 3202 0 0 0 0 0 
9750 3262 3218 4 3196 0 0 0 0 0 
9760 3257 3210 3 3188 0 0 0 0 0 
9770 3250 3211 3 3199 4 0 0 0 0 
9780 3273 3233 3 3222 6 0 0 0 0 
9790 3280 3234 3 3226 7 0 0 0 0 
9800 3263 3214 2 3212 12 0 0 0 0 
9810 3275 3225 2 3217 10 0 0 0 0 
9820 3260 3207 2 3187 8 0 0 0 0 
9830 3295 3234 1 3219 8 0 0 0 0 
9840 3283 3217 1 3200 8 0 0 0 0 
9850 3288 3226 0 3206 7 0 0 0 0 
9860 3283 3230 0 3209 6 0 0 0 0 
9870 3270 3220 0 3194 6 0 0 0 0 
9880 3284 3224 2 3198 7 0 0 0 0 
9890 3288 3232 1 3203 4 0 0 0 0 
9900 3297 3244 0 3218 5 0 0 0 0 
9910 3296 3246 0 3213 3 0 0 0 0 
9920 3306 3266 0 3230 4 0 0 0 0 
9930 3305 3261 0 3223 2 0 0 0 0 
9940 3308 3263 0 3221 1 0 0 0 0 
9950 3299 3262 0 3216 0 0 0 0 0 
9960 3302 3261 0 3216 0 0 0 0 0 
9970 3293 3250 0 3205 0 0 0 0 0 
9980 3299 3258 0 3214 0 0 0 0 0 
9990 3306 3265 0 3223 0 0 0 0 0 
10000 3283 3249 0 3204 0 0 0 0 0 
10010 3269 3232 0 3184 0 0 0 0 0 
10020 3265 3225 0 3172 0 0 0 0 0 
10030 3290 3249 0 3198 0 0 0 0 0 
10040 3292 3251 0 3203 0 0 0 0 0 
10050 3295 3256 0 3214 0 0 0 0 0 
10060 3292 3252 0 3215 2 0 0 0 0 
10070 3307 3265 0 3226 2 0 0 0 0 
10080 3264 3219 0 3185 0 0 0 0 0 
10090 3283 3236 0 3197 0 0 0 0 0 
10100 3281 3237 0 3204 0 0 0 0 0 
10110 3265 3219 0 3191 0 0 0 0 0 
10120 3274 3231 2 3203 0 0 0 0 0 
10130 3282 3239 4 3221 0 0 0 0 0 
10140 3285 3243 5 3213 0 0 0 0 0 
10150 3274 3233 5 3199 0 0 0 0 0 
10160 3225 3188 4 3157 0 0 0 0 0 
10170 3232 3199 3 3166 0 0 0 0 0 
10180 3240 3214 2 3185 0 0 0 0 0 
10190 3233 3199 1 3173 0 0 0 0 0 
10200 3212 3170 1 3143 0 0 0 0 0 
10210 3209 3165 1 3135 0 0 0 0 0 
10220 3222 3174 1 3153 0 0 0 0 0 
10230 3229 3179 1 3154 0 0 0 0 0 
10240 3223 3170 1 3144 0 0 0 0 0 
10250 3260 3212 1 3188 0 0 0 0 0 
10260 3261 3211 1 3182 0 0 0 0 0 
10270 3277 3231 1 3200 0 0 0 0 0 
10280 3283 3227 1 3197 0 0 0 0 0 
10290 3286 3235 1 3209 0 0 0 0 0 
10300 3296 3247 0 3222 0 0 0 0 0 
10310 3309 3259 0 3232 0 0 0 0 0 
10320 3311 3263 2 3235 0 0 0 0 0 
10330 3303 3256 1 3228 0 0 0 0 0 
10340 3296 3251 1 3218 0 0 0 0 0 
10350 3314 3274 2 3237 0 0 0 0 0 
10360 3301 3257 2 3221 0 0 0 0 0 
10370 3295 3255 2 3221 0 0 0 0 0 
10380 3298 3254 1 3218 2 0 0 0 0 
10390 3306 3261 1 3220 2 0 0 0 0 
10400 3315 3268 1 3217 2 0 0 0 0 
10410 3280 3235 0 3188 3 0 0 0 0 
10420 3293 3248 0 3205 2 0 0 0 0 
10430 3278 3238 0 3190 2 0 0 0 0 
10440 3271 3231 0 3183 2 0 0 0 0 
10450 3281 3237 0 3195 4 0 0 0 0 
10460 3293 3253 0 3209 4 0 0 0 0 
10470 3289 3255 0 3214 4 0 0 0 0 
10480 3290 3252 0 3210 2 0 0 0 0 
10490 3268 3231 0 3195 1 0 0 0 0 
10500 3278 3241 0 3197 1 0 0 0 0 
10510 3262 3218 6 3182 0 0 0 0 0 
10520 3239 3198 6 3172 0 0 0 0 0 
10530 3235 3197 3 3171 0 0 0 0 0 
10540 3252 3209 2 3181 0 0 0 0 0 
10550 3258 3217 4 3189 0 0 0 0 0 
10560 3236 3198 4 3172 0 0 0 0 0 
10570 3232 3190 4 3156 0 0 0 0 0 
10580 3252 3216 6 3178 0 0 0 0 0 
10590 3257 3221 6 3194 0 0 0 0 0 
10600 3278 3241 5 3211 0 0 0 0 0 
10610 3246 3213 4 3188 0 0 0 0 0 
10620 3257 3224 3 3201 0 0 0 0 0 
10630 3246 3212 3 3191 0 0 0 0 0 
10640 3254 3223 2 3204 0 0 0 0 0 
10650 3259 3219 2 3200 0 0 0 0 0 
10660 3251 3205 1 3179 0 0 0 0 0 
10670 3248 3206 1 3180 0 0 0 0 0 
10680 3287 3249 1 3215 0 0 0 0 0 
10690 3269 3225 1 3183 0 0 0 0 0 
10700 3268 3220 1 3181 0 0 0 0 0 
10710 3281 3241 1 3207 0 0 0 0 0 
10720 3291 3250 1 3215 0 0 0 0 0 
10730 3313 3265 1 3228 2 0 0 0 0 
10740 3306 3269 1 3231 2 0 0 0 0 
10750 3295 3258 1 3215 2 0 0 0 0 
10760 3297 3264 1 3225 2 0 0 0 0 
10770 3278 3242 1 3209 2 0 0 0 0 
10780 3291 3253 0 3223 1 0 0 0 0 
10790 3291 3253 0 3213 2 0 0 0 0 
10800 3305 3274 0 3224 2 0 0 0 0 
10810 3276 3240 0 3193 4 0 0 0 0 
10820 3286 3244 0 3204 6 0 0 0 0 
10830 3258 3213 0 3176 7 0 0 0 0 
10840 3268 3225 0 3184 1 0 0 0 0 
10850 3285 3249 0 3201 1 0 0 0 0 
10860 3276 3233 0 3190 1 0 0 0 0 
10870 3248 3207 1 3168 1 0 0 0 0 
10880 3260 3221 1 3177 0 0 0 0 0 
10890 3274 3235 1 3185 0 0 0 0 0 
10900 3272 3230 1 3184 0 1 0 0 0 
10910 3273 3231 1 3182 0 0 0 0 0 
10920 3264 3214 1 3170 0 0 0 0 0 
10930 3243 3199 0 3159 0 0 0 0 0 
10940 3250 3208 0 3174 0 0 0 0 0 
10950 3276 3223 0 3180 0 0 0 0 0 
10960 3270 3219 0 3178 0 0 0 0 0 
10970 3266 3214 0 3178 0 0 0 0 0 
10980 3282 3230 2 3196 0 0 0 0 0 
10990 3274 3231 2 3202 0 0 0 0 0 
11000 3274 3235 0 3209 0 0 0 0 0 
11010 3278 3238 0 3218 0 0 0 0 0 
11020 3274 3234 0 3209 0 0 0 0 0 
11030 3271 3224 0 3203 0 0 0 0 0 
11040 3254 3206 0 3186 0 0 0 0 0 
11050 3240 3194 0 3167 0 0 0 0 0 
11060 3238 3193 0 3173 0 0 0 0 0 
11070 3230 3192 0 3167 0 0 0 0 0 
11080 3228 3196 0 3166 0 0 0 0 0 
11090 3222 3186 0 3157 0 0 0 0 0 
11100 3224 3193 1 3163 0 0 0 0 0 
11110 3197 3161 2 3130 0 0 0 0 0 
11120 3197 3165 1 3136 0 0 0 0 0 
11130 3221 3182 1 3154 0 0 0 0 0 
11140 3236 3189 2 3168 0 0 0 0 0 
11150 3240 3197 1 3172 0 0 0 0 0 
11160 3267 3222 1 3195 0 0 0 0 0 
11170 3251 3211 1 3176 0 0 0 0 0 
11180 3273 3239 1 3202 0 0 0 0 0 
11190 3269 3231 2 3195 0 0 0 0 0 
11200 3258 3225 2 3200 0 0 0 0 0 
11210 3257 3217 2 3191 0 0 0 0 0 
11220 3249 3207 4 3180 0 0 0 0 0 
11230 3246 3207 3 3178 0 0 0 0 0 
11240 3263 3228 3 3197 0 0 0 0 0 
11250 3247 3207 2 3174 0 0 0 0 0 
11260 3277 3232 2 3197 0 0 0 0 0 
11270 3260 3217 0 3190 0 0 0 0 0 
11280 3266 3231 0 3201 0 0 0 0 0 
11290 3266 3229 2 3191 0 0 0 0 0 
11300 3252 3218 2 3180 0 0 0 0 0 
11310 3249 3218 2 3182 0 0 0 0 0 
11320 3254 3222 1 3178 0 0 0 0 0 
11330 3255 3222 0 3184 0 0 0 0 0 
11340 3260 3232 0 3207 0 0 0 0 0 
11350 3275 3244 0 3224 3 0 0 0 0 
11360 3270 3240 0 3227 3 2 0 0 0 
11370 3251 3217 1 3202 3 2 0 0 0 
11380 3264 3235 1 3219 5 1 0 0 0 
11390 3258 3230 0 3213 5 1 0 0 0 
11400 3287 3253 0 3242 5 1 0 0 0 
11410 3313 3283 0 3270 6 1 0 0 0 
11420 3292 3269 0 3258 3 1 0 0 0 
11430 3293 3278 0 3266 3 1 0 0 0 
11440 3297 3279 0 3259 3 1 0 0 0 
11450 3279 3261 0 3241 0 1 0 0 0 
11460 3278 3259 0 3233 0 1 0 0 0 
11470 3269 3243 2 3217 0 1 0 0 0 
11480 3241 3209 2 3185 0 0 0 0 0 
11490 3248 3217 1 3193 0 0 0 0 0 
11500 3260 3223 1 3193 0 0 0 0 0 
11510 3247 3211 0 3184 3 0 0 0 0 
11520 3250 3216 2 3191 3 0 0 0 0 
11530 3274 3240 0 3211 2 0 0 0 0 
11540 3273 3244 0 3226 0 0 0 0 0 
11550 3281 3250 0 3230 0 0 0 0 0 
11560 3293 3266 0 3248 0 0 0 0 0 
11570 3294 3263 0 3242 0 0 0 0 0 
11580 3306 3275 0 3254 0 0 0 0 0 
11590 3317 3286 0 3260 0 0 0 0 0 
11600 3315 3282 0 3249 0 0 0 0 0 
11610 3295 3261 0 3231 0 0 0 0 0 
11620 3298 3258 0 3220 0 0 0 0 0 
11630 3313 3258 0 3236 7 0 0 0 0 
11640 3317 3256 0 3245 5 0 0 0 0 
11650 3295 3278 0 3262 3 0 0 0 0 
11660 3294 3279 0 3256 3 0 0 0 0 
11670 3277 3261 2 3239 3 0 0 0 0 
11680 3276 3260 3 3234 3 0 0 0 0 
11690 3253 3238 0 3214 4 0 0 0 0 
11700 3262 3252 0 3230 4 0 0 0 0 
11710 3275 3254 0 3233 3 0 0 0 0 
11720 3287 3271 0 3245 3 0 0 0 0 
11730 3265 3257 0 3227 1 0 0 0 0 
11740 3280 3275 0 3248 1 0 0 0 0 
11750 3294 3289 0 3263 0 0 0 0 0 
11760 3270 3268 0 3242 0 0 0 0 0 
11770 3278 3269 2 3250 0 0 0 0 0 
11780 3263 3252 1 3236 0 0 0 0 0 
11790 3242 3227 1 3210 0 0 0 0 0 
11800 3253 3242 1 3229 0 0 0 0 0 
11810 3280 3256 1 3245 0 0 0 0 0 
11820 3281 3261 1 3247 0 0 0 0 0 
11830 3290 3273 1 3249 0 0 0 0 0 
11840 3301 3285 1 3265 0 0 0 0 0 
11850 3252 3260 1 3249 0 0 0 0 0 
11860 3250 3253 1 3241 0 0 0 0 0 
11870 3249 3245 0 3236 0 0 0 0 0 
11880 3263 3261 0 3249 0 0 0 0 0 
11890 3251 3251 2 3237 0 0 0 0 0 
11900 3257 3253 2 3242 0 1 0 0 0 
11910 3251 3245 2 3230 0 0 0 0 0 
11920 3262 3252 2 3242 2 0 0 0 0 
11930 3267 3257 2 3245 2 0 0 0 0 
11940 3282 3274 2 3262 2 0 0 0 0 
11950 3290 3286 2 3276 2 0 0 0 0 
11960 3280 3277 2 3265 2 0 0 0 0 
11970 3263 3252 2 3238 1 0 0 0 0 
11980 3267 3248 1 3232 1 0 0 0 0 
11990 3242 3227 0 3209 0 0 0 0 0 
12000 3257 3242 0 3219 0 0 0 0 0 
12010 3252 3233 0 3213 0 0 0 0 0 
12020 3266 3250 0 3226 0 0 0 0 0 
12030 3261 3239 0 3205 0 0 0 0 0 
12040 3262 3243 0 3211 0 0 0 0 0 
12050 3257 3240 0 3214 0 0 0 0 0 
12060 3263 3256 0 3227 0 0 0 0 0 
12070 3269 3258 0 3237 0 0 0 0 0 
12080 3253 3239 0 3219 0 0 0 0 0 
12090 3243 3230 0 3210 0 0 0 0 0 
12100 3274 3250 0 3234 0 0 0 0 0 
12110 3259 3241 0 3216 0 0 0 0 0 
12120 3250 3228 2 3207 0 0 0 0 0 
12130 3266 3239 0 3220 0 0 0 0 0 
12140 3278 3245 0 3231 0 0 0 0 0 
12150 3251 3230 0 3208 0 0 0 0 0 
12160 3242 3226 0 3204 0 0 0 0 0 
12170 3251 3232 2 3201 2 0 0 0 0 
12180 3250 3234 1 3201 2 0 0 0 0 
12190 3268 3255 0 3223 2 0 0 0 0 
12200 3258 3241 2 3209 2 0 0 0 0 
12210 3242 3220 2 3197 2 0 0 0 0 
12220 3260 3239 1 3208 2 0 0 0 0 
12230 3227 3209 0 3185 2 0 0 0 0 
12240 3213 3189 0 3171 3 0 0 0 0 
12250 3211 3192 0 3176 3 0 0 0 0 
12260 3222 3209 0 3190 3 0 0 0 0 
12270 3241 3227 0 3206 3 0 0 0 0 
12280 3246 3240 0 3213 2 0 0 0 0 
12290 3228 3229 0 3210 2 0 0 0 0 
12300 3244 3245 0 3221 1 0 0 0 0 
12310 3244 3240 0 3212 1 0 0 0 0 
12320 3256 3244 0 3218 1 0 0 0 0 
12330 3256 3232 0 3215 1 0 0 0 0 
12340 3248 3227 0 3209 1 0 0 0 0 
12350 3248 3229 0 3206 1 0 0 0 0 
12360 3223 3204 0 3183 1 0 0 0 0 
12370 3231 3210 0 3200 1 0 0 0 0 
12380 3224 3208 0 3189 1 0 0 0 0 
12390 3234 3219 2 3201 1 0 0 0 0 
12400 3251 3236 1 3214 0 0 0 0 0 
12410 3237 3223 1 3196 0 0 0 0 0 
12420 3237 3222 0 3195 0 0 0 0 0 
12430 3242 3225 2 3190 0 0 0 0 0 
12440 3235 3218 2 3185 0 0 0 0 0 
12450 3261 3245 2 3207 0 0 0 0 0 
12460 3263 3249 0 3223 6 0 0 0 0 
12470 3291 3276 0 3249 23 0 0 0 0 
12480 3284 3273 0 3251 43 0 0 0 0 
12490 3274 3288 0 3264 74 0 0 0 0 
12500 3248 3261 0 3234 68 0 0 0 0 
12510 3266 3278 0 3253 68 0 0 0 0 
12520 3266 3283 0 3261 85 0 0 0 0 
12530 3171 3263 2 3244 170 0 0 0 0 
12540 3156 3263 2 3245 242 0 0 0 0 
12550 3128 3258 2 3239 292 0 0 0 0 
12560 3137 3256 2 3239 353 0 0 0 0 
12570 3140 3256 2 3240 406 0 0 0 0 
12580 3111 3248 2 3230 458 0 0 0 0 
12590 3117 3255 2 3240 516 0 0 0 0 
12600 3087 3257 2 3242 576 0 0 0 0 
12610 3095 3256 2 3245 609 0 0 0 0 
12620 3103 3254 2 3251 647 0 0 0 0 
12630 3097 3265 2 3251 689 0 0 0 0 
12640 3090 3255 2 3248 728 0 0 0 0 
12650 3073 3264 2 3251 805 0 0 0 0 
12660 3077 3260 2 3246 858 0 0 0 0 
12670 3066 3264 2 3255 905 0 0 0 0 
12680 3056 3267 2 3257 957 0 0 0 0 
12690 3050 3268 2 3261 1044 0 0 0 0 
12700 3025 3257 2 3253 1082 0 0 0 0 
12710 3026 3260 2 3257 1137 0 0 0 0 
12720 3030 3252 1 3258 1171 0 0 0 0 
12730 3028 3257 1 3267 1243 0 0 0 0 
12740 3027 3265 1 3277 1290 0 0 0 0 
12750 3035 3291 1 3293 1357 0 0 0 0 
12760 3027 3276 1 3279 1405 0 0 0 0 
12770 3052 3296 1 3309 1477 0 0 0 0 
12780 3021 3281 1 3290 1520 0 0 0 0 
12790 3061 3305 1 3311 1581 0 0 0 0 
12800 3022 3282 0 3282 1597 0 0 0 0 
12810 3029 3299 0 3308 1666 0 0 0 0 
12820 3023 3294 0 3310 1712 0 0 0 0 
12830 3004 3256 0 3291 1738 0 0 0 0 
12840 2997 3237 0 3274 1765 0 0 0 0 
12850 3026 3253 0 3303 1860 0 0 0 0 
12860 3009 3266 0 3293 1921 0 0 0 0 
12870 3016 3277 0 3297 1984 0 0 0 0 
12880 3017 3283 0 3294 2026 0 0 0 0 
12890 3000 3262 0 3281 2063 0 0 0 0 
12900 2980 3264 0 3281 2079 0 0 0 0 
12910 2989 3272 0 3283 2126 0 0 0 0 
12920 2970 3250 0 3277 2154 0 0 0 0 
12930 2978 3264 0 3286 2186 0 0 0 0 
12940 2975 3249 0 3288 2233 0 0 0 0 
12950 2971 3261 0 3287 2254 0 0 0 0 
12960 2977 3261 0 3291 2273 0 0 0 0 
12970 2988 3263 0 3300 2310 0 0 0 0 
12980 2975 3264 0 3298 2330 0 0 0 0 
12990 2990 3272 0 3300 2364 0 0 0 0 
13000 2962 3266 0 3303 2376 0 0 0 0 
13010 2977 3281 0 3327 2409 0 0 0 0 
13020 2937 3268 0 3307 2414 0 0 0 0 
13030 2969 3294 0 3325 2451 0 0 0 0 
13040 2994 3296 0 3330 2473 0 0 0 0 
13050 3004 3289 0 3337 2501 0 0 0 0 
13060 2978 3260 0 3297 2475 0 0 0 0 
13070 2979 3262 0 3289 2482 0 0 0 0 
13080 2960 3248 0 3279 2480 0 0 0 0 
13090 2985 3277 0 3308 2521 0 0 0 0 
13100 2994 3281 0 3315 2555 0 0 0 0 
13110 2994 3281 0 3315 2570 0 0 0 0 
13120 2951 3283 0 3310 2584 0 0 0 0 
13130 2964 3293 0 3321 2593 0 0 0 0 
13140 2973 3273 0 3298 2607 0 0 0 0 
13150 2984 3272 0 3314 2641 0 0 0 0 
13160 2974 3271 0 3311 2653 0 0 0 0 
13170 2972 3259 0 3306 2666 0 0 0 0 
13180 2943 3250 0 3281 2643 0 0 0 0 
13190 2958 3262 0 3293 2679 0 0 0 0 
13200 2975 3281 0 3300 2704 0 0 0 0 
13210 2965 3267 0 3287 2705 0 0 0 0 
13220 2978 3280 0 3297 2709 0 0 0 0 
13230 2990 3265 0 3287 2715 0 0 0 0 
13240 3012 3269 0 3289 2723 0 0 0 0 
13250 2975 3263 0 3280 2738 0 0 0 0 
13260 2967 3263 0 3284 2751 0 0 0 0 
13270 2988 3287 0 3308 2791 0 0 0 0 
13280 3002 3277 0 3305 2805 0 0 0 0 
13290 3017 3286 0 3315 2827 0 0 0 0 
13300 3023 3290 0 3316 2831 0 0 0 0 
13310 3017 3282 0 3308 2833 0 0 0 0 
13320 3027 3264 0 3296 2848 0 0 0 0 
13330 3041 3269 0 3305 2876 0 0 0 0 
13340 3033 3256 0 3302 2884 0 0 0 0 
13350 3050 3290 0 3337 2929 0 0 0 0 
13360 3025 3272 0 3312 2917 0 0 0 0 
13370 3033 3285 0 3320 2942 0 0 0 0 
13380 3032 3285 0 3322 2957 0 0 0 0 
13390 3039 3297 0 3335 2976 0 0 0 0 
13400 3031 3268 0 3302 2966 0 0 0 0 
13410 3018 3299 0 3319 2988 0 0 0 0 
13420 2996 3283 0 3306 2986 0 0 0 0 
13430 2999 3298 0 3322 3023 0 0 0 0 
13440 2976 3272 0 3301 3026 0 0 0 0 
13450 2984 3260 0 3306 3045 0 0 0 0 
13460 2953 3253 0 3278 3042 0 0 0 0 
13470 2960 3286 0 3309 3080 0 0 0 0 
13480 2944 3246 0 3281 3064 0 0 0 0 
13490 2959 3254 0 3289 3068 0 0 0 0 
13500 2942 3250 0 3281 3066 0 0 0 0 
13510 2947 3255 0 3294 3085 0 0 0 0 
13520 2980 3263 0 3297 3098 0 0 0 0 
13530 2982 3271 0 3308 3115 0 0 0 0 
13540 2961 3239 0 3282 3106 0 0 0 0 
13550 2972 3229 0 3286 3119 5 0 0 0 
13560 2975 3243 0 3285 3135 8 0 0 0 
13570 2965 3264 0 3297 3162 7 0 0 0 
13580 2938 3260 0 3291 3167 6 0 0 0 
13590 2966 3266 0 3306 3196 4 0 0 0 
13600 2986 3283 0 3318 3229 4 0 0 0 
13610 2942 3276 0 3310 3216 4 0 0 0 
13620 2899 3251 0 3284 3189 4 0 0 0 
13630 2934 3286 0 3315 3230 3 0 0 0 
13640 2931 3295 0 3324 3246 5 0 0 0 
13650 2915 3291 0 3313 3247 6 0 0 0 
13660 2912 3291 0 3323 3256 8 0 0 0 
13670 2899 3270 0 3306 3246 6 0 0 0 
13680 2887 3250 0 3287 3231 5 0 0 0 
13690 2871 3248 0 3278 3212 3 0 0 0 
13700 2855 3227 0 3275 3203 0 0 0 0 
13710 2881 3244 0 3306 3234 0 0 0 0 
13720 2904 3255 0 3308 3243 2 0 0 0 
13730 2918 3265 0 3313 3255 0 0 0 0 
13740 2945 3271 0 3321 3273 0 0 0 0 
13750 2944 3274 0 3323 3283 2 0 0 0 
13760 2977 3292 0 3343 3309 2 0 0 0 
13770 2962 3276 0 3319 3280 2 0 0 0 
13780 2928 3279 0 3333 3287 2 0 0 0 
13790 2944 3278 0 3326 3280 1 0 0 0 
13800 2954 3279 0 3331 3297 1 0 0 0 
13810 2933 3276 0 3327 3292 1 0 0 0 
13820 2930 3271 0 3324 3289 1 0 0 0 
13830 2916 3263 0 3314 3275 1 0 0 0 
13840 2872 3252 0 3290 3255 0 0 0 0 
13850 2868 3248 0 3300 3256 0 0 0 0 
13860 2874 3260 0 3309 3276 0 0 0 0 
13870 2857 3245 0 3294 3268 2 0 0 0 
13880 2884 3252 0 3311 3277 4 0 0 0 
13890 2892 3261 0 3334 3293 3 0 0 0 
13900 2884 3254 0 3313 3272 3 0 0 0 
13910 2869 3239 0 3287 3247 2 0 0 0 
13920 2859 3237 0 3297 3254 2 0 0 0 
13930 2855 3255 0 3319 3280 2 0 0 0 
13940 2832 3258 0 3310 3270 2 0 0 0 
13950 2814 3253 0 3306 3268 2 0 0 0 
13960 2842 3253 0 3312 3273 2 0 0 0 
13970 2846 3252 0 3297 3257 2 0 0 0 
13980 2830 3245 0 3289 3246 2 0 0 0 
13990 2798 3257 0 3298 3250 2 0 0 0 
14000 2772 3233 0 3272 3220 2 0 0 0 
14010 2803 3232 0 3264 3210 2 0 0 0 
14020 2782 3223 0 3257 3199 2 0 0 0 
14030 2800 3245 0 3280 3223 3 0 0 0 
14040 2801 3261 0 3299 3241 4 0 0 0 
14050 2792 3255 0 3305 3249 3 0 0 0 
14060 2773 3247 0 3298 3246 2 0 0 0 
14070 2784 3263 0 3320 3269 1 0 0 0 
14080 2774 3257 0 3315 3255 0 0 0 0 
14090 2757 3259 0 3309 3242 0 0 0 0 
14100 2760 3252 0 3307 3240 0 0 0 0 
14110 2765 3244 0 3300 3239 0 0 0 0 
14120 2745 3249 0 3305 3253 0 0 0 0 
14130 2753 3237 0 3304 3253 0 0 0 0 
14140 2764 3241 0 3315 3262 0 0 0 0 
14150 2771 3265 0 3346 3296 0 0 0 0 
14160 2762 3257 0 3331 3281 0 0 0 0 
14170 2753 3268 0 3328 3269 0 0 0 0 
14180 2731 3270 0 3329 3268 0 0 0 0 
14190 2678 3255 0 3304 3241 0 0 0 0 
14200 2683 3262 0 3308 3251 0 0 0 0 
14210 2685 3257 0 3307 3256 0 0 0 0 
14220 2692 3251 0 3293 3245 0 0 0 0 
14230 2637 3224 0 3285 3222 0 0 0 0 
14240 2655 3250 0 3317 3252 0 0 0 0 
14250 2652 3267 0 3324 3266 0 0 0 0 
14260 2625 3252 0 3319 3259 0 0 0 0 
14270 2643 3262 0 3326 3266 0 0 0 0 
14280 2643 3272 0 3326 3277 0 0 0 0 
14290 2650 3261 0 3316 3263 0 0 0 0 
14300 2650 3268 0 3319 3275 0 0 0 0 
14310 2677 3281 0 3325 3289 0 0 0 0 
14320 2658 3290 0 3335 3296 0 0 0 0 
14330 2689 3294 0 3334 3295 0 0 0 0 
14340 2705 3282 0 3321 3281 0 0 0 0 
14350 2712 3289 0 3327 3283 0 0 0 0 
14360 2708 3282 0 3313 3273 0 0 0 0 
14370 2697 3275 0 3296 3249 0 0 0 0 
14380 2693 3285 0 3304 3261 0 0 0 0 
14390 2680 3276 0 3296 3257 0 0 0 0 
14400 2682 3285 0 3300 3259 0 0 0 0 
14410 2688 3261 0 3284 3240 0 0 0 0 
14420 2706 3264 0 3290 3252 0 0 0 0 
14430 2700 3253 0 3272 3228 0 0 0 0 
14440 2720 3267 0 3290 3246 0 0 0 0 
14450 2752 3263 0 3286 3233 0 0 0 0 
14460 2794 3297 0 3319 3262 0 0 0 0 
14470 2762 3270 0 3298 3242 0 0 0 0 
14480 2788 3281 0 3305 3261 0 0 0 0 
14490 2791 3280 0 3309 3258 0 0 0 0 
14500 2807 3304 0 3322 3276 0 0 0 0 
14510 2813 3300 0 3336 3290 0 0 0 0 
14520 2812 3285 0 3316 3278 0 0 0 0 
14530 2808 3299 0 3323 3286 0 0 0 0 
14540 2782 3308 0 3322 3282 0 0 0 0 
14550 2788 3309 0 3321 3282 0 0 0 0 
14560 2778 3291 0 3305 3266 0 0 0 0 
14570 2784 3295 0 3309 3269 0 0 0 0 
14580 2784 3284 0 3300 3267 0 0 0 0 
14590 2784 3281 0 3300 3257 0 0 0 0 
14600 2755 3262 0 3285 3247 0 0 0 0 
14610 2786 3252 0 3287 3252 0 0 0 0 
14620 2760 3249 0 3284 3253 0 0 0 0 
14630 2760 3246 0 3281 3253 0 0 0 0 
14640 2770 3256 0 3285 3250 0 0 0 0 
14650 2773 3245 0 3278 3245 0 0 0 0 
14660 2755 3257 0 3289 3254 0 0 0 0 
14670 2768 3280 0 3301 3264 0 0 0 0 
14680 2788 3294 0 3317 3269 0 0 0 0 
14690 2805 3287 0 3324 3280 0 0 0 0 
14700 2800 3283 0 3326 3290 0 0 0 0 
14710 2778 3274 0 3298 3261 0 0 0 0 
14720 2806 3274 0 3311 3282 0 0 0 0 
14730 2818 3300 0 3325 3298 0 0 0 0 
14740 2810 3293 0 3326 3295 0 0 0 0 
14750 2817 3299 0 3331 3306 0 0 0 0 
14760 2832 3298 0 3332 3303 0 0 0 0 
14770 2841 3313 0 3345 3311 0 0 0 0 
14780 2807 3295 0 3317 3283 0 0 0 0 
14790 2810 3295 0 3316 3285 0 0 0 0 
14800 2834 3275 0 3310 3281 0 0 0 0 
14810 2833 3270 0 3309 3280 0 0 0 0 
14820 2853 3269 0 3311 3284 0 0 0 0 
14830 2874 3274 0 3308 3282 0 0 0 0 
14840 2897 3271 0 3306 3276 0 0 0 0 
14850 2926 3277 0 3318 3284 0 0 0 0 
14860 2910 3271 0 3307 3277 0 0 0 0 
14870 2893 3271 0 3300 3260 0 0 0 0 
14880 2930 3312 0 3329 3283 0 0 0 0 
14890 2950 3315 0 3341 3284 0 0 0 0 
14900 2961 3322 0 3340 3283 0 0 0 0 
14910 2963 3310 0 3320 3282 0 0 0 0 
14920 2962 3294 0 3318 3269 0 0 0 0 
14930 2971 3285 0 3321 3270 0 0 0 0 
14940 2981 3284 0 3325 3285 0 0 0 0 
14950 2983 3282 0 3330 3296 0 0 0 0 
14960 2985 3304 0 3346 3308 0 0 0 0 
14970 2968 3274 0 3322 3289 0 0 0 0 
14980 2973 3280 0 3311 3280 0 0 0 0 
14990 2985 3317 0 3333 3303 0 0 0 0 
15000 2986 3297 0 3325 3295 0 0 0 0 
15010 2993 3295 0 3329 3300 0 0 0 0 
15020 2995 3302 0 3338 3319 0 0 0 0 
15030 2983 3291 0 3334 3298 0 0 0 0 
15040 2976 3288 0 3329 3286 0 0 0 0 
15050 3002 3304 0 3343 3286 0 0 0 0 
15060 3000 3304 0 3340 3276 0 0 0 0 
15070 2963 3283 0 3322 3263 0 0 0 0 
15080 2962 3280 0 3319 3269 0 0 0 0 
15090 2968 3280 0 3326 3265 0 0 0 0 
15100 2975 3289 0 3321 3266 0 0 0 0 
15110 2978 3280 0 3318 3266 0 0 0 0 
15120 2981 3290 0 3314 3269 0 0 0 0 
15130 2976 3283 0 3304 3264 0 0 0 0 
15140 2944 3260 0 3290 3254 0 0 0 0 
15150 2956 3283 0 3305 3269 0 0 0 0 
15160 2966 3257 0 3295 3265 0 0 0 0 
15170 2979 3284 0 3316 3281 0 0 0 0 
15180 2975 3276 0 3315 3285 0 0 0 0 
15190 2981 3285 0 3319 3287 0 0 0 0 
15200 2979 3294 0 3331 3294 0 0 0 0 
15210 2958 3267 0 3310 3271 0 0 0 0 
15220 2960 3266 0 3316 3277 0 0 0 0 
15230 2937 3272 0 3312 3262 0 0 0 0 
15240 2927 3276 0 3313 3266 0 0 0 0 
15250 2930 3282 0 3322 3273 0 0 0 0 
15260 2938 3276 0 3307 3258 0 0 0 0 
15270 2974 3294 0 3327 3286 0 0 0 0 
15280 3001 3318 0 3341 3298 0 0 0 0 
15290 2975 3292 0 3314 3280 0 0 0 0 
15300 2978 3289 0 3315 3283 0 0 0 0 
15310 2983 3258 0 3297 3277 0 0 0 0 
15320 2968 3259 0 3288 3269 0 0 0 0 
15330 2990 3262 0 3300 3275 0 0 0 0 
15340 2972 3265 0 3287 3263 0 0 0 0 
15350 2966 3249 0 3273 3249 0 0 0 0 
15360 2990 3267 0 3281 3262 0 0 0 0 
15370 3004 3306 0 3309 3281 0 0 0 0 
15380 2988 3286 0 3302 3276 0 0 0 0 
15390 2982 3292 0 3315 3284 0 0 0 0 
15400 3001 3291 0 3324 3291 0 0 0 0 
15410 2976 3270 0 3301 3273 0 0 0 0 
15420 3028 3287 0 3321 3297 0 0 0 0 
15430 3003 3300 0 3334 3301 0 0 0 0 
15440 2975 3272 0 3306 3271 0 0 0 0 
15450 2970 3246 0 3275 3236 0 0 0 0 
15460 2984 3259 0 3299 3255 0 0 0 0 
15470 3001 3248 0 3287 3233 0 0 0 0 
15480 3025 3264 0 3293 3240 0 0 0 0 
15490 3019 3272 0 3298 3237 0 0 0 0 
15500 3043 3292 0 3310 3247 0 0 0 0 
15510 3029 3286 0 3306 3247 0 0 0 0 
15520 3055 3295 0 3307 3257 0 0 0 0 
15530 3047 3294 0 3307 3259 0 0 0 0 
15540 3057 3288 0 3321 3277 0 0 0 0 
15550 3056 3289 0 3321 3281 0 0 0 0 
15560 3057 3278 0 3316 3282 0 0 0 0 
15570 3039 3288 0 3325 3284 0 0 0 0 
15580 3074 3279 0 3325 3286 0 0 0 0 
15590 3076 3276 0 3313 3263 0 0 0 0 
15600 3110 3283 0 3331 3282 0 0 0 0 
15610 3096 3258 0 3309 3262 0 0 0 0 
15620 3111 3237 0 3293 3242 0 0 0 0 
15630 3107 3226 0 3299 3255 0 0 0 0 
15640 3128 3222 0 3295 3252 0 0 0 0 
15650 3134 3227 0 3296 3249 0 0 0 0 
15660 3130 3221 0 3296 3251 0 0 0 0 
15670 3135 3237 0 3305 3269 0 0 0 0 
15680 3152 3242 0 3304 3261 0 0 0 0 
15690 3147 3222 0 3301 3262 0 0 0 0 
15700 3149 3249 0 3321 3286 0 0 0 0 
15710 3168 3265 0 3323 3284 0 0 0 0 
15720 3167 3281 0 3324 3280 0 0 0 0 
15730 3161 3257 0 3303 3263 0 0 0 0 
15740 3145 3252 0 3288 3245 0 0 0 0 
15750 3127 3244 0 3284 3234 0 0 0 0 
15760 3140 3252 0 3297 3252 0 0 0 0 
15770 3133 3249 0 3292 3247 0 0 0 0 
15780 3131 3248 0 3299 3246 0 0 0 0 
15790 3141 3267 0 3320 3269 0 0 0 0 
15800 3145 3238 0 3310 3272 0 0 0 0 
15810 3167 3263 0 3332 3286 0 0 0 0 
15820 3129 3245 0 3303 3255 0 0 0 0 
15830 3139 3251 0 3316 3270 0 0 0 0 
15840 3108 3237 0 3303 3265 0 0 0 0 
15850 3129 3244 0 3319 3284 0 0 0 0 
15860 3106 3248 0 3321 3292 0 0 0 0 
15870 3098 3243 0 3313 3284 0 0 0 0 
15880 3093 3233 0 3304 3270 0 0 0 0 
15890 3084 3225 0 3287 3241 0 0 0 0 
15900 3101 3259 0 3308 3268 0 0 0 0 
15910 3119 3246 0 3289 3239 0 0 0 0 
15920 3127 3245 0 3290 3240 0 0 0 0 
15930 3135 3272 0 3306 3257 0 0 0 0 
15940 3127 3275 0 3306 3254 0 0 0 0 
15950 3134 3279 0 3312 3257 0 0 0 0 
15960 3139 3275 0 3303 3250 0 0 0 0 
15970 3141 3272 0 3305 3251 0 0 0 0 
15980 3119 3252 0 3287 3233 0 0 0 0 
15990 3106 3250 0 3272 3221 0 0 0 0 
16000 3133 3280 0 3305 3256 0 0 0 0 
16010 3132 3276 0 3309 3257 0 0 0 0 
16020 3133 3280 0 3306 3250 0 0 0 0 
16030 3116 3269 0 3292 3250 0 0 0 0 
16040 3110 3273 0 3276 3225 0 0 0 0 
16050 3107 3261 0 3269 3217 0 0 0 0 
16060 3090 3231 0 3240 3192 0 0 0 0 
16070 3114 3261 0 3267 3218 0 0 0 0 
16080 3120 3261 0 3276 3231 0 0 0 0 
16090 3108 3238 0 3269 3221 0 0 0 0 
16100 3150 3269 0 3292 3241 0 0 0 0 
16110 3139 3239 0 3277 3228 0 0 0 0 
16120 3148 3249 0 3289 3236 0 0 0 0 
16130 3145 3242 0 3289 3230 0 0 0 0 
16140 3163 3247 0 3298 3254 0 0 0 0 
16150 3144 3233 0 3281 3220 0 0 0 0 
16160 3135 3252 0 3289 3228 0 0 0 0 
16170 3140 3234 0 3277 3223 0 0 0 0 
16180 3114 3216 0 3249 3198 0 0 0 0 
16190 3139 3229 0 3270 3223 0 0 0 0 
16200 3163 3236 0 3282 3239 0 0 0 0 
16210 3167 3239 0 3292 3238 0 0 0 0 
16220 3185 3270 0 3314 3254 0 0 0 0 
16230 3166 3234 0 3287 3233 0 0 0 0 
16240 3199 3273 0 3319 3266 0 0 0 0 
16250 3199 3256 0 3303 3257 0 0 0 0 
16260 3228 3268 0 3325 3279 0 0 0 0 
16270 3215 3281 0 3329 3289 0 0 0 0 
16280 3207 3275 0 3315 3273 0 0 0 0 
16290 3208 3264 0 3316 3273 0 0 0 0 
16300 3191 3265 0 3305 3264 0 0 0 0 
16310 3190 3274 0 3312 3280 0 0 0 0 
16320 3185 3274 0 3315 3281 0 0 0 0 
16330 3189 3277 0 3313 3286 0 0 0 0 
16340 3202 3283 0 3322 3299 0 0 0 0 
16350 3188 3279 0 3313 3300 0 0 0 0 
16360 3195 3275 0 3311 3286 0 0 0 0 
16370 3183 3263 0 3308 3282 0 0 0 0 
16380 3177 3271 0 3310 3282 0 0 0 0 
16390 3186 3279 0 3313 3292 0 0 0 0 
16400 3176 3272 0 3302 3272 0 0 0 0 
16410 3147 3247 0 3281 3241 0 0 0 0 
16420 3133 3245 0 3277 3233 0 0 0 0 
16430 3132 3240 0 3281 3248 0 0 0 0 
16440 3167 3274 0 3321 3290 0 0 0 0 
16450 3161 3268 0 3320 3291 0 0 0 0 
16460 3160 3255 0 3303 3280 0 0 0 0 
16470 3169 3258 0 3306 3287 0 0 0 0 
16480 3175 3287 0 3321 3296 0 0 0 0 
16490 3185 3272 0 3317 3296 0 0 0 0 
16500 3173 3259 0 3308 3278 0 0 0 0 
16510 3175 3250 0 3304 3273 0 0 0 0 
16520 3209 3267 0 3323 3286 0 0 0 0 
16530 3162 3237 0 3284 3245 0 0 0 0 
16540 3165 3262 0 3290 3250 0 0 0 0 
16550 3188 3272 0 3302 3251 0 0 0 0 
16560 3176 3285 0 3303 3250 0 0 0 0 
16570 3187 3302 0 3328 3273 0 0 0 0 
16580 3173 3277 0 3300 3251 0 0 0 0 
16590 3167 3274 0 3298 3256 0 0 0 0 
16600 3106 3279 0 3287 3241 0 0 0 0 
16610 3103 3259 0 3292 3242 0 0 0 0 
16620 3127 3273 0 3306 3261 0 0 0 0 
16630 3145 3281 0 3321 3273 0 0 0 0 
16640 3127 3282 0 3315 3265 0 0 0 0 
16650 3139 3256 0 3292 3258 0 0 0 0 
16660 3136 3255 0 3298 3258 0 0 0 0 
16670 3139 3260 0 3296 3266 0 0 0 0 
16680 3155 3271 0 3305 3277 0 0 0 0 
16690 3156 3268 0 3306 3272 0 0 0 0 
16700 3159 3273 0 3319 3282 0 0 0 0 
16710 3167 3273 0 3325 3270 0 0 0 0 
16720 3182 3270 0 3329 3288 0 0 0 0 
16730 3201 3280 0 3328 3291 0 0 0 0 
16740 3193 3273 0 3326 3280 0 0 0 0 
16750 3202 3275 0 3319 3279 0 0 0 0 
16760 3183 3266 0 3306 3262 0 0 0 0 
16770 3194 3285 0 3321 3280 0 0 0 0 
16780 3174 3290 0 3317 3279 0 0 0 0 
16790 3195 3313 0 3339 3289 0 0 0 0 
16800 3149 3287 0 3308 3260 0 0 0 0 
16810 3162 3291 0 3316 3258 0 0 0 0 
16820 3177 3287 0 3330 3268 0 0 0 0 
16830 3166 3268 0 3305 3251 0 0 0 0 
16840 3151 3254 0 3299 3248 0 0 0 0 
16850 3142 3247 0 3308 3256 0 0 0 0 
16860 3130 3243 0 3293 3251 0 0 0 0 
16870 3156 3265 0 3320 3281 0 0 0 0 
16880 3152 3272 0 3326 3286 0 0 0 0 
16890 3139 3268 0 3315 3266 0 0 0 0 
16900 3157 3271 0 3308 3267 0 0 0 0 
16910 3147 3270 0 3314 3271 0 0 0 0 
16920 3125 3259 0 3312 3261 0 0 0 0 
16930 3110 3241 0 3288 3239 0 0 0 0 
16940 3141 3255 0 3314 3272 0 0 0 0 
16950 3155 3285 0 3333 3289 0 0 0 0 
16960 3142 3274 0 3324 3279 0 0 0 0 
16970 3134 3260 0 3301 3262 0 0 0 0 
16980 3136 3276 0 3309 3274 0 0 0 0 
16990 3177 3294 0 3322 3293 0 0 0 0 
17000 3162 3281 0 3303 3266 0 0 0 0 
17010 3179 3295 0 3319 3288 0 0 0 0 
17020 3160 3285 0 3315 3279 0 0 0 0 
17030 3150 3275 0 3308 3275 0 0 0 0 
17040 3184 3283 0 3323 3290 0 0 0 0 
17050 3175 3257 0 3295 3257 0 0 0 0 
17060 3175 3269 0 3301 3263 0 0 0 0 
17070 3157 3267 0 3290 3253 0 0 0 0 
17080 3178 3283 0 3299 3274 0 0 0 0 
17090 3179 3296 0 3320 3287 0 0 0 0 
17100 3176 3304 0 3312 3268 0 0 0 0 
17110 3179 3301 0 3316 3269 0 0 0 0 
17120 3196 3305 0 3322 3272 0 0 0 0 
17130 3175 3287 0 3312 3261 0 0 0 0 
17140 3172 3282 0 3308 3250 0 0 0 0 
17150 3156 3263 0 3293 3233 0 0 0 0 
17160 3175 3269 0 3312 3249 0 0 0 0 
17170 3194 3268 0 3315 3254 0 0 0 0 
17180 3187 3285 0 3310 3250 0 0 0 0 
17190 3193 3294 0 3310 3256 0 0 0 0 
17200 3182 3298 0 3310 3261 0 0 0 0 
17210 3216 3310 0 3337 3285 0 0 0 0 
17220 3190 3295 0 3325 3279 0 0 0 0 
17230 3190 3284 0 3313 3267 0 0 0 0 
17240 3213 3304 0 3328 3274 0 0 0 0 
17250 3222 3299 0 3328 3266 0 0 0 0 
17260 3243 3318 0 3340 3286 0 0 0 0 
17270 3199 3277 0 3305 3254 0 0 0 0 
17280 3166 3260 0 3294 3241 0 0 0 0 
17290 3164 3265 0 3302 3245 0 0 0 0 
17300 3191 3275 0 3319 3278 0 0 0 0 
17310 3157 3249 0 3302 3259 0 0 0 0 
17320 3182 3277 0 3334 3283 0 0 0 0 
17330 3174 3270 0 3321 3273 0 0 0 0 
17340 3189 3286 0 3325 3281 0 0 0 0 
17350 3168 3268 0 3315 3257 0 0 0 0 
17360 3133 3264 0 3300 3249 0 0 0 0 
17370 3134 3272 0 3290 3241 0 0 0 0 
17380 3143 3289 0 3316 3259 0 0 0 0 
17390 3144 3297 0 3320 3268 0 0 0 0 
17400 3145 3293 0 3328 3289 0 0 0 0 
17410 3139 3277 0 3317 3276 0 0 0 0 
17420 3142 3260 0 3298 3269 0 0 0 0 
17430 3130 3260 0 3301 3267 0 0 0 0 
17440 3146 3271 0 3315 3280 0 0 0 0 
17450 3154 3253 0 3307 3280 0 0 0 0 
17460 3178 3266 0 3321 3286 0 0 0 0 
17470 3169 3272 0 3323 3285 0 0 0 0 
17480 3185 3280 0 3336 3290 0 0 0 0 
17490 3145 3244 0 3313 3271 4 0 0 0 
17500 3139 3244 0 3306 3266 3 0 0 0 
17510 3141 3251 0 3309 3275 0 0 0 0 
17520 3133 3252 0 3312 3276 0 0 0 0 
17530 3174 3274 0 3331 3292 0 0 0 0 
17540 3170 3267 0 3316 3281 0 0 0 0 
17550 3158 3248 0 3300 3271 0 0 0 0 
17560 3181 3264 0 3315 3288 0 0 0 0 
17570 3171 3247 0 3293 3267 0 0 0 0 
17580 3167 3243 0 3303 3276 0 0 0 0 
17590 3163 3247 0 3297 3276 0 0 0 0 
17600 3137 3240 0 3287 3259 0 0 0 0 
17610 3154 3264 0 3304 3272 0 0 0 0 
17620 3169 3281 0 3318 3290 0 0 0 0 
17630 3154 3258 0 3297 3265 0 0 0 0 
17640 3128 3253 0 3297 3268 0 0 0 0 
17650 3140 3268 0 3304 3285 0 0 0 0 
17660 3128 3255 0 3287 3265 2 0 0 0 
17670 3123 3255 0 3284 3265 1 0 0 0 
17680 3117 3257 0 3291 3277 1 0 0 0 
17690 3105 3228 0 3269 3256 1 0 0 0 
17700 3110 3229 0 3285 3261 1 0 0 0 
17710 3107 3228 0 3284 3252 1 0 0 0 
17720 3115 3231 0 3287 3243 0 0 0 0 
17730 3117 3257 0 3309 3264 0 0 0 0 
17740 3108 3244 0 3300 3253 0 0 0 0 
17750 3120 3240 0 3293 3259 0 0 0 0 
17760 3139 3259 0 3313 3264 0 0 0 0 
17770 3142 3263 0 3314 3261 0 0 0 0 
17780 3165 3296 0 3331 3278 0 0 0 0 
17790 3177 3301 0 3332 3278 0 0 0 0 
17800 3155 3290 0 3331 3283 0 0 0 0 
17810 3188 3309 0 3345 3288 0 0 0 0 
17820 3212 3314 0 3344 3290 0 0 0 0 
17830 3203 3310 0 3338 3274 0 0 0 0 
17840 3191 3305 0 3336 3276 0 0 0 0 
17850 3208 3298 0 3334 3279 0 0 0 0 
17860 3211 3316 0 3337 3275 0 0 0 0 
17870 3186 3292 0 3323 3260 0 0 0 0 
17880 3160 3286 0 3311 3247 0 0 0 0 
17890 3156 3289 0 3315 3245 0 0 0 0 
17900 3163 3283 0 3333 3269 0 0 0 0 
17910 3157 3252 0 3313 3252 0 0 0 0 
17920 3164 3244 0 3299 3243 0 0 0 0 
17930 3159 3230 0 3300 3254 0 0 0 0 
17940 3155 3237 0 3297 3250 0 0 0 0 
17950 3142 3247 0 3303 3253 0 0 0 0 
17960 3149 3237 0 3295 3237 0 0 0 0 
17970 3148 3248 0 3304 3241 0 0 0 0 
17980 3140 3244 0 3296 3234 0 0 0 0 
17990 3149 3251 0 3306 3254 0 0 0 0 
18000 3174 3264 0 3317 3280 0 0 0 0 
18010 3161 3255 0 3301 3256 0 0 0 0 
18020 3198 3274 0 3329 3289 0 0 0 0 
18030 3199 3264 0 3323 3285 0 0 0 0 
18040 3198 3267 0 3330 3290 0 0 0 0 
18050 3169 3254 0 3318 3273 0 0 0 0 
18060 3173 3258 0 3321 3284 0 0 0 0 
18070 3136 3233 0 3303 3268 0 0 0 0 
18080 3135 3249 0 3304 3267 0 0 0 0 
18090 3118 3223 0 3280 3242 0 0 0 0 
18100 3119 3251 0 3287 3241 0 0 0 0 
18110 3108 3235 0 3272 3234 0 0 0 0 
18120 3113 3244 0 3279 3243 0 0 0 0 
18130 3111 3248 0 3284 3235 0 0 0 0 
18140 3103 3245 0 3281 3232 0 0 0 0 
18150 3119 3260 0 3302 3253 0 0 0 0 
18160 3116 3262 0 3315 3275 0 0 0 0 
18170 3119 3251 0 3312 3272 0 0 0 0 
18180 3124 3250 0 3299 3270 0 0 0 0 
18190 3124 3244 0 3301 3272 0 0 0 0 
18200 3133 3267 0 3307 3276 0 0 0 0 
18210 3123 3274 0 3307 3275 0 0 0 0 
18220 3114 3283 0 3316 3280 0 0 0 0 
18230 3103 3271 0 3314 3275 0 0 0 0 
18240 3115 3287 0 3329 3280 0 0 0 0 
18250 3121 3287 0 3332 3283 0 0 0 0 
18260 3141 3308 0 3346 3291 0 0 0 0 
18270 3141 3300 0 3345 3295 0 0 0 0 
18280 3141 3302 0 3341 3302 0 0 0 0 
18290 3127 3281 0 3332 3279 0 0 0 0 
18300 3135 3279 0 3327 3286 0 0 0 0 
18310 3132 3305 0 3350 3303 0 0 0 0 
18320 3111 3304 0 3347 3306 0 0 0 0 
18330 3134 3326 0 3364 3322 0 0 0 0 
18340 3114 3294 0 3336 3295 0 0 0 0 
18350 3141 3285 0 3336 3302 0 0 0 0 
18360 3142 3280 0 3333 3302 0 0 0 0 
18370 3147 3279 0 3331 3293 0 0 0 0 
18380 3159 3284 0 3331 3299 0 0 0 0 
18390 3154 3261 0 3306 3279 0 0 0 0 
18400 3192 3268 0 3329 3295 0 0 0 0 
18410 3176 3260 0 3322 3285 0 0 0 0 
18420 3178 3254 0 3315 3283 0 0 0 0 
18430 3156 3231 0 3287 3248 0 0 0 0 
18440 3157 3228 0 3303 3253 0 0 0 0 
18450 3177 3243 0 3320 3270 0 0 0 0 
18460 3197 3264 0 3333 3284 0 0 0 0 
18470 3181 3254 0 3320 3272 0 0 0 0 
18480 3187 3250 0 3312 3265 0 0 0 0 
18490 3168 3243 0 3299 3248 0 0 0 0 
18500 3170 3239 0 3302 3250 0 0 0 0 
18510 3185 3256 0 3308 3267 0 0 0 0 
18520 3193 3283 0 3330 3280 0 0 0 0 
18530 3187 3267 0 3320 3275 0 0 0 0 
18540 3185 3293 0 3324 3279 0 0 0 0 
18550 3188 3306 0 3333 3287 0 0 0 0 
18560 3162 3268 0 3302 3246 0 0 0 0 
18570 3152 3251 0 3275 3225 0 0 0 0 
18580 3185 3258 0 3294 3247 0 0 0 0 
18590 3175 3256 0 3293 3231 0 0 0 0 
18600 3172 3250 0 3286 3214 0 0 0 0 
18610 3146 3231 0 3257 3189 0 0 0 0 
18620 3187 3268 0 3308 3242 0 0 0 0 
18630 3177 3266 0 3296 3235 0 0 0 0 
18640 3187 3256 0 3299 3246 0 0 0 0 
18650 3200 3253 0 3314 3264 0 0 0 0 
18660 3208 3263 0 3311 3254 0 0 0 0 
18670 3211 3259 0 3315 3258 0 0 0 0 
18680 3203 3264 0 3312 3246 0 0 0 0 
18690 3230 3286 0 3337 3274 0 0 0 0 
18700 3212 3264 0 3320 3255 0 0 0 0 
18710 3195 3271 0 3311 3252 0 0 0 0 
18720 3167 3252 0 3291 3235 0 0 0 0 
18730 3182 3274 0 3306 3254 0 0 0 0 
18740 3173 3260 0 3294 3244 0 0 0 0 
18750 3192 3269 0 3302 3254 0 0 0 0 
18760 3213 3287 0 3318 3279 0 0 0 0 
18770 3222 3298 0 3328 3291 0 0 0 0 
18780 3217 3301 0 3332 3293 0 0 0 0 
18790 3222 3294 0 3339 3300 0 0 0 0 
18800 3204 3293 0 3340 3280 0 0 0 0 
18810 3209 3289 0 3333 3284 0 0 0 0 
18820 3211 3305 0 3337 3283 0 0 0 0 
18830 3223 3303 0 3331 3291 0 0 0 0 
18840 3225 3300 2 3329 3302 2 0 0 0 
18850 3214 3291 1 3318 3299 1 0 0 0 
18860 3212 3301 1 3321 3291 1 0 0 0 
18870 3190 3280 1 3307 3277 1 0 0 0 
18880 3166 3271 1 3307 3287 1 0 0 0 
18890 3165 3263 1 3299 3278 1 0 0 0 
18900 3159 3263 1 3298 3261 1 0 0 0 
18910 3150 3275 1 3304 3264 1 0 0 0 
18920 3113 3279 1 3299 3265 1 0 0 0 
18930 3124 3274 1 3302 3256 1 0 0 0 
18940 3141 3270 0 3302 3269 0 0 0 0 
18950 3117 3273 0 3292 3261 0 0 0 0 
18960 3105 3264 0 3293 3243 0 0 0 0 
18970 3108 3252 0 3283 3238 0 0 0 0 
18980 3086 3256 0 3276 3234 0 0 0 0 
18990 3081 3249 0 3265 3222 0 0 0 0 
19000 3092 3250 0 3272 3234 0 0 0 0 
19010 3067 3235 0 3255 3221 0 0 0 0 
19020 3086 3245 0 3282 3252 0 0 0 0 
19030 3101 3256 0 3290 3268 0 0 0 0 
19040 3106 3270 0 3301 3275 0 0 0 0 
19050 3096 3257 0 3298 3255 0 0 0 0 
19060 3109 3265 0 3308 3267 0 0 0 0 
19070 3110 3262 0 3310 3265 0 0 0 0 
19080 3092 3259 0 3301 3257 0 0 0 0 
19090 3079 3247 0 3295 3254 0 0 0 0 
19100 3110 3269 0 3315 3270 0 0 0 0 
19110 3134 3280 0 3328 3275 0 0 0 0 
19120 3119 3267 0 3302 3252 0 0 0 0 
19130 3113 3286 0 3318 3267 0 0 0 0 
19140 3133 3290 0 3331 3288 0 0 0 0 
19150 3149 3291 0 3325 3284 0 0 0 0 
19160 3140 3285 0 3324 3276 0 0 0 0 
19170 3119 3273 0 3300 3256 0 0 0 0 
19180 3120 3256 0 3280 3243 0 0 0 0 
19190 3117 3267 0 3286 3245 0 0 0 0 
19200 3107 3292 0 3304 3248 0 0 0 0 
19210 3116 3293 0 3310 3255 0 0 0 0 
19220 3115 3299 0 3314 3263 0 0 0 0 
19230 3098 3289 0 3297 3247 0 0 0 0 
19240 3133 3300 0 3311 3267 0 0 0 0 
19250 3133 3301 1 3320 3267 1 1 0 0 
19260 3082 3240 74 3250 3203 74 73 0 0 
19270 3030 3180 133 3192 3146 142 142 0 0 
19280 2996 3131 174 3151 3108 188 180 0 0 
19290 2958 3085 184 3108 3065 236 231 0 0 
19300 2902 3028 228 3057 3005 270 267 0 0 
19310 2847 2969 297 2997 2943 328 321 0 0 
19320 2776 2899 335 2925 2863 421 415 0 0 
19330 2735 2853 348 2878 2819 450 445 0 0 
19340 2697 2810 314 2894 2784 487 485 0 0 
19350 2714 2785 290 2920 2752 513 511 0 0 
19360 2708 2767 278 2943 2736 529 535 0 0 
19370 2706 2755 263 2939 2709 558 560 0 0 
19380 2725 2728 248 2966 2691 584 579 0 0 
19390 2735 2719 249 2990 2700 613 583 0 0 
19400 2758 2699 227 3017 2673 625 600 0 0 
19410 2773 2720 221 3032 2681 632 618 0 0 
19420 2821 2717 197 3069 2672 642 629 0 0 
19430 2818 2716 192 3072 2674 658 640 0 0 
19440 2833 2736 186 3069 2688 661 646 0 0 
19450 2832 2728 181 3079 2676 679 662 0 0 
19460 2841 2709 174 3080 2668 706 695 0 0 
19470 2786 2672 173 3035 2627 742 727 0 0 
19480 2819 2637 191 3051 2595 776 755 0 0 
19490 2855 2647 202 3040 2603 789 760 0 0 
19500 2842 2694 193 3056 2620 789 723 0 0 
19510 2846 2694 220 3032 2616 813 750 0 0 
19520 2858 2688 208 3037 2625 810 774 0 0 
19530 2876 2710 192 3056 2657 829 793 0 0 
19540 2883 2723 187 3065 2674 838 810 0 0 
19550 2878 2705 185 3069 2658 867 845 0 0 
19560 2881 2680 172 3071 2619 882 863 0 0 
19570 2895 2672 171 3083 2618 925 919 0 0 
19580 2893 2667 167 3078 2618 938 926 0 0 
19590 2900 2695 165 3080 2650 953 943 0 0 
19600 2901 2704 165 3080 2664 966 954 0 0 
19610 2906 2706 162 3085 2655 1012 997 0 0 
19620 2916 2713 227 3092 2601 1005 992 67 61 
19630 2928 2718 267 3089 2579 1004 998 99 98 
19640 2936 2738 331 3094 2513 1007 998 164 161 
19650 2942 2736 361 3090 2487 1010 994 198 193 
19660 2958 2749 395 3097 2458 1019 1001 214 211 
19670 2956 2741 395 3092 2449 1020 995 224 212 
19680 2961 2751 409 3096 2482 1013 991 243 227 
19690 2967 2767 420 3102 2514 1016 986 259 230 
19700 2970 2784 442 3106 2545 1013 988 285 257 
19710 2979 2784 448 3114 2544 1019 1000 298 270 
19720 3005 2818 461 3145 2560 1018 999 328 300 
19730 3019 2834 488 3160 2580 1027 1005 355 329 
19740 3015 2844 498 3159 2610 1022 1008 375 344 
19750 3048 2877 535 3191 2649 1035 1017 422 380 
19760 3052 2877 571 3188 2618 1060 1034 459 420 
19770 3069 2897 592 3203 2654 1058 1045 483 432 
19780 3073 2901 609 3196 2645 1078 1051 498 461 
19790 3099 2938 651 3223 2661 1104 1076 542 497 
19800 3103 2950 675 3222 2682 1106 1068 568 509 
19810 3111 2961 689 3221 2695 1095 1061 574 514 
19820 3124 2970 707 3228 2692 1093 1060 587 525 
19830 3130 2998 725 3229 2721 1096 1071 612 533 
19840 3155 3027 751 3240 2732 1110 1070 649 559 
19850 3170 3038 771 3248 2707 1119 1083 676 567 
19860 3181 3067 802 3256 2713 1133 1091 708 612 
19870 3175 3070 802 3244 2729 1123 1077 711 629 
19880 3186 3091 816 3261 2744 1127 1081 736 658 
19890 3189 3099 855 3256 2731 1155 1105 776 707 
19900 3198 3115 879 3268 2714 1179 1124 797 727 
19910 3198 3129 890 3267 2709 1180 1123 815 741 
19920 3194 3134 899 3262 2676 1187 1124 826 749 
19930 3185 3121 904 3255 2690 1184 1126 827 754 
19940 3208 3136 945 3272 2701 1218 1163 873 792 
19950 3222 3144 961 3277 2705 1231 1183 882 790 
19960 3237 3174 1007 3294 2723 1264 1213 935 835 
19970 3236 3193 1041 3295 2746 1284 1238 977 870 
19980 3230 3184 1044 3280 2742 1278 1234 968 859 
19990 3237 3197 1076 3280 2719 1299 1254 999 902 
20000 3232 3206 1100 3282 2710 1307 1263 1021 922 
20010 3233 3210 1098 3280 2722 1314 1262 1021 916 
20020 3234 3217 1134 3287 2692 1341 1290 1057 944 
20030 3242 3215 1144 3287 2713 1345 1295 1064 944 
20040 3248 3222 1169 3292 2710 1369 1322 1090 979 
20050 3256 3224 1183 3301 2716 1385 1344 1110 995 
20060 3249 3221 1189 3291 2715 1395 1345 1119 987 
20070 3249 3217 1194 3293 2721 1403 1349 1122 994 
20080 3255 3230 1217 3297 2726 1414 1363 1143 1017 
20090 3253 3231 1225 3298 2698 1419 1371 1148 1009 
20100 3262 3229 1261 3299 2674 1448 1404 1185 1047 
20110 3255 3226 1282 3295 2654 1472 1421 1205 1062 
20120 3256 3229 1299 3302 2650 1483 1431 1219 1079 
20130 3259 3235 1331 3297 2678 1511 1460 1256 1103 
20140 3263 3236 1360 3299 2616 1545 1490 1286 1125 
20150 3264 3233 1372 3297 2574 1556 1498 1298 1132 
20160 3263 3229 1387 3297 2550 1567 1510 1308 1135 
20170 3262 3226 1437 3294 2499 1623 1565 1361 1184 
20180 3267 3227 1450 3293 2485 1634 1573 1381 1202 
20190 3263 3217 1463 3284 2494 1644 1585 1391 1224 
20200 3267 3221 1480 3287 2492 1671 1609 1403 1229 
20210 3285 3231 1532 3293 2481 1721 1667 1461 1297 
20220 3287 3236 1564 3300 2435 1755 1700 1491 1315 
20230 3285 3232 1564 3293 2431 1758 1696 1491 1316 
20240 3285 3224 1560 3285 2437 1752 1696 1490 1317 
20250 3296 3239 1594 3301 2441 1767 1705 1524 1334 
20260 3294 3234 1593 3303 2420 1769 1708 1528 1337 
20270 3288 3232 1581 3297 2409 1754 1691 1519 1335 
20280 3283 3220 1595 3283 2377 1768 1709 1536 1359 
20290 3286 3229 1598 3287 2386 1775 1716 1540 1369 
20300 3271 3221 1598 3272 2380 1779 1709 1534 1361 
20310 3277 3228 1622 3276 2305 1800 1727 1558 1394 
20320 3270 3226 1627 3277 2286 1804 1730 1554 1395 
20330 3270 3217 1640 3272 2242 1823 1736 1560 1399 
20340 3273 3223 1648 3274 2249 1822 1738 1561 1401 
20350 3275 3223 1650 3284 2274 1835 1758 1565 1409 
20360 3285 3229 1668 3291 2273 1862 1780 1586 1427 
20370 3281 3231 1675 3289 2268 1869 1781 1595 1433 
20380 3284 3229 1688 3276 2293 1885 1799 1604 1438 
20390 3286 3239 1703 3277 2295 1893 1805 1620 1457 
20400 3275 3236 1707 3271 2286 1894 1806 1632 1477 
20410 3286 3247 1718 3275 2304 1910 1817 1644 1484 
20420 3295 3258 1732 3283 2288 1909 1820 1661 1492 
20430 3296 3257 1741 3279 2269 1918 1828 1675 1519 
20440 3291 3255 1751 3277 2306 1918 1824 1678 1521 
20450 3284 3252 1744 3274 2298 1917 1830 1665 1517 
20460 3293 3262 1765 3284 2332 1941 1847 1682 1542 
20470 3299 3259 1761 3288 2361 1940 1847 1679 1548 
20480 3304 3267 1778 3297 2399 1947 1862 1682 1543 
20490 3307 3272 1786 3300 2434 1964 1876 1694 1560 
20500 3315 3278 1803 3309 2426 1979 1891 1709 1587 
20510 3311 3279 1812 3309 2437 1987 1902 1721 1599 
20520 3319 3291 1826 3313 2430 2002 1916 1740 1617 
20530 3313 3291 1833 3311 2435 2002 1923 1740 1602 
20540 3325 3305 1851 3317 2464 2003 1937 1763 1624 
20550 3323 3310 1874 3318 2462 2030 1962 1789 1638 
20560 3333 3316 1899 3330 2449 2045 1978 1826 1668 
20570 3327 3308 1909 3313 2464 2060 1991 1837 1683 
20580 3330 3317 1926 3323 2458 2081 2000 1854 1690 
20590 3334 3315 1930 3327 2419 2091 2008 1852 1700 
20600 3326 3306 1929 3314 2410 2091 1998 1852 1695 
20610 3321 3304 1943 3312 2377 2103 2019 1868 1710 
20620 3328 3305 1964 3319 2390 2129 2042 1888 1731 
20630 3324 3301 1955 3311 2374 2126 2047 1890 1732 
20640 3315 3304 1952 3309 2376 2136 2045 1888 1725 
20650 3313 3305 1967 3309 2364 2153 2057 1897 1735 
20660 3314 3305 1966 3313 2352 2159 2060 1884 1726 
20670 3322 3313 1979 3328 2374 2149 2066 1902 1745 
20680 3328 3312 1993 3332 2362 2160 2069 1909 1758 
20690 3326 3307 1993 3327 2353 2153 2067 1910 1746 
20700 3330 3295 2003 3321 2362 2148 2068 1915 1750 
20710 3335 3294 2026 3324 2369 2164 2081 1942 1764 
20720 3342 3308 2045 3333 2385 2176 2096 1957 1792 
20730 3340 3303 2046 3332 2410 2190 2117 1958 1794 
20740 3337 3301 2052 3328 2421 2191 2114 1965 1798 
20750 3344 3301 2069 3333 2407 2213 2132 1977 1814 
20760 3337 3288 2083 3316 2371 2237 2149 1991 1821 
20770 3343 3293 2094 3323 2380 2241 2159 1997 1839 
20780 3332 3288 2089 3284 2355 2244 2160 1984 1831 
20790 3335 3291 2103 3281 2339 2243 2175 2004 1856 
20800 3341 3294 2119 3288 2329 2266 2195 2030 1887 
20810 3341 3294 2137 3287 2334 2277 2203 2047 1903 
20820 3338 3293 2162 3283 2364 2303 2226 2079 1929 
20830 3329 3283 2163 3277 2338 2309 2222 2081 1941 
20840 3340 3287 2172 3282 2316 2325 2236 2091 1944 
20850 3340 3297 2181 3284 2298 2334 2251 2110 1960 
20860 3343 3302 2203 3289 2278 2353 2268 2134 1980 
20870 3337 3298 2246 3289 2225 2400 2312 2179 2017 
20880 3343 3295 2235 3293 2207 2405 2314 2157 1992 
20890 3340 3289 2265 3281 2187 2451 2351 2178 2017 
20900 3336 3281 2275 3273 2191 2463 2365 2195 2028 
20910 3348 3281 2316 3280 2201 2499 2408 2236 2073 
20920 3348 3282 2342 3282 2159 2506 2409 2260 2103 
20930 3356 3293 2357 3293 2143 2517 2420 2273 2118 
20940 3356 3293 2365 3290 2142 2524 2423 2280 2125 
20950 3360 3301 2379 3297 2103 2535 2442 2283 2134 
20960 3363 3307 2399 3302 2096 2539 2451 2300 2157 
20970 3362 3299 2392 3293 2091 2540 2443 2293 2151 
20980 3353 3297 2390 3292 2090 2534 2439 2293 2152 
20990 3359 3312 2405 3302 2074 2550 2450 2316 2173 
21000 3352 3301 2409 3294 2069 2536 2435 2319 2167 
21010 3353 3305 2415 3291 2052 2526 2432 2323 2163 
21020 3344 3298 2403 3286 2039 2531 2441 2313 2156 
21030 3350 3299 2413 3288 2058 2535 2449 2322 2168 
21040 3352 3295 2419 3279 2022 2537 2453 2330 2174 
21050 3351 3291 2412 3276 2023 2535 2453 2328 2157 
21060 3344 3275 2409 3269 2019 2524 2444 2315 2142 
21070 3350 3275 2418 3270 2029 2529 2452 2321 2142 
21080 3345 3277 2423 3270 2017 2538 2458 2324 2153 
21090 3334 3272 2415 3258 2031 2549 2458 2311 2132 
21100 3335 3261 2412 3256 2020 2567 2466 2305 2119 
21110 3327 3255 2415 3252 2013 2568 2468 2304 2118 
21120 3334 3250 2416 3254 1963 2566 2469 2304 2108 
21130 3336 3248 2411 3248 1964 2550 2470 2300 2109 
21140 3335 3254 2420 3252 1966 2557 2478 2315 2133 
21150 3343 3262 2436 3258 1932 2572 2485 2324 2145 
21160 3349 3272 2454 3262 1908 2587 2505 2344 2169 
21170 3337 3233 2448 3247 1906 2554 2470 2309 2154 
21180 3336 3238 2444 3250 1883 2560 2469 2311 2164 
21190 3340 3238 2445 3250 1859 2559 2466 2298 2150 
21200 3338 3241 2444 3257 1849 2564 2471 2295 2154 
21210 3330 3230 2434 3245 1830 2542 2456 2283 2143 
21220 3334 3241 2448 3255 1811 2549 2462 2292 2153 
21230 3326 3245 2457 3252 1833 2553 2466 2305 2167 
21240 3331 3252 2472 3262 1850 2570 2482 2311 2173 
21250 3337 3259 2502 3266 1822 2585 2511 2346 2200 
21260 3341 3262 2512 3273 1853 2592 2517 2358 2213 
21270 3341 3256 2496 3269 1845 2586 2521 2354 2215 
21280 3331 3255 2493 3269 1856 2587 2528 2359 2221 
21290 3332 3246 2493 3266 1846 2587 2528 2363 2227 
21300 3338 3249 2481 3269 1835 2595 2524 2358 2219 
21310 3338 3245 2479 3266 1839 2592 2522 2351 2209 
21320 3334 3245 2472 3263 1809 2587 2515 2341 2190 
21330 3333 3246 2510 3265 1803 2621 2545 2377 2225 
21340 3331 3254 2528 3273 1826 2640 2560 2396 2246 
21350 3348 3264 2557 3292 1839 2671 2602 2420 2260 
21360 3330 3251 2539 3275 1818 2658 2591 2411 2248 
21370 3331 3255 2543 3279 1813 2656 2596 2419 2253 
21380 3334 3255 2553 3279 1843 2653 2594 2427 2266 
21390 3336 3262 2568 3283 1828 2675 2609 2442 2281 
21400 3339 3267 2569 3286 1809 2673 2608 2443 2277 
21410 3345 3267 2587 3285 1801 2685 2622 2449 2289 
21420 3338 3262 2602 3271 1773 2698 2627 2464 2307 
21430 3331 3257 2605 3268 1755 2705 2634 2462 2302 
21440 3324 3238 2597 3254 1762 2691 2622 2456 2297 
21450 3324 3233 2621 3244 1712 2722 2642 2485 2325 
21460 3326 3230 2623 3239 1704 2734 2650 2493 2340 
21470 3317 3227 2614 3231 1701 2734 2648 2486 2335 
21480 3325 3232 2620 3243 1657 2746 2661 2496 2351 
21490 3319 3235 2628 3240 1648 2747 2657 2498 2348 
21500 3323 3246 2654 3247 1624 2786 2689 2529 2375 
21510 3330 3253 2667 3256 1604 2796 2700 2534 2382 
21520 3326 3244 2667 3247 1580 2806 2707 2528 2381 
21530 3318 3243 2660 3245 1579 2806 2694 2519 2378 
21540 3327 3248 2621 3256 1564 2818 2705 2521 2380 
21550 3325 3247 2642 3258 1547 2835 2724 2544 2405 
21560 3321 3233 2636 3246 1503 2837 2721 2531 2399 
21570 3328 3239 2654 3261 1509 2834 2730 2532 2401 
21580 3319 3229 2637 3253 1492 2836 2713 2524 2391 
21590 3325 3235 2638 3258 1493 2841 2734 2534 2403 
21600 3337 3239 2651 3266 1496 2852 2746 2554 2422 
21610 3333 3233 2667 3261 1490 2867 2746 2565 2438 
21620 3335 3234 2687 3271 1475 2863 2748 2569 2433 
21630 3355 3252 2724 3283 1446 2901 2782 2601 2467 
21640 3346 3255 2729 3278 1453 2896 2785 2605 2465 
21650 3350 3262 2696 3279 1429 2903 2791 2609 2471 
21660 3347 3259 2684 3269 1428 2919 2783 2604 2464 
21670 3339 3253 2692 3265 1413 2923 2790 2614 2471 
21680 3337 3247 2710 3262 1404 2936 2804 2627 2484 
21690 3332 3236 2687 3263 1373 2939 2802 2614 2475 
21700 3326 3232 2669 3255 1347 2942 2792 2602 2470 
21710 3341 3242 2689 3264 1317 2948 2805 2617 2486 
21720 3333 3249 2689 3266 1316 2952 2805 2624 2495 
21730 3327 3243 2684 3257 1310 2957 2802 2622 2491 
21740 3317 3235 2643 3251 1273 2951 2805 2620 2486 
21750 3319 3235 2645 3246 1266 2949 2795 2624 2493 
21760 3325 3244 2647 3254 1232 2959 2815 2642 2505 
21770 3318 3240 2649 3242 1257 2954 2801 2619 2479 
21780 3323 3231 2649 3246 1272 2947 2802 2622 2484 
21790 3323 3228 2656 3246 1259 2940 2798 2615 2481 
21800 3324 3227 2661 3246 1236 2945 2806 2607 2473 
21810 3315 3228 2635 3236 1210 2949 2804 2599 2467 
21820 3311 3232 2628 3239 1207 2943 2786 2591 2465 
21830 3313 3229 2607 3240 1168 2942 2794 2586 2457 
21840 3319 3243 2631 3251 1160 2960 2821 2615 2481 
21850 3318 3250 2630 3253 1196 2970 2827 2611 2478 
21860 3309 3246 2632 3245 1180 2963 2820 2608 2483 
21870 3311 3254 2625 3244 1148 2962 2820 2617 2490 
21880 3307 3250 2633 3240 1155 2967 2825 2617 2487 
21890 3309 3252 2648 3245 1144 2978 2827 2629 2503 
21900 3315 3256 2669 3251 1201 2974 2829 2628 2499 
21910 3310 3244 2664 3247 1187 2970 2818 2624 2498 
21920 3317 3254 2664 3252 1189 2981 2837 2636 2516 
21930 3314 3248 2660 3260 1206 2982 2840 2634 2519 
21940 3327 3253 2672 3273 1186 2999 2854 2633 2523 
21950 3342 3270 2705 3286 1185 3018 2877 2658 2550 
21960 3352 3280 2672 3285 1176 3031 2893 2663 2549 
21970 3350 3269 2680 3278 1168 3022 2888 2656 2547 
21980 3353 3273 2689 3289 1187 3034 2899 2657 2550 
21990 3357 3277 2698 3289 1170 3041 2905 2670 2563 
22000 3345 3269 2703 3283 1179 3034 2896 2672 2567 
22010 3337 3262 2700 3276 1172 3035 2894 2666 2563 
22020 3329 3252 2681 3268 1166 3023 2881 2657 2554 
22030 3331 3255 2691 3276 1161 3015 2876 2662 2559 
22040 3329 3249 2696 3266 1155 3010 2865 2647 2543 
22050 3348 3267 2678 3288 1135 3038 2900 2686 2585 
22060 3351 3269 2680 3294 1100 3043 2906 2691 2589 
22070 3354 3269 2687 3290 1119 3051 2912 2698 2598 
22080 3362 3281 2722 3301 1096 3057 2920 2713 2612 
22090 3358 3271 2754 3293 1103 3059 2915 2697 2591 
22100 3354 3266 2755 3287 1134 3051 2907 2695 2597 
22110 3352 3259 2719 3278 1148 3038 2907 2691 2599 
22120 3348 3260 2685 3275 1143 3036 2900 2687 2592 
22130 3343 3257 2682 3262 1133 3034 2888 2680 2578 
22140 3350 3255 2693 3257 1126 3025 2857 2679 2569 
22150 3345 3255 2694 3259 1129 3029 2863 2679 2570 
22160 3331 3239 2684 3246 1104 3021 2848 2661 2554 
22170 3325 3237 2686 3242 1124 3023 2845 2640 2554 
22180 3335 3248 2687 3255 1089 3026 2862 2651 2554 
22190 3336 3245 2701 3255 1054 3024 2865 2654 2557 
22200 3342 3257 2694 3266 1036 3029 2867 2668 2559 
22210 3346 3253 2703 3262 1029 3001 2873 2674 2574 
22220 3350 3254 2681 3268 1021 3003 2883 2665 2570 
22230 3345 3246 2692 3256 1048 3000 2875 2660 2569 
22240 3354 3253 2717 3265 1021 3020 2893 2690 2600 
22250 3356 3255 2730 3272 1052 3030 2905 2682 2595 
22260 3355 3247 2730 3272 1050 3032 2908 2679 2599 
22270 3360 3253 2747 3273 1037 3043 2914 2687 2612 
22280 3354 3251 2759 3275 1049 3046 2912 2697 2621 
22290 3342 3246 2736 3261 1028 3042 2904 2703 2620 
22300 3338 3227 2705 3252 1017 3039 2903 2696 2614 
22310 3349 3232 2685 3260 1035 3042 2912 2700 2615 
22320 3346 3220 2705 3255 1027 3032 2902 2691 2611 
22330 3347 3219 2724 3249 1017 3035 2917 2691 2607 
22340 3343 3217 2729 3242 1013 3037 2912 2699 2619 
22350 3344 3226 2709 3251 993 3061 2933 2737 2657 
22360 3338 3215 2678 3238 984 3054 2914 2730 2652 
22370 3345 3224 2723 3250 971 3058 2920 2730 2653 
22380 3350 3226 2716 3252 947 3064 2927 2735 2659 
22390 3353 3224 2737 3254 940 3069 2933 2729 2657 
22400 3354 3229 2736 3256 923 3062 2928 2729 2650 
22410 3359 3232 2752 3259 923 3074 2934 2737 2654 
22420 3351 3228 2750 3252 926 3071 2936 2735 2656 
22430 3339 3214 2754 3241 881 3081 2947 2723 2648 
22440 3337 3212 2764 3238 876 3050 2945 2725 2645 
22450 3344 3216 2749 3236 862 3040 2942 2726 2643 
22460 3347 3221 2728 3240 856 3041 2951 2715 2632 
22470 3344 3216 2688 3239 850 3043 2951 2708 2632 
22480 3345 3211 2680 3241 831 3044 2953 2701 2618 
22490 3345 3215 2690 3241 819 3043 2956 2707 2626 
22500 3328 3199 2691 3220 822 3025 2934 2697 2611 
22510 3331 3204 2677 3228 832 3029 2933 2706 2614 
22520 3319 3197 2665 3217 831 3032 2926 2692 2612 
22530 3323 3204 2646 3216 812 3038 2939 2700 2615 
22540 3326 3211 2657 3223 794 3049 2947 2705 2625 
22550 3327 3209 2656 3213 782 3045 2937 2699 2619 
22560 3330 3215 2680 3220 768 3065 2957 2727 2645 
22570 3342 3232 2697 3238 768 3086 2984 2751 2667 
22580 3348 3234 2670 3239 781 3081 2981 2758 2679 
22590 3349 3235 2686 3239 772 3085 2985 2741 2667 
22600 3346 3241 2686 3236 773 3089 2983 2746 2667 
22610 3344 3232 2686 3232 777 3087 2983 2742 2673 
22620 3344 3231 2663 3231 774 3080 2980 2731 2662 
22630 3332 3221 2649 3222 780 3090 2976 2720 2652 
22640 3336 3226 2629 3222 768 3086 2981 2738 2671 
22650 3348 3245 2625 3236 769 3097 2989 2755 2686 
22660 3343 3242 2642 3235 787 3108 2988 2759 2686 
22670 3350 3244 2640 3236 770 3108 2989 2762 2685 
22680 3353 3231 2616 3237 755 3109 2992 2772 2686 
22690 3347 3222 2615 3238 772 3098 2998 2771 2677 
22700 3342 3225 2594 3232 771 3098 2987 2766 2678 
22710 3349 3192 2585 3235 802 3065 2932 2770 2688 
22720 3368 3206 2612 3255 822 3082 2954 2782 2701 
22730 3371 3180 2603 3252 857 3086 2963 2788 2700 
22740 3368 3175 2602 3249 852 3074 2967 2789 2711 
22750 3373 3181 2590 3252 844 3076 2967 2777 2699 
22760 3368 3194 2591 3254 816 3068 2951 2776 2701 
22770 3367 3204 2609 3268 871 3082 2956 2790 2713 
22780 3365 3199 2597 3267 870 3096 2959 2772 2708 
22790 3364 3209 2603 3270 822 3119 2975 2794 2732 
22800 3375 3226 2604 3285 863 3139 3000 2816 2751 
22810 3384 3234 2623 3299 855 3151 3014 2827 2760 
22820 3380 3222 2603 3290 868 3142 2993 2806 2740 
22830 3383 3222 2587 3292 852 3160 3004 2807 2739 
22840 3368 3221 2581 3271 853 3149 2993 2797 2727 
22850 3361 3224 2562 3263 836 3143 2980 2800 2733 
22860 3360 3225 2568 3261 853 3148 2979 2800 2738 
22870 3367 3229 2574 3264 849 3154 3004 2806 2746 
22880 3371 3255 2546 3268 856 3176 3021 2810 2753 
22890 3366 3239 2495 3263 854 3166 3013 2801 2744 
22900 3371 3246 2487 3267 896 3178 3026 2811 2753 
22910 3370 3245 2468 3264 904 3176 3023 2793 2737 
22920 3366 3253 2469 3270 909 3174 2996 2806 2754 
22930 3364 3249 2509 3267 882 3186 3008 2811 2759 
22940 3351 3243 2487 3256 893 3191 3006 2807 2754 
22950 3356 3242 2510 3254 907 3190 3001 2812 2760 
22960 3359 3256 2546 3259 881 3189 3009 2817 2759 
22970 3356 3252 2550 3253 879 3179 3001 2814 2756 
22980 3355 3249 2561 3253 882 3171 3003 2805 2752 
22990 3346 3248 2563 3242 881 3181 3004 2802 2745 
23000 3360 3260 2560 3261 897 3185 3014 2823 2765 
23010 3357 3257 2548 3251 872 3169 2985 2808 2749 
23020 3359 3262 2524 3257 862 3169 2990 2802 2739 
23030 3356 3251 2526 3242 837 3172 2985 2790 2727 
23040 3360 3249 2532 3245 837 3167 2981 2789 2728 
23050 3356 3234 2530 3241 852 3168 2987 2771 2711 
23060 3366 3246 2554 3256 843 3178 3000 2790 2727 
23070 3383 3258 2529 3272 867 3195 3017 2816 2754 
23080 3371 3252 2519 3261 859 3174 2996 2810 2752 
23090 3373 3250 2507 3265 850 3177 3007 2801 2745 
23100 3376 3243 2483 3253 847 3187 3012 2798 2746 
23110 3369 3236 2482 3248 892 3186 3008 2793 2736 
23120 3372 3236 2487 3255 912 3182 3020 2794 2741 
23130 3362 3235 2485 3256 902 3178 3010 2800 2749 
23140 3354 3230 2489 3246 898 3164 2997 2799 2751 
23150 3356 3234 2467 3249 898 3174 2995 2791 2741 
23160 3346 3228 2445 3240 882 3172 2988 2770 2722 
23170 3347 3227 2472 3239 873 3172 2990 2767 2716 
23180 3344 3230 2483 3240 861 3175 2990 2764 2713 
23190 3343 3223 2489 3239 857 3159 2979 2769 2716 
23200 3338 3206 2473 3233 857 3161 2985 2778 2729 
23210 3332 3208 2465 3229 849 3167 2970 2784 2739 
23220 3332 3204 2458 3222 857 3160 2959 2777 2728 
23230 3330 3202 2470 3225 836 3158 2965 2787 2733 
23240 3344 3214 2477 3232 818 3166 2985 2796 2737 
23250 3335 3210 2470 3221 797 3165 2981 2788 2729 
23260 3349 3222 2478 3235 848 3175 3003 2816 2756 
23270 3348 3234 2486 3242 831 3183 3009 2817 2765 
23280 3340 3227 2484 3223 803 3174 2998 2804 2753 
23290 3338 3221 2459 3225 796 3165 2989 2801 2748 
23300 3333 3205 2450 3220 804 3157 2988 2796 2743 
23310 3328 3214 2432 3222 784 3169 2988 2804 2748 
23320 3325 3205 2453 3226 825 3134 2946 2775 2754 
23330 3317 3197 2442 3219 831 3124 2933 2755 2733 
23340 3314 3191 2409 3214 813 3122 2928 2749 2723 
23350 3331 3203 2408 3229 866 3136 2948 2763 2733 
23360 3344 3215 2439 3246 864 3154 2967 2779 2746 
23370 3340 3211 2440 3243 854 3145 2957 2772 2742 
23380 3344 3220 2429 3246 859 3158 2962 2792 2756 
23390 3340 3217 2421 3248 870 3163 2955 2791 2756 
23400 3341 3213 2407 3238 864 3139 2950 2777 2744 
23410 3346 3218 2428 3244 836 3138 2956 2790 2763 
23420 3325 3192 2414 3219 822 3125 2941 2768 2746 
23430 3326 3212 2413 3230 824 3138 2953 2792 2775 
23440 3314 3209 2421 3221 847 3136 2934 2774 2754 
23450 3328 3227 2418 3241 872 3159 2954 2789 2763 
23460 3341 3241 2427 3254 907 3183 2974 2821 2790 
23470 3336 3239 2427 3248 886 3180 2995 2829 2802 
23480 3319 3222 2405 3234 889 3181 2985 2809 2785 
23490 3304 3214 2405 3193 881 3176 2972 2802 2781 
23500 3313 3216 2411 3187 888 3184 2982 2792 2767 
23510 3318 3217 2422 3191 888 3182 2986 2797 2773 
23520 3323 3218 2408 3188 895 3178 2982 2788 2765 
23530 3325 3227 2404 3199 896 3184 2983 2796 2775 
23540 3332 3230 2427 3201 907 3192 2998 2807 2783 
23550 3336 3241 2438 3208 875 3205 3003 2798 2774 
23560 3342 3244 2399 3210 895 3205 3016 2796 2769 
23570 3335 3247 2389 3224 921 3208 3006 2792 2766 
23580 3333 3243 2383 3215 887 3213 3007 2793 2763 
23590 3334 3243 2362 3218 891 3222 3009 2793 2763 
23600 3337 3245 2350 3225 887 3225 3022 2811 2781 
23610 3325 3238 2343 3210 906 3212 3006 2806 2775 
23620 3326 3227 2305 3203 897 3199 3009 2804 2776 
23630 3335 3230 2324 3205 873 3215 3021 2812 2786 
23640 3339 3227 2298 3201 856 3210 3018 2794 2766 
23650 3340 3230 2273 3213 862 3215 3017 2802 2775 
23660 3336 3217 2273 3207 867 3190 3003 2788 2761 
23670 3341 3211 2234 3208 873 3187 3009 2792 2755 
23680 3342 3221 2217 3211 901 3194 3014 2799 2769 
23690 3331 3217 2218 3206 909 3187 3009 2797 2768 
23700 3339 3220 2244 3216 968 3184 2986 2799 2760 
23710 3332 3215 2238 3211 980 3169 2986 2772 2732 
23720 3316 3199 2215 3202 995 3159 2981 2771 2729 
23730 3318 3197 2220 3196 968 3164 2983 2771 2724 
23740 3321 3202 2228 3205 963 3181 2998 2785 2735 
23750 3316 3197 2233 3201 931 3186 3002 2776 2729 
23760 3334 3216 2249 3225 937 3200 3028 2792 2742 
23770 3346 3243 2264 3252 942 3225 3042 2804 2749 
23780 3341 3237 2281 3244 959 3217 3031 2789 2735 
23790 3346 3231 2286 3248 947 3221 3034 2774 2723 
23800 3332 3219 2271 3231 959 3202 3016 2772 2730 
23810 3344 3239 2266 3243 939 3218 3034 2787 2745 
23820 3353 3237 2263 3244 927 3218 3030 2781 2734 
23830 3345 3238 2237 3246 936 3209 3024 2785 2743 
23840 3340 3228 2233 3239 905 3194 3011 2777 2735 
23850 3346 3226 2243 3243 977 3203 3024 2779 2730 
23860 3342 3213 2240 3233 981 3192 3002 2761 2719 
23870 3338 3210 2279 3230 996 3186 2992 2735 2721 
23880 3335 3210 2302 3223 1006 3202 3016 2730 2714 
23890 3327 3198 2272 3212 998 3199 3007 2716 2703 
23900 3333 3194 2267 3207 984 3189 3005 2714 2697 
23910 3326 3198 2266 3205 979 3187 2991 2714 2694 
23920 3321 3177 2252 3193 999 3187 2973 2706 2684 
23930 3320 3182 2213 3195 1010 3190 2983 2711 2678 
23940 3326 3189 2216 3199 1016 3199 2982 2714 2679 
23950 3322 3201 2222 3198 1030 3201 2989 2725 2688 
23960 3323 3207 2223 3197 1016 3206 2991 2727 2688 
23970 3324 3211 2224 3203 957 3202 2993 2724 2681 
23980 3314 3205 2241 3188 962 3206 2988 2720 2675 
23990 3319 3212 2220 3196 924 3201 2988 2738 2696 
24000 3316 3205 2209 3193 903 3194 2998 2735 2695 
24010 3333 3227 2240 3213 909 3210 3018 2763 2717 
24020 3339 3228 2236 3208 899 3216 3022 2778 2728 
24030 3328 3222 2218 3200 921 3200 3002 2777 2729 
24040 3325 3218 2248 3193 910 3200 3010 2783 2732 
24050 3335 3234 2255 3206 892 3211 3026 2786 2742 
24060 3335 3235 2234 3204 880 3208 3033 2803 2759 
24070 3327 3239 2216 3207 883 3207 3022 2793 2747 
24080 3314 3227 2164 3198 877 3202 3012 2780 2731 
24090 3319 3230 2194 3204 891 3208 3029 2785 2739 
24100 3321 3227 2201 3205 926 3212 3035 2793 2742 
24110 3316 3221 2200 3206 954 3201 3024 2789 2736 
24120 3330 3228 2219 3221 946 3206 3035 2811 2754 
24130 3328 3232 2229 3219 947 3213 3044 2819 2762 
24140 3312 3224 2210 3215 954 3203 3038 2823 2766 
24150 3319 3225 2213 3217 942 3207 3042 2819 2763 
24160 3315 3213 2201 3203 937 3203 3041 2802 2751 
24170 3325 3220 2202 3216 917 3210 3049 2808 2753 
24180 3322 3211 2214 3214 898 3206 3044 2809 2757 
24190 3322 3215 2213 3215 897 3215 3046 2804 2748 
24200 3330 3231 2248 3227 894 3215 3047 2820 2762 
24210 3335 3235 2224 3227 886 3219 3052 2828 2776 
24220 3332 3232 2254 3225 928 3224 3052 2825 2767 
24230 3330 3240 2237 3230 911 3223 3050 2819 2760 
24240 3330 3247 2260 3236 904 3235 3053 2813 2757 
24250 3328 3245 2276 3241 920 3229 3048 2816 2760 
24260 3330 3259 2275 3254 938 3232 3060 2817 2767 
24270 3347 3272 2281 3268 928 3253 3081 2827 2783 
24280 3331 3259 2266 3254 907 3238 3066 2813 2769 
24290 3331 3249 2256 3248 903 3236 3059 2804 2759 
24300 3338 3270 2297 3259 931 3249 3065 2822 2771 
24310 3337 3263 2290 3252 925 3231 3051 2821 2771 
24320 3333 3251 2227 3246 910 3215 3042 2818 2766 
24330 3343 3251 2212 3248 898 3211 3039 2829 2778 
24340 3345 3261 2206 3252 915 3219 3040 2835 2781 
24350 3348 3261 2218 3232 911 3229 3031 2835 2788 
24360 3350 3253 2220 3229 949 3222 3027 2835 2787 
24370 3352 3238 2227 3225 929 3225 3028 2840 2792 
24380 3352 3241 2223 3227 931 3225 3026 2845 2795 
24390 3349 3241 2232 3227 929 3229 3028 2853 2804 
24400 3357 3246 2210 3232 917 3232 3040 2869 2819 
24410 3360 3246 2203 3231 914 3237 3041 2864 2811 
24420 3357 3239 2176 3229 923 3234 3037 2863 2805 
24430 3354 3248 2161 3231 902 3231 3037 2878 2820 
24440 3365 3269 2148 3242 882 3239 3048 2892 2837 
24450 3367 3278 2179 3244 921 3246 3048 2898 2840 
24460 3369 3285 2169 3258 913 3246 3051 2899 2843 
24470 3379 3295 2170 3272 902 3259 3067 2915 2863 
24480 3394 3307 2163 3292 892 3256 3079 2923 2867 
24490 3376 3296 2125 3272 864 3247 3057 2910 2850 
24500 3373 3294 2137 3270 858 3248 3055 2909 2850 
24510 3367 3286 2137 3266 898 3237 3044 2910 2848 
24520 3364 3282 2140 3273 923 3239 3051 2899 2840 
24530 3369 3286 2119 3285 921 3244 3051 2891 2830 
24540 3364 3270 2127 3276 917 3226 3044 2877 2815 
24550 3356 3268 2138 3278 924 3222 3039 2871 2816 
24560 3361 3266 2140 3289 889 3241 3044 2862 2808 
24570 3364 3269 2163 3298 926 3241 3037 2868 2814 
24580 3365 3280 2152 3300 936 3251 3044 2872 2820 
24590 3367 3279 2133 3296 950 3244 3045 2862 2808 
24600 3359 3273 2098 3289 987 3228 3039 2845 2795 
24610 3361 3273 2079 3291 960 3226 3047 2841 2791 
24620 3336 3267 2060 3271 946 3207 3024 2821 2768 
24630 3344 3274 2064 3282 985 3213 3037 2834 2788 
24640 3342 3278 2076 3285 1013 3218 3043 2846 2804 
24650 3341 3285 2073 3289 1044 3221 3045 2846 2805 
24660 3334 3271 2051 3276 1041 3201 3034 2839 2800 
24670 3353 3287 2037 3292 1057 3228 3062 2859 2819 
24680 3345 3284 2052 3287 1023 3217 3034 2828 2795 
24690 3359 3293 2079 3299 1029 3228 3037 2837 2802 
24700 3356 3287 2048 3294 1027 3228 3031 2845 2813 
24710 3344 3266 2021 3283 1039 3210 3021 2826 2795 
24720 3355 3282 2012 3297 1068 3221 3045 2850 2818 
24730 3351 3281 1994 3290 1098 3213 3035 2861 2829 
24740 3359 3288 1990 3302 1085 3208 3019 2872 2837 
24750 3360 3288 1988 3304 1109 3208 3024 2883 2845 
24760 3357 3285 1971 3301 1080 3203 3017 2879 2847 
24770 3358 3290 1988 3307 1083 3210 3035 2874 2839 
24780 3349 3277 1965 3295 1082 3206 3025 2836 2799 
24790 3360 3281 1960 3303 1103 3217 3021 2840 2803 
24800 3366 3287 1950 3312 1091 3219 3019 2853 2815 
24810 3376 3301 1943 3320 1121 3224 3034 2869 2823 
24820 3359 3292 1946 3308 1092 3216 3030 2857 2812 
24830 3347 3284 1961 3309 1065 3210 3030 2850 2811 
24840 3352 3282 1963 3312 1035 3207 3038 2844 2800 
24850 3357 3290 1995 3321 986 3217 3042 2840 2800 
24860 3357 3284 1974 3316 1049 3217 3057 2841 2799 
24870 3349 3280 1957 3309 1047 3223 3060 2848 2805 
24880 3348 3276 1953 3306 1093 3219 3058 2854 2814 
24890 3352 3280 1970 3306 1098 3196 3031 2844 2803 
24900 3354 3289 1982 3306 1082 3205 3025 2867 2829 
24910 3357 3280 1949 3306 1057 3202 3025 2871 2834 
24920 3357 3281 1957 3301 1042 3192 3024 2870 2832 
24930 3353 3270 1955 3295 1057 3179 3018 2867 2831 
24940 3353 3267 1925 3291 1061 3181 3022 2882 2850 
24950 3337 3249 1913 3275 1042 3158 3010 2858 2825 
24960 3338 3251 1953 3276 1072 3161 3011 2847 2816 
24970 3332 3238 1937 3271 1085 3162 3002 2834 2802 
24980 3331 3243 1918 3274 1072 3166 3009 2845 2811 
24990 3343 3250 1960 3286 1090 3181 3020 2843 2803 
25000 3344 3251 1921 3288 1084 3198 3037 2847 2810 
