# Avida time data
# Fri Jan 27 12:14:11 2017
#  1: update
#  2: avida time
#  3: average generation
#  4: num_executed?

0 0 0 30 
10 0.103093 0 30 
20 0.206186 1 60 
30 0.309278 2 120 
40 0.412371 3 210 
50 0.515464 3.22222 240 
60 0.618297 4 480 
70 0.721465 5 900 
80 0.82492 5.84783 1290 
90 0.929885 6.30357 1560 
100 1.03394 6.88235 2010 
110 1.13775 7.78889 2700 
120 1.24095 8.72807 3390 
130 1.34354 9.41135 3990 
140 1.44644 9.88 4410 
150 1.54918 10.7796 5580 
160 1.6517 11.8615 6930 
170 1.75385 12.6468 7830 
180 1.85528 13.0915 8610 
190 1.95652 13.8919 9990 
200 2.0571 14.7769 11400 
210 2.15715 15.4292 12660 
220 2.25697 16.0711 13620 
230 2.35603 16.7901 15060 
240 2.455 17.6372 17160 
250 2.55313 18.375 18780 
260 2.65061 18.9752 20100 
270 2.7472 19.6593 21780 
280 2.84302 20.477 24000 
290 2.9383 21.2032 25920 
300 3.03345 21.7941 27510 
310 3.12844 22.5071 29490 
320 3.22306 23.3094 31560 
330 3.31765 23.9886 33780 
340 3.4123 24.6658 35670 
350 3.50697 25.4469 38160 
360 3.60139 26.1904 40890 
370 3.69569 26.8195 43170 
380 3.79007 27.5469 45930 
390 3.88468 28.2964 48900 
400 3.97938 28.9919 51600 
410 4.07367 29.6624 54060 
420 4.16745 30.3843 56640 
430 4.2611 31.0597 59550 
440 4.35463 31.74 62580 
450 4.4479 32.4569 65310 
460 4.54121 33.114 68190 
470 4.63448 33.8264 71610 
480 4.7277 34.554 74610 
490 4.821 35.2381 77610 
500 4.91433 35.9592 81270 
510 5.0072 36.696 84780 
520 5.10014 37.3756 87540 
530 5.19279 38.0437 91200 
540 5.28503 38.7593 95070 
550 5.37677 39.4305 97200 
560 5.46816 40.0846 99270 
570 5.55945 40.8126 101220 
580 5.65042 41.4961 102570 
590 5.74103 42.1248 103650 
600 5.8319 42.8525 104850 
610 5.92264 43.553 105450 
620 6.01326 44.1826 106290 
630 6.10387 44.8771 106860 
640 6.19434 45.5509 107370 
650 6.28468 46.2082 107550 
660 6.37482 46.884 107850 
670 6.46491 47.585 107940 
680 6.55488 48.2532 107940 
690 6.64493 48.9655 107850 
700 6.73522 49.6609 107940 
710 6.82562 50.3737 107970 
720 6.91643 51.0114 107970 
730 7.00721 51.6975 107940 
740 7.09795 52.3784 107970 
750 7.18822 53.0339 107850 
760 7.27844 53.6898 107940 
770 7.36879 54.4149 107880 
780 7.45931 55.13 107940 
790 7.54975 55.7777 107790 
800 7.63992 56.4634 107850 
810 7.72984 57.1666 107790 
820 7.81991 57.814 107820 
830 7.91033 58.5345 107910 
840 8.00079 59.2156 107850 
850 8.09146 59.884 107850 
860 8.18248 60.603 107910 
870 8.27316 61.3045 107850 
880 8.36401 61.983 107910 
890 8.45428 62.6342 107880 
900 8.54457 63.3399 107760 
910 8.63493 64.0387 107850 
920 8.72527 64.6751 107940 
930 8.8154 65.3426 107880 
940 8.90528 66.0389 107880 
950 8.99525 66.7185 107970 
960 9.08533 67.3713 107910 
970 9.1753 68.0881 107910 
980 9.26554 68.7727 107970 
990 9.35599 69.4252 107940 
1000 9.4463 70.129 107970 
1010 9.53684 70.8568 107940 
1020 9.62718 71.5297 107910 
1030 9.71736 72.2354 107940 
1040 9.80747 72.9719 107970 
1050 9.89761 73.6577 107790 
1060 9.9879 74.3059 107820 
1070 10.0782 75.0322 107940 
1080 10.1684 75.7264 107970 
1090 10.2591 76.384 107910 
1100 10.3496 77.1242 107970 
1110 10.4401 77.8112 107940 
1120 10.5309 78.4445 107910 
1130 10.6219 79.1669 107910 
1140 10.7128 79.8813 107940 
1150 10.8036 80.5279 107910 
1160 10.8946 81.2642 107940 
1170 10.9856 81.9753 108000 
1180 11.0766 82.6974 107910 
1190 11.168 83.4048 107940 
1200 11.2595 84.0997 107970 
1210 11.3509 84.7562 107880 
1220 11.4423 85.4578 107880 
1230 11.5336 86.1587 107970 
1240 11.6254 86.8907 107910 
1250 11.7173 87.6238 108000 
1260 11.8093 88.3168 107790 
1270 11.9017 89.0476 107880 
1280 11.9942 89.748 107910 
1290 12.0866 90.4693 107880 
1300 12.1789 91.165 108000 
1310 12.2716 91.9339 108000 
1320 12.3642 92.6526 107940 
1330 12.4566 93.3457 107880 
1340 12.5489 94.0764 107970 
1350 12.6411 94.833 107910 
1360 12.733 95.5381 107970 
1370 12.825 96.2297 107910 
1380 12.9171 96.9452 107880 
1390 13.009 97.6661 107820 
1400 13.1011 98.3604 107910 
1410 13.1934 99.0692 107940 
1420 13.2856 99.7798 107820 
1430 13.3775 100.496 107970 
1440 13.4692 101.229 107850 
1450 13.561 101.964 107910 
1460 13.6524 102.662 107850 
1470 13.7439 103.423 107880 
1480 13.8355 104.146 107880 
1490 13.9268 104.851 107940 
1500 14.0183 105.583 107970 
1510 14.1095 106.274 107940 
1520 14.201 106.982 107940 
1530 14.2924 107.671 107880 
1540 14.3836 108.427 107970 
1550 14.475 109.149 107910 
1560 14.5664 109.887 107940 
1570 14.6579 110.619 107940 
1580 14.7493 111.364 107910 
1590 14.8408 112.069 107970 
1600 14.9323 112.796 107880 
1610 15.024 113.549 107850 
1620 15.1155 114.269 107820 
1630 15.2069 115.046 107940 
1640 15.2987 115.766 107880 
1650 15.3909 116.516 107940 
1660 15.483 117.267 107880 
1670 15.5751 118.049 107880 
1680 15.6674 118.752 107850 
1690 15.7595 119.506 107940 
1700 15.8518 120.245 107940 
1710 15.9442 120.979 107940 
1720 16.0369 121.643 107940 
1730 16.1296 122.424 107910 
1740 16.2226 123.16 107910 
1750 16.3161 123.841 107850 
1760 16.4101 124.574 107940 
1770 16.5045 125.359 107820 
1780 16.5989 126.137 107880 
1790 16.6933 126.858 107910 
1800 16.7873 127.598 107940 
1810 16.8812 128.352 107940 
1820 16.975 129.075 107880 
1830 17.0689 129.812 107940 
1840 17.1624 130.523 107970 
1850 17.2555 131.223 107940 
1860 17.3486 131.967 107910 
1870 17.4418 132.757 107910 
1880 17.5353 133.493 107790 
1890 17.6287 134.265 107940 
1900 17.7224 135.002 107880 
1910 17.8163 135.79 107910 
1920 17.9102 136.523 107820 
1930 18.0043 137.318 107970 
1940 18.0986 138.015 107910 
1950 18.193 138.781 107790 
1960 18.2875 139.586 107850 
1970 18.3825 140.441 107850 
1980 18.4777 141.172 107880 
1990 18.5732 141.976 107850 
2000 18.6688 142.818 107850 
2010 18.7648 143.649 108000 
2020 18.8612 144.381 107940 
2030 18.9579 145.207 107910 
2040 19.055 146.059 107970 
2050 19.1521 146.813 107970 
2060 19.2495 147.624 107880 
2070 19.3469 148.46 107940 
2080 19.444 149.273 107880 
2090 19.5411 150.167 107880 
2100 19.6384 150.971 107940 
2110 19.7359 151.768 107850 
2120 19.8339 152.504 107940 
2130 19.932 153.365 107940 
2140 20.0302 154.156 107820 
2150 20.1284 154.96 107850 
2160 20.2267 155.772 107880 
2170 20.3248 156.6 108000 
2180 20.4229 157.441 107850 
2190 20.521 158.273 107910 
2200 20.6192 159.083 107970 
2210 20.7174 160.01 107970 
2220 20.8151 160.896 107880 
2230 20.913 161.719 107760 
2240 21.011 162.544 107910 
2250 21.1087 163.331 107970 
2260 21.2066 164.239 107970 
2270 21.3045 165.086 107850 
2280 21.403 166.062 107940 
2290 21.5019 166.859 107970 
2300 21.6009 167.866 107940 
2310 21.7002 168.866 107880 
2320 21.7997 169.802 107970 
2330 21.8991 170.615 108000 
2340 21.9984 171.5 107970 
2350 22.0977 172.372 107940 
2360 22.1971 173.391 107940 
2370 22.2965 174.198 107970 
2380 22.3961 175.028 107880 
2390 22.4957 175.867 107790 
2400 22.595 176.658 107940 
2410 22.6944 177.722 107970 
2420 22.7936 178.599 107940 
2430 22.893 179.47 107880 
2440 22.9926 180.285 107940 
2450 23.0918 181.318 107880 
2460 23.191 182.307 107940 
2470 23.2901 183.245 107910 
2480 23.3892 184.1 107910 
2490 23.4883 184.985 107940 
2500 23.5872 185.772 108000 
2510 23.6864 186.592 107850 
2520 23.7855 187.43 107910 
2530 23.8848 188.366 107940 
2540 23.9842 189.143 107910 
2550 24.0834 190.113 107940 
2560 24.183 191.183 107970 
2570 24.283 192.266 107970 
2580 24.3831 193.522 107850 
2590 24.4832 194.361 107970 
2600 24.5831 195.293 108000 
2610 24.6827 196.348 107940 
2620 24.7819 197.098 107850 
2630 24.8817 198.061 107910 
2640 24.9819 199.14 107820 
2650 25.0826 200.111 107940 
2660 25.1837 201.257 107910 
2670 25.2851 202.189 107910 
2680 25.3865 203.026 107910 
2690 25.4877 204.04 107880 
2700 25.5895 205.041 107910 
2710 25.6914 206.157 107940 
2720 25.7929 207.204 107850 
2730 25.8951 208.304 107940 
2740 25.9979 209.366 107940 
2750 26.1007 210.392 107820 
2760 26.2031 211.422 107940 
2770 26.3056 212.565 107910 
2780 26.4076 213.925 107940 
2790 26.5097 215.058 107880 
2800 26.612 216.225 107970 
2810 26.7143 217.299 107910 
2820 26.8169 218.516 107970 
2830 26.9197 219.709 108000 
2840 27.0229 220.939 107880 
2850 27.1262 221.959 107880 
2860 27.2296 222.946 107970 
2870 27.3328 223.934 107880 
2880 27.4364 225.064 107940 
2890 27.54 226.08 107880 
2900 27.6433 227.24 107970 
2910 27.7468 228.473 108000 
2920 27.8502 229.511 108000 
2930 27.9542 230.782 108000 
2940 28.0584 231.68 107850 
2950 28.1623 232.62 107940 
2960 28.2661 233.476 107880 
2970 28.3698 234.632 107940 
2980 28.4733 235.635 107940 
2990 28.5761 236.581 107910 
3000 28.679 237.774 107850 
3010 28.782 238.988 107940 
3020 28.8849 240.501 107850 
3030 28.988 241.872 107970 
3040 29.0911 243.185 107970 
3050 29.194 244.6 107850 
3060 29.2968 246.013 107940 
3070 29.3998 247.25 107940 
3080 29.5032 248.575 107910 
3090 29.6063 249.931 107940 
3100 29.7095 251.391 107880 
3110 29.8121 252.545 107940 
3120 29.9148 253.894 107970 
3130 30.0173 255.293 107970 
3140 30.1195 256.575 107970 
3150 30.2224 258.334 107970 
3160 30.3247 259.767 107940 
3170 30.4267 261.014 107970 
3180 30.5292 262.317 108000 
3190 30.6313 263.655 107940 
3200 30.7332 265.273 107880 
3210 30.8355 266.76 107880 
3220 30.9373 268.031 107970 
3230 31.0395 269.494 108000 
3240 31.1412 271.017 107880 
3250 31.2426 272.564 107940 
3260 31.3437 274.085 107940 
3270 31.444 275.555 108000 
3280 31.5456 276.88 107970 
3290 31.6468 278.323 107940 
3300 31.7463 279.875 107850 
3310 31.8468 281.341 108000 
3320 31.9473 282.744 107850 
3330 32.0478 283.782 107880 
3340 32.1478 285.247 107940 
3350 32.2463 286.966 107970 
3360 32.347 288.642 107910 
3370 32.445 290.013 107910 
3380 32.5447 291.068 107970 
3390 32.6419 292.923 107910 
3400 32.7415 294.837 107940 
3410 32.8412 296.505 107880 
3420 32.9397 297.743 107910 
3430 33.0394 299.317 108000 
3440 33.1381 301.199 107940 
3450 33.2376 303.129 107880 
3460 33.3364 304.669 107940 
3470 33.4343 306.669 107910 
3480 33.5337 308.871 107910 
3490 33.632 310.743 108000 
3500 33.7311 312.388 107820 
3510 33.8293 314.041 107910 
3520 33.9272 315.381 107880 
3530 34.0252 317.85 107910 
3540 34.1223 319.84 107850 
3550 34.2207 321.536 107910 
3560 34.3178 323.202 107940 
3570 34.4157 325.003 108000 
3580 34.5121 326.634 107940 
3590 34.61 328.608 107940 
3600 34.7071 330.532 107910 
3610 34.8048 332.321 107790 
3620 34.9021 333.833 107940 
3630 34.9997 334.952 107940 
3640 35.0973 336.284 107820 
3650 35.1948 337.989 107910 
3660 35.2921 339.585 108000 
3670 35.3894 341.211 108000 
3680 35.486 342.847 107880 
3690 35.5834 344.295 107970 
3700 35.6798 345.986 107940 
3710 35.7775 347.883 107880 
3720 35.8745 349.241 107940 
3730 35.9715 351.155 107940 
3740 36.0684 353.276 107970 
3750 36.1649 355.335 107970 
3760 36.2605 357.03 107970 
3770 36.3571 358.642 107910 
3780 36.4531 360.681 107940 
3790 36.549 362.376 107940 
3800 36.6438 364.281 107880 
3810 36.7402 366.279 107940 
3820 36.8354 368.152 107910 
3830 36.9312 369.936 107970 
3840 37.0269 371.53 107940 
3850 37.1221 373.071 107970 
3860 37.218 374.642 107940 
3870 37.3133 377.03 107910 
3880 37.4089 379.006 107940 
3890 37.5041 381.185 107910 
3900 37.6001 382.521 107910 
3910 37.6957 384.393 107940 
3920 37.7904 386.092 107970 
3930 37.8859 388.401 107940 
3940 37.98 390.376 107850 
3950 38.0747 392.5 107940 
3960 38.1687 393.681 107910 
3970 38.2625 395.452 107850 
3980 38.3573 397.035 107880 
3990 38.4508 399.294 107880 
4000 38.5456 401.032 107820 
4010 38.6399 402.714 107970 
4020 38.7338 404.188 107730 
4030 38.8281 405.422 107940 
4040 38.9221 407.555 107970 
4050 39.017 408.811 107880 
4060 39.1109 410.742 107970 
4070 39.2046 413.066 107970 
4080 39.2977 414.632 107880 
4090 39.393 416.732 107880 
4100 39.4857 418.502 107940 
4110 39.5801 420.394 107910 
4120 39.673 423.14 107970 
4130 39.767 425.262 107940 
4140 39.8601 427.647 107880 
4150 39.9544 429.078 107970 
4160 40.0481 431.186 107910 
4170 40.1425 432.936 107850 
4180 40.2366 434.835 107880 
4190 40.3303 437.376 107970 
4200 40.424 439.464 107970 
4210 40.5165 440.955 107880 
4220 40.6111 442.691 107910 
4230 40.7043 444.123 107940 
4240 40.7975 445.937 107970 
4250 40.8912 447.533 107970 
4260 40.9845 448.947 107910 
4270 41.0775 450.814 107850 
4280 41.1701 452.347 107880 
4290 41.2652 454.552 107970 
4300 41.3577 456.96 107910 
4310 41.4515 458.666 108000 
4320 41.5447 460.202 108000 
4330 41.6378 462.014 107940 
4340 41.7312 463.767 107940 
4350 41.8241 465.67 107940 
4360 41.9179 466.846 107970 
4370 42.0105 468.25 107970 
4380 42.1033 469.735 107820 
4390 42.1963 471.719 107970 
4400 42.2895 472.843 108000 
4410 42.3831 474.213 107910 
4420 42.476 476.208 107880 
4430 42.5686 477.782 107970 
4440 42.6616 479.707 107880 
4450 42.7555 481.134 108000 
4460 42.8478 482.494 107910 
4470 42.9404 484.445 107910 
4480 43.0344 485.924 107880 
4490 43.1262 487.914 107910 
4500 43.2188 489.632 107970 
4510 43.3113 490.899 107880 
4520 43.4035 492.213 107910 
4530 43.4963 494.446 108000 
4540 43.5888 496.385 107940 
4550 43.6809 497.92 107850 
4560 43.7734 499.573 107850 
4570 43.8665 501.543 107940 
4580 43.9593 502.884 108000 
4590 44.0523 504.669 107850 
4600 44.1449 506.095 107820 
4610 44.2374 507.736 107850 
4620 44.3298 509.666 107940 
4630 44.4224 510.862 107850 
4640 44.514 512.437 107910 
4650 44.6058 513.751 107850 
4660 44.6985 515.307 107880 
4670 44.7908 516.851 107880 
4680 44.8825 518.166 107880 
4690 44.9751 519.951 107820 
4700 45.0671 521.488 107910 
4710 45.1598 523.168 107850 
4720 45.2517 524.799 108000 
4730 45.3438 526.573 107850 
4740 45.4356 528.013 107880 
4750 45.5271 529.639 107940 
4760 45.6196 531.155 107910 
4770 45.711 532.73 107820 
4780 45.7969 533.866 107940 
4790 45.8694 533.944 107850 
4800 45.9277 534.058 107940 
4810 45.9785 534.07 107940 
4820 46.0184 534.218 107940 
4830 46.0526 534.304 108000 
4840 46.083 534.591 107760 
4850 46.1114 534.988 107910 
4860 46.1373 535.531 107910 
4870 46.1624 535.83 107880 
4880 46.1862 536.25 107820 
4890 46.2074 536.551 107850 
4900 46.2262 536.842 107640 
4910 46.2448 537.081 107760 
4920 46.2629 537.117 107820 
4930 46.2787 537.716 107730 
4940 46.2964 538.232 107850 
4950 46.3136 538.635 107820 
4960 46.3298 538.941 107730 
4970 46.3451 539.567 107520 
4980 46.3592 540.05 107790 
4990 46.372 540.656 107700 
5000 46.3845 541.438 107790 
5010 46.3969 542.168 107820 
5020 46.409 543.113 107670 
5030 46.4198 543.762 107730 
5040 46.4317 544.653 107670 
5050 46.443 545.445 107580 
5060 46.4544 546.303 107520 
5070 46.4647 547.117 107580 
5080 46.4748 547.94 107610 
5090 46.4854 548.867 107580 
5100 46.4931 550.001 107460 
5110 46.5004 550.95 107340 
5120 46.5073 552.067 107370 
5130 46.5122 553.42 107400 
5140 46.5195 554.944 107400 
5150 46.5246 556.715 107280 
5160 46.53 558.32 107250 
5170 46.5347 559.668 106890 
5180 46.5403 561.317 107010 
5190 46.5455 562.707 107040 
5200 46.5497 564.153 106890 
5210 46.5545 565.939 107220 
5220 46.5587 568.362 107040 
5230 46.5627 569.855 107040 
5240 46.5667 571.059 106950 
5250 46.5706 572.29 106590 
5260 46.5743 574.347 106950 
5270 46.5779 576.211 106440 
5280 46.5819 578.271 106650 
5290 46.5851 580.833 106980 
5300 46.5891 582.159 106920 
5310 46.5926 584.573 106980 
5320 46.5961 587.53 106950 
5330 46.5998 588.407 106620 
5340 46.6031 590.472 106920 
5350 46.6062 592.003 106740 
5360 46.6096 593.258 106620 
5370 46.6126 595.32 106410 
5380 46.6159 597.559 106800 
5390 46.6188 598.74 106320 
5400 46.622 600.972 106530 
5410 46.6249 602.168 106470 
5420 46.6282 603.639 106500 
5430 46.6313 605.604 106560 
5440 46.6344 608.759 106380 
5450 46.6375 610.648 106440 
5460 46.6403 612.721 106890 
5470 46.6429 614.352 106620 
5480 46.6455 615.794 106680 
5490 46.6482 617.255 106560 
5500 46.6506 619.621 106620 
5510 46.653 620.9 106350 
5520 46.6556 623.952 106290 
5530 46.6579 626.296 106440 
5540 46.6604 629.3 106950 
5550 46.6627 630.738 106380 
5560 46.6653 631.627 106440 
5570 46.6677 633.794 106890 
5580 46.6701 634.621 106980 
5590 46.6724 635.57 106380 
5600 46.6746 636.844 106110 
5610 46.6772 638.238 106170 
5620 46.6798 640.759 105960 
5630 46.6827 642.229 105960 
5640 46.685 645.166 106260 
5650 46.6876 647.082 106380 
5660 46.69 648.971 106350 
5670 46.6926 650.222 106560 
5680 46.6948 651.571 106650 
5690 46.6971 653.572 106320 
5700 46.6994 656.12 106500 
5710 46.7016 658.412 106290 
5720 46.7036 659.377 106470 
5730 46.7055 660.294 105990 
5740 46.7079 661.195 106140 
5750 46.7099 664.153 106140 
5760 46.7121 665.738 106080 
5770 46.7143 666.96 106530 
5780 46.7164 669.812 106290 
5790 46.7182 670.708 105930 
5800 46.7204 672.324 105780 
5810 46.7225 673.476 105840 
5820 46.7245 675.22 106230 
5830 46.7264 677.099 106290 
5840 46.7283 678.669 106050 
5850 46.7303 679.655 105930 
5860 46.7324 681.5 105690 
5870 46.7344 683.536 105660 
5880 46.7364 685.235 106290 
5890 46.7383 686.791 105720 
5900 46.7401 688.55 105810 
5910 46.7421 689.865 105570 
5920 46.7442 692.09 105960 
5930 46.746 694.625 105690 
5940 46.7482 696.379 105780 
5950 46.7501 697.796 105750 
5960 46.7522 698.195 105540 
5970 46.7541 699.228 105840 
5980 46.7562 700.665 105780 
5990 46.7583 701.158 105780 
6000 46.7603 702.573 105780 
6010 46.7623 705.51 105750 
6020 46.7642 707.426 106290 
6030 46.7658 708.489 105990 
6040 46.768 709.398 105780 
6050 46.7698 710.855 105840 
6060 46.7716 711.501 105990 
6070 46.7736 712.598 105870 
6080 46.7755 713.06 106050 
6090 46.7773 715.63 106320 
6100 46.7791 717.883 106470 
6110 46.7809 718.1 105900 
6120 46.7828 720.2 105690 
6130 46.7845 722.085 105690 
6140 46.7864 723.501 106170 
6150 46.788 725.412 105990 
6160 46.7898 727.088 105720 
6170 46.7916 728.358 105840 
6180 46.7933 729.843 105810 
6190 46.7949 731.03 105390 
6200 46.7967 733.697 106230 
6210 46.7982 735.948 106170 
6220 46.7999 737.628 106110 
6230 46.8017 738.842 106020 
6240 46.8035 739.073 105750 
6250 46.8052 741.061 106320 
6260 46.8069 742.116 105900 
6270 46.8086 742.573 105990 
6280 46.8103 744.303 105870 
6290 46.812 745.397 105840 
6300 46.8138 747.659 106320 
6310 46.8155 748.14 106350 
6320 46.8172 748.946 106470 
6330 46.8187 750.281 106170 
6340 46.8203 752.152 105990 
6350 46.8219 752.985 105330 
6360 46.8236 754.31 105570 
6370 46.8252 755.964 105480 
6380 46.8269 756.722 105720 
6390 46.8286 758.581 105810 
6400 46.8303 759.178 105930 
6410 46.8317 760.47 105330 
6420 46.8334 762.011 105240 
6430 46.8351 763.108 105090 
6440 46.8368 763.9 105810 
6450 46.8385 765.014 105450 
6460 46.8403 766.486 105630 
6470 46.8419 766.867 105210 
6480 46.8439 767.228 105090 
6490 46.8457 768.536 105360 
6500 46.8474 769.677 105660 
6510 46.849 771.1 106170 
6520 46.8506 773.797 106320 
6530 46.8522 775.323 105990 
6540 46.8539 776.873 105930 
6550 46.8554 778.492 105420 
6560 46.8569 779.923 105720 
6570 46.8583 781.879 105840 
6580 46.8601 782.287 106260 
6590 46.862 783.012 105540 
6600 46.8635 784.275 106050 
6610 46.8653 786.046 105330 
6620 46.8671 787.93 105630 
6630 46.8689 789.204 105660 
6640 46.8706 790.649 105840 
6650 46.8721 791.879 105450 
6660 46.8739 792.774 105780 
6670 46.8757 794.414 105780 
6680 46.8774 795.635 105630 
6690 46.8791 796.444 105450 
6700 46.8808 799.082 105690 
6710 46.8826 799.875 105930 
6720 46.8845 800.956 105840 
6730 46.8861 801.58 105630 
6740 46.8876 802.403 105900 
6750 46.8891 802.649 105810 
6760 46.8908 803.321 105810 
6770 46.8924 803.941 105810 
6780 46.8942 805.538 106230 
6790 46.8958 807.28 106110 
6800 46.8975 808.866 106170 
6810 46.8989 809.801 105690 
6820 46.9003 810.698 106050 
6830 46.9018 812.442 106080 
6840 46.9034 813.051 106230 
6850 46.905 814.244 105630 
6860 46.9067 815.177 106290 
6870 46.9082 816.203 106020 
6880 46.9098 817.516 105720 
6890 46.9113 818.817 105540 
6900 46.9131 820.077 106080 
6910 46.9149 820.883 106170 
6920 46.9166 821.231 105900 
6930 46.918 822.893 105870 
6940 46.9197 823.493 105690 
6950 46.9212 824.979 105090 
6960 46.923 825.326 105540 
6970 46.9246 825.912 105510 
6980 46.9264 827.265 105690 
6990 46.9282 828.032 105210 
7000 46.9299 829.606 106080 
7010 46.9317 830.733 105600 
7020 46.9334 831.098 106080 
7030 46.935 831.418 105990 
7040 46.9365 832.489 105840 
7050 46.9379 833.531 105510 
7060 46.9393 834.951 105660 
7070 46.9405 836.955 106200 
7080 46.942 837.811 105840 
7090 46.9435 839.177 105600 
7100 46.9451 839.763 106020 
7110 46.9465 840.091 105480 
7120 46.9481 841.364 105690 
7130 46.9497 842.355 105840 
7140 46.9515 842.995 105990 
7150 46.9529 843.861 105510 
7160 46.9546 845.53 105150 
7170 46.9561 846.937 105240 
7180 46.9579 847.77 105630 
7190 46.9597 848.511 105720 
7200 46.9612 849.701 106020 
7210 46.9627 851.808 105450 
7220 46.9644 852.994 105780 
7230 46.9661 854.934 105420 
7240 46.9678 856.533 106080 
7250 46.9693 857.192 105780 
7260 46.9709 858.72 106140 
7270 46.9723 859.9 105720 
7280 46.9739 860.483 105420 
7290 46.9756 861.353 105090 
7300 46.9773 862.889 105450 
7310 46.9789 863.451 105210 
7320 46.9806 865.574 105480 
7330 46.9821 866.836 105870 
7340 46.984 868.355 105780 
7350 46.9857 869.881 105810 
7360 46.9875 870.787 106110 
7370 46.9892 871.282 105690 
7380 46.9909 870.627 105840 
7390 46.9924 872.007 105720 
7400 46.9938 872.562 105510 
7410 46.9954 872.986 105480 
7420 46.997 874.007 105780 
7430 46.9985 875.082 105480 
7440 47.0003 874.616 105480 
7450 47.0018 875.603 105570 
7460 47.0034 876.575 105540 
7470 47.005 877.051 105720 
7480 47.0066 878.442 106140 
7490 47.0082 879.383 105810 
7500 47.0098 880.305 105690 
7510 47.0113 881.267 106080 
7520 47.0131 881.218 106230 
7530 47.0149 882.396 105810 
7540 47.0167 884.185 105720 
7550 47.0183 885.076 106320 
7560 47.02 886.072 106440 
7570 47.0217 887.27 105810 
7580 47.0234 887.754 105810 
7590 47.025 888.958 105600 
7600 47.0266 889.857 106260 
7610 47.0284 890.823 105780 
7620 47.0301 891.668 105870 
7630 47.0317 893.411 105630 
7640 47.0334 894.148 105930 
7650 47.0351 894.625 105450 
7660 47.0369 895.29 106230 
7670 47.0386 896.557 105750 
7680 47.0402 898.545 106200 
7690 47.0419 899.707 106230 
7700 47.0434 900.101 106140 
7710 47.045 900.072 105750 
7720 47.0467 901.633 105990 
7730 47.0484 902.3 105780 
7740 47.0503 903.168 105840 
7750 47.0519 904.075 105540 
7760 47.0537 905.663 106080 
7770 47.0553 906.446 105690 
7780 47.057 906.635 105960 
7790 47.0585 907.739 105600 
7800 47.0603 908.493 105690 
7810 47.062 908.657 105510 
7820 47.0637 909.154 105480 
7830 47.0654 910.159 105840 
7840 47.067 911.352 105240 
7850 47.0686 912.272 105420 
7860 47.0703 914.422 105990 
7870 47.0718 915.358 105870 
7880 47.0731 916.463 105810 
7890 47.0746 917.566 105870 
7900 47.0763 917.889 105870 
7910 47.0778 919.29 105660 
7920 47.0794 920.037 106050 
7930 47.081 921.452 106080 
7940 47.0825 922.597 106290 
7950 47.0842 923.934 105750 
7960 47.0861 924.266 106230 
7970 47.0876 925.142 106230 
7980 47.0892 926.008 106560 
7990 47.0908 925.961 106380 
8000 47.0923 927.223 106230 
8010 47.094 928.312 106290 
8020 47.0956 929.11 106320 
8030 47.0973 929.752 105870 
8040 47.099 930.139 105480 
8050 47.1006 930.827 105570 
8060 47.1023 932.183 105960 
8070 47.1039 933.083 106080 
8080 47.1055 932.666 105840 
8090 47.107 933.381 105480 
8100 47.1086 935.218 105360 
8110 47.1102 936.305 105390 
8120 47.1118 936.598 105570 
8130 47.1133 936.718 105420 
8140 47.1149 937.578 105600 
8150 47.1166 938.493 105870 
8160 47.1182 940.277 106110 
8170 47.1198 941.512 105780 
8180 47.1214 942.907 105690 
8190 47.123 944.179 105180 
8200 47.1247 944.1 105540 
8210 47.1262 945.468 105780 
8220 47.1278 946.401 106230 
8230 47.1293 947.591 105990 
8240 47.131 948.543 106260 
8250 47.1327 948.65 105780 
8260 47.1343 949.024 105900 
8270 47.1358 950.083 105660 
8280 47.1375 951.27 105780 
8290 47.1395 951.481 106080 
8300 47.1412 952.686 105990 
8310 47.1428 954.645 105660 
8320 47.1445 955.225 106080 
8330 47.1455 956.339 105900 
8340 47.147 958.105 105900 
8350 47.1485 959.533 105570 
8360 47.15 958.836 105750 
8370 47.1514 959.335 105720 
8380 47.1529 960.898 105120 
8390 47.1546 962.006 105360 
8400 47.1562 962.46 105840 
8410 47.1578 962.731 105870 
8420 47.1595 962.408 105870 
8430 47.1608 963.049 105780 
8440 47.1623 963.54 105840 
8450 47.164 965.706 105870 
8460 47.1656 967.213 106200 
8470 47.1673 967.69 106230 
8480 47.1688 968.729 106140 
8490 47.1704 970.056 105900 
8500 47.1722 969.688 105990 
8510 47.1739 970.612 106230 
8520 47.1756 972.977 105960 
8530 47.1772 973.773 105930 
8540 47.1788 974.788 106320 
8550 47.1804 976.121 106200 
8560 47.182 977.469 105870 
8570 47.1835 978.819 105750 
8580 47.1853 980.364 106020 
8590 47.1867 982.486 105990 
8600 47.1883 983.427 106050 
8610 47.1898 984.536 106050 
8620 47.1914 985.202 106020 
8630 47.1931 986.549 105960 
8640 47.1949 987.242 105810 
8650 47.1964 987.81 106080 
8660 47.198 990.448 106050 
8670 47.1994 991.237 105480 
8680 47.2011 992.081 105810 
8690 47.2023 993.142 105750 
8700 47.2039 994.909 105930 
8710 47.2053 996.272 106020 
8720 47.2069 997.786 106020 
8730 47.2086 997.799 106020 
8740 47.2104 998.882 106020 
8750 47.2119 999.603 106110 
8760 47.2136 1001.02 106140 
8770 47.2152 1002.06 105960 
8780 47.2169 1003.79 106140 
8790 47.2184 1005.93 105810 
8800 47.22 1007.28 106440 
8810 47.2216 1009.44 105690 
8820 47.2231 1010.71 106170 
8830 47.2247 1012.04 105750 
8840 47.2264 1014.7 105810 
8850 47.2277 1014.59 105960 
8860 47.2293 1014.64 106140 
8870 47.2308 1015.2 105510 
8880 47.2325 1016.25 105510 
8890 47.2343 1016.64 104940 
8900 47.2361 1018.57 105000 
8910 47.2376 1020.1 105480 
8920 47.2393 1022.14 105870 
8930 47.2409 1024.34 106290 
8940 47.2425 1027.21 105600 
8950 47.2442 1027.86 105810 
8960 47.2458 1028.68 105840 
8970 47.2474 1030.67 105930 
8980 47.2489 1030.84 105870 
8990 47.2504 1033.04 105840 
9000 47.252 1034.17 106140 
9010 47.2535 1035.74 105750 
9020 47.255 1038.58 105780 
9030 47.2565 1038.67 105900 
9040 47.2581 1039.61 106050 
9050 47.2594 1039.16 106200 
9060 47.261 1040.25 106200 
9070 47.2625 1040.88 105960 
9080 47.2641 1041.86 106230 
9090 47.2657 1042.13 106110 
9100 47.2673 1043.22 106230 
9110 47.2687 1044.11 105540 
9120 47.2702 1046.26 106410 
9130 47.2717 1046.5 105750 
9140 47.2731 1048 106320 
9150 47.2746 1049.74 106410 
9160 47.2761 1049.26 106410 
9170 47.2777 1049.05 106020 
9180 47.2794 1048.36 105510 
9190 47.2809 1050.39 105810 
9200 47.2825 1052.45 105810 
9210 47.2839 1053.95 105450 
9220 47.2853 1055.71 105660 
9230 47.2866 1056.86 105570 
9240 47.2881 1057.01 106050 
9250 47.2896 1057.61 105570 
9260 47.2912 1058.31 105720 
9270 47.2927 1058.71 105780 
9280 47.2943 1061.34 105780 
9290 47.2959 1063.87 105750 
9300 47.2977 1064.42 106080 
9310 47.2992 1065.29 105870 
9320 47.3008 1066.68 106050 
9330 47.3022 1068.12 105720 
9340 47.3039 1069.85 105840 
9350 47.3055 1071.28 105660 
9360 47.3069 1072.13 106050 
9370 47.3085 1073.84 105570 
9380 47.31 1076.73 105630 
9390 47.3116 1079.19 105960 
9400 47.3131 1082.08 106110 
9410 47.3147 1082.17 106230 
9420 47.3164 1083.18 105960 
9430 47.3177 1084.98 105420 
9440 47.3193 1085.34 105780 
9450 47.3206 1086.44 105750 
9460 47.3219 1088.13 105930 
9470 47.323 1090.25 105630 
9480 47.3244 1088.95 105570 
9490 47.3259 1089.58 105660 
9500 47.3275 1091.31 105870 
9510 47.3292 1092.42 105360 
9520 47.331 1093.7 105720 
9530 47.3326 1095.61 106080 
9540 47.3342 1096.13 106410 
9550 47.3358 1098.23 106170 
9560 47.3376 1100.24 106500 
9570 47.3392 1102.15 106410 
9580 47.3406 1104.97 106710 
9590 47.342 1105.05 106200 
9600 47.3434 1105.69 106440 
9610 47.3449 1107.09 106470 
9620 47.3464 1108.22 106560 
9630 47.348 1108.18 106890 
9640 47.3496 1111.95 106590 
9650 47.3512 1113.44 105660 
9660 47.3528 1113.15 105780 
9670 47.3545 1114.2 105630 
9680 47.3562 1114.99 105930 
9690 47.3579 1114.61 106050 
9700 47.3596 1115.9 106170 
9710 47.3614 1117.94 105720 
9720 47.3631 1118.16 105480 
9730 47.3649 1120.69 105840 
9740 47.3668 1121.74 106200 
9750 47.3686 1124.03 105810 
9760 47.3704 1125.47 105540 
9770 47.3721 1126.91 105690 
9780 47.3736 1128.82 106020 
9790 47.3752 1128.44 106350 
9800 47.3769 1130.57 105900 
9810 47.3784 1132.42 106170 
9820 47.38 1135.18 105720 
9830 47.3816 1137.45 105990 
9840 47.3831 1138.08 105690 
9850 47.3847 1139.65 105540 
9860 47.3864 1139.53 105660 
9870 47.3878 1138.31 105300 
9880 47.3895 1140.4 105630 
9890 47.3912 1141.92 105840 
9900 47.3929 1142.95 105720 
9910 47.3945 1144.15 105960 
9920 47.396 1143.9 106050 
9930 47.3974 1146.54 106410 
9940 47.3988 1146.69 106140 
9950 47.4001 1146.73 105900 
9960 47.4015 1148.96 106020 
9970 47.4029 1149.01 105960 
9980 47.4046 1150.77 106110 
9990 47.4061 1151.47 106440 
10000 47.4078 1152.83 106170 
10010 47.4094 1153.93 105960 
10020 47.411 1156.05 105540 
10030 47.4127 1156.31 105870 
10040 47.4144 1157.65 106080 
10050 47.416 1157.34 106140 
10060 47.4177 1159.32 106200 
10070 47.4193 1159.48 106440 
10080 47.4209 1162.13 105930 
10090 47.4223 1162.59 105870 
10100 47.4239 1163.82 106260 
10110 47.4254 1165.87 106170 
10120 47.4272 1166.13 106410 
10130 47.4288 1167.44 106470 
10140 47.4306 1169.78 106800 
10150 47.432 1171.92 106440 
10160 47.4336 1172.87 106050 
10170 47.4351 1174.62 106050 
10180 47.4367 1177.3 106290 
10190 47.4383 1178.27 105660 
10200 47.4399 1177.1 105630 
10210 47.4416 1178.57 105270 
10220 47.4433 1180.55 105720 
10230 47.445 1182.63 105810 
10240 47.4467 1183.07 105870 
10250 47.4483 1184.05 106050 
10260 47.4498 1187.56 106170 
10270 47.4512 1188.95 106320 
10280 47.4528 1191.61 106770 
10290 47.4541 1194.23 106290 
10300 47.4557 1196.41 105930 
10310 47.4571 1198.51 106080 
10320 47.4588 1199.92 106470 
10330 47.4605 1201.7 106470 
10340 47.4622 1203.57 106140 
10350 47.4637 1205.54 106230 
10360 47.4653 1210.05 106350 
10370 47.4668 1212.7 106230 
10380 47.4685 1214.6 106650 
10390 47.4703 1218.25 106260 
10400 47.4721 1220.86 106410 
10410 47.4735 1223.57 105870 
10420 47.4749 1223.89 106140 
10430 47.4765 1227.71 106230 
10440 47.4782 1228.97 106260 
10450 47.4797 1230.72 106020 
10460 47.4813 1233.08 106290 
10470 47.4825 1232.17 106020 
10480 47.484 1233.55 105930 
10490 47.4853 1233.77 105510 
10500 47.4868 1235.97 105900 
10510 47.4883 1239.07 105750 
10520 47.4898 1239.53 105750 
10530 47.4913 1240.63 105840 
10540 47.4929 1244.17 106020 
10550 47.4944 1245.08 105990 
10560 47.496 1246.1 106050 
10570 47.4976 1249.02 105600 
10580 47.4992 1250.43 106050 
10590 47.5006 1250.4 105870 
10600 47.5022 1252.68 106350 
10610 47.5038 1253.69 105960 
10620 47.5053 1254.37 106440 
10630 47.5068 1257.12 106020 
10640 47.5083 1257.04 106200 
10650 47.5098 1257.55 106440 
10660 47.5113 1258.83 105840 
10670 47.5128 1261.32 105510 
10680 47.5144 1261.85 106410 
10690 47.5158 1262.14 106290 
10700 47.5173 1264.66 105930 
10710 47.5187 1263.9 106050 
10720 47.5202 1266.31 106620 
10730 47.5219 1268.22 106410 
10740 47.5236 1270.44 106260 
10750 47.5252 1271.57 106050 
10760 47.527 1271.07 106200 
10770 47.5288 1271.48 106230 
10780 47.5303 1271.63 106320 
10790 47.5319 1272.5 106290 
10800 47.5337 1275.4 106290 
10810 47.535 1276.81 106020 
10820 47.5366 1279.66 105990 
10830 47.5381 1281.33 105510 
10840 47.5396 1282.06 105540 
10850 47.5412 1283.71 106230 
10860 47.5427 1286.05 106230 
10870 47.5442 1285.81 105900 
10880 47.5458 1287.17 106230 
10890 47.5471 1285.33 106200 
10900 47.5484 1286.71 106080 
10910 47.5499 1288.73 105900 
10920 47.5514 1288.86 105810 
10930 47.553 1288.82 105360 
10940 47.5545 1291.56 105510 
10950 47.5562 1292.85 106020 
10960 47.5578 1293.73 106020 
10970 47.5595 1296.61 106020 
10980 47.561 1301.42 106470 
10990 47.5623 1302.2 106200 
11000 47.5639 1304.69 105900 
11010 47.5652 1304.77 105810 
11020 47.5666 1307.89 105990 
11030 47.568 1308.51 105900 
11040 47.5695 1307.99 105930 
11050 47.571 1309.57 105660 
11060 47.5725 1312.23 106140 
11070 47.5741 1315.2 105720 
11080 47.5756 1317.42 105960 
11090 47.5771 1317.61 105720 
11100 47.5788 1317.54 105990 
11110 47.5802 1318.39 105960 
11120 47.582 1319.55 105930 
11130 47.5834 1320.36 105750 
11140 47.5849 1322.28 105750 
11150 47.5863 1323.49 105480 
11160 47.5879 1326.5 105750 
11170 47.5893 1328.04 106080 
11180 47.5909 1329.87 106290 
11190 47.5923 1332.29 106320 
11200 47.594 1334.64 106140 
11210 47.5955 1337.92 105930 
11220 47.5971 1339.69 105960 
11230 47.5986 1338.14 105630 
11240 47.6002 1339.6 105900 
11250 47.6016 1340.2 105750 
11260 47.6033 1340.96 106350 
11270 47.6048 1340.46 106020 
11280 47.6064 1342.4 106200 
11290 47.6079 1344.65 105900 
11300 47.6094 1345.62 105810 
11310 47.6108 1346.59 105600 
11320 47.6123 1348.24 105990 
11330 47.6137 1349.67 105840 
11340 47.6152 1351.96 106230 
11350 47.6167 1354.6 105600 
11360 47.6183 1356.18 105720 
11370 47.62 1356.86 105570 
11380 47.6216 1358.71 106050 
11390 47.6233 1359.63 106050 
11400 47.6248 1359.41 106650 
11410 47.6263 1359.94 106290 
11420 47.6279 1361.13 105630 
11430 47.6293 1362.13 105660 
11440 47.6309 1361.19 105990 
11450 47.6324 1363.52 105630 
11460 47.634 1366.03 106050 
11470 47.6354 1369.83 105840 
11480 47.637 1373.35 105900 
11490 47.6384 1375.63 105900 
11500 47.64 1376.35 106050 
11510 47.6413 1376.86 105840 
11520 47.6428 1379.08 105930 
11530 47.6442 1380.68 105870 
11540 47.6459 1382.33 106260 
11550 47.6475 1384.06 106230 
11560 47.6492 1385.69 106710 
11570 47.6508 1387.56 106200 
11580 47.6523 1389.04 106440 
11590 47.6537 1389.06 106440 
11600 47.6553 1389.92 106470 
11610 47.6568 1390.87 106290 
11620 47.6583 1390.97 106380 
11630 47.6598 1391.71 106770 
11640 47.6613 1393.39 106500 
11650 47.6627 1395.99 106620 
11660 47.6643 1397.42 106350 
11670 47.6657 1397.28 105810 
11680 47.6673 1397.41 105960 
11690 47.6687 1399.78 105570 
11700 47.6703 1398.83 105870 
11710 47.6716 1400.27 105420 
11720 47.673 1403.28 105750 
11730 47.6745 1402.32 105600 
11740 47.6761 1401.71 105900 
11750 47.6775 1403.13 106260 
11760 47.679 1407.34 106170 
11770 47.6804 1410.14 105900 
11780 47.682 1415.49 106320 
11790 47.6834 1416.51 106050 
11800 47.6849 1419.34 106200 
11810 47.6865 1418.46 106110 
11820 47.6881 1421.48 106140 
11830 47.6896 1423.03 106170 
11840 47.6913 1422.97 106050 
11850 47.6929 1424.17 105930 
11860 47.6944 1425.33 106320 
11870 47.6959 1427.4 106230 
11880 47.6976 1427.5 106590 
11890 47.6991 1429.25 106350 
11900 47.7008 1427.56 106530 
11910 47.7022 1426.97 106230 
11920 47.7038 1428.86 106110 
11930 47.7052 1431.88 105540 
11940 47.7069 1433.83 106110 
11950 47.7084 1437.73 106080 
11960 47.7101 1439.94 105960 
11970 47.7117 1442.76 105630 
11980 47.7133 1440.85 106230 
11990 47.7149 1442.3 105750 
12000 47.7165 1445.84 106080 
12010 47.7178 1445.48 105840 
12020 47.7194 1444.38 106200 
12030 47.7209 1449.41 105840 
12040 47.7226 1449.7 106110 
12050 47.7243 1450.98 106050 
12060 47.7259 1452.61 106170 
12070 47.7275 1456.07 106200 
12080 47.7291 1458.83 105930 
12090 47.7305 1461.89 105840 
12100 47.7322 1462.13 106080 
12110 47.7337 1464.46 105960 
12120 47.7355 1464.46 106260 
12130 47.737 1467.84 106560 
12140 47.7387 1469.3 106440 
12150 47.7401 1470.35 105630 
12160 47.7417 1469.2 105930 
12170 47.7431 1469.86 105660 
12180 47.7446 1472.72 106080 
12190 47.746 1474.83 105930 
12200 47.7474 1477.77 105930 
12210 47.749 1480.67 105720 
12220 47.7506 1482.3 106200 
12230 47.752 1483.52 105930 
12240 47.7536 1485.61 105690 
12250 47.7551 1487.94 105870 
12260 47.7565 1491.07 105960 
12270 47.7579 1492.94 106110 
12280 47.7595 1493.44 105930 
12290 47.761 1495 105480 
12300 47.7626 1497.18 106020 
12310 47.7643 1496.64 105720 
12320 47.7662 1497.9 106050 
12330 47.7679 1499.3 105810 
12340 47.7696 1499.49 105810 
12350 47.7711 1493.53 105870 
12360 47.7728 1497.13 105630 
12370 47.7744 1498.99 105840 
12380 47.776 1501.46 105630 
12390 47.7777 1503.06 105720 
12400 47.7794 1505.44 106320 
12410 47.7809 1508.15 106140 
12420 47.7824 1509.97 105840 
12430 47.784 1511.48 105660 
12440 47.7859 1511.23 105870 
12450 47.7875 1510.64 106110 
12460 47.7891 1512.04 105960 
12470 47.7907 1512.33 106170 
12480 47.7922 1512.76 106200 
12490 47.7934 1514.39 106560 
12500 47.7947 1513.64 106170 
12510 47.7957 1515.66 105990 
12520 47.7968 1513.88 106110 
12530 47.7972 1514.82 105870 
12540 47.7973 1514.78 105600 
12550 47.7974 1515.35 105690 
12560 47.7975 1515.91 105630 
12570 47.7975 1517.43 105660 
12580 47.7976 1518.59 105180 
12590 47.7976 1520.09 105990 
12600 47.7977 1521.49 105660 
12610 47.7977 1523.24 105960 
12620 47.7977 1525.39 105690 
12630 47.7977 1527.22 105930 
12640 47.7978 1529.3 105450 
12650 47.7978 1532.19 105990 
12660 47.7978 1534.57 105480 
12670 47.7978 1536.37 105960 
12680 47.7978 1538.34 105600 
12690 47.7979 1540.09 105660 
12700 47.7979 1542.14 105480 
12710 47.7979 1544.21 105570 
12720 47.7979 1546.21 105630 
12730 47.7979 1547.67 106140 
12740 47.7979 1549.43 105900 
12750 47.7979 1551.36 106230 
12760 47.798 1553.61 106410 
12770 47.798 1554.88 106080 
12780 47.798 1556.89 106140 
12790 47.798 1558.29 106380 
12800 47.798 1559.16 106170 
12810 47.798 1560.61 106140 
12820 47.798 1562.08 106440 
12830 47.798 1564.3 106320 
12840 47.798 1564.52 106290 
12850 47.798 1566.04 106470 
12860 47.798 1568.11 106260 
12870 47.7981 1569.33 106230 
12880 47.7981 1570.86 106080 
12890 47.7981 1572.57 105960 
12900 47.7981 1573.76 106140 
12910 47.7981 1575.24 106110 
12920 47.7981 1576.28 106110 
12930 47.7981 1577.42 105780 
12940 47.7981 1578.67 106050 
12950 47.7981 1579.52 105630 
12960 47.7981 1581.05 106440 
12970 47.7981 1582.6 105990 
12980 47.7981 1583.92 106410 
12990 47.7981 1584.43 106320 
13000 47.7981 1585.07 106320 
13010 47.7981 1586.52 106140 
13020 47.7981 1587.87 106020 
13030 47.7982 1589.98 105900 
13040 47.7982 1591.28 106200 
13050 47.7982 1592.71 106350 
13060 47.7982 1594.28 105930 
13070 47.7982 1595.46 105870 
13080 47.7982 1597.18 105810 
13090 47.7982 1599 106050 
13100 47.7982 1600.69 106110 
13110 47.7982 1602.38 105810 
13120 47.7982 1604.18 106170 
13130 47.7982 1605.49 105810 
13140 47.7982 1607.33 105450 
13150 47.7982 1609.94 105690 
13160 47.7982 1611.89 106170 
13170 47.7982 1613.71 105360 
13180 47.7982 1615.78 105450 
13190 47.7982 1618.26 105570 
13200 47.7983 1620.29 105960 
13210 47.7983 1621.8 105300 
13220 47.7983 1623.94 106110 
13230 47.7983 1626.1 105570 
13240 47.7983 1629.39 105930 
13250 47.7983 1631.18 105660 
13260 47.7983 1632.79 105660 
13270 47.7983 1634.84 105840 
13280 47.7983 1637.11 106110 
13290 47.7983 1640.02 105510 
13300 47.7983 1641.18 106170 
13310 47.7983 1643.09 105360 
13320 47.7983 1646.1 105570 
13330 47.7983 1647.24 105390 
13340 47.7983 1650.05 105960 
13350 47.7983 1652.52 105990 
13360 47.7983 1654.83 105720 
13370 47.7983 1657.94 105540 
13380 47.7983 1660.18 105900 
13390 47.7983 1661.97 105450 
13400 47.7984 1664.47 106080 
13410 47.7984 1665.71 106380 
13420 47.7984 1667.37 106410 
13430 47.7984 1668.62 106290 
13440 47.7984 1670.72 106350 
13450 47.7984 1671.93 105750 
13460 47.7984 1674.27 106050 
13470 47.7984 1675.32 105840 
13480 47.7984 1677.61 105630 
13490 47.7984 1679.1 105480 
13500 47.7984 1680.69 105990 
13510 47.7984 1682.66 105330 
13520 47.7984 1685.44 106020 
13530 47.7984 1686.93 105780 
13540 47.7984 1688.21 106050 
13550 47.7984 1690.6 105540 
13560 47.7984 1692.61 106020 
13570 47.7984 1694.61 105690 
13580 47.7984 1696 105930 
13590 47.7984 1697.62 105660 
13600 47.7984 1699.78 106200 
13610 47.7985 1701.08 105660 
13620 47.7985 1702.86 105270 
13630 47.7985 1704.27 105570 
13640 47.7985 1705.71 106080 
13650 47.7985 1706.28 105930 
13660 47.7985 1708.95 106320 
13670 47.7985 1710.82 105570 
13680 47.7985 1713.73 105990 
13690 47.7985 1715.24 105510 
13700 47.7985 1717.02 105420 
13710 47.7985 1717.8 105090 
13720 47.7985 1720.18 105540 
13730 47.7985 1721.69 105000 
13740 47.7985 1722.63 105750 
13750 47.7985 1724.71 105480 
13760 47.7985 1726.22 105810 
13770 47.7985 1728.13 105210 
13780 47.7985 1729.25 105750 
13790 47.7985 1730.94 105720 
13800 47.7985 1732.73 105810 
13810 47.7985 1733.39 105900 
13820 47.7985 1734.56 105870 
13830 47.7985 1736.31 105900 
13840 47.7985 1738.36 105840 
13850 47.7985 1739.29 105510 
13860 47.7986 1740.69 105870 
13870 47.7986 1741.35 105600 
13880 47.7986 1742.35 105990 
13890 47.7986 1743.7 106170 
13900 47.7986 1744.51 105990 
13910 47.7986 1745.81 105630 
13920 47.7986 1747.67 105540 
13930 47.7986 1748.82 105390 
13940 47.7986 1749.35 106050 
13950 47.7986 1750.49 105870 
13960 47.7986 1751.73 105810 
13970 47.7986 1753.21 105960 
13980 47.7986 1754.22 106110 
13990 47.7986 1755.36 105690 
14000 47.7986 1756.43 105450 
14010 47.7986 1758.57 105480 
14020 47.7986 1759.65 105270 
14030 47.7986 1759.85 105600 
14040 47.7986 1760.35 105900 
14050 47.7986 1761.21 105660 
14060 47.7986 1761.69 105900 
14070 47.7986 1762.19 105600 
14080 47.7986 1763.28 106230 
14090 47.7986 1764.65 105840 
14100 47.7986 1765.39 105600 
14110 47.7987 1766.95 105330 
14120 47.7987 1767.86 105450 
14130 47.7987 1769 105600 
14140 47.7987 1770.78 105600 
14150 47.7987 1772.41 106200 
14160 47.7987 1773.43 105930 
14170 47.7987 1773.88 105570 
14180 47.7987 1774.72 105810 
14190 47.7987 1776.1 105270 
14200 47.7987 1777.86 105570 
14210 47.7987 1778.71 105510 
14220 47.7987 1779.68 105810 
14230 47.7987 1780.4 105720 
14240 47.7987 1781.73 106140 
14250 47.7987 1782.79 106050 
14260 47.7987 1783.34 106320 
14270 47.7987 1784.22 105900 
14280 47.7987 1784.94 105870 
14290 47.7987 1785.92 105810 
14300 47.7987 1786.53 105870 
14310 47.7987 1787.77 106110 
14320 47.7987 1788.79 106290 
14330 47.7987 1789.55 105960 
14340 47.7987 1790.51 105750 
14350 47.7987 1791.71 105600 
14360 47.7987 1793.17 105540 
14370 47.7987 1794.81 105390 
14380 47.7987 1795.95 105450 
14390 47.7988 1796.93 105690 
14400 47.7988 1798.44 105810 
14410 47.7988 1799.06 105510 
14420 47.7988 1800.01 105810 
14430 47.7988 1801.47 105540 
14440 47.7988 1803.49 105720 
14450 47.7988 1804.79 105720 
14460 47.7988 1806.06 106260 
14470 47.7988 1807.03 105750 
14480 47.7988 1808.37 105720 
14490 47.7988 1808.84 105480 
14500 47.7988 1809.7 105900 
14510 47.7988 1811.05 105960 
14520 47.7988 1812.04 105720 
14530 47.7988 1812.77 105630 
14540 47.7988 1813.61 106050 
14550 47.7988 1814.4 105990 
14560 47.7988 1814.88 105840 
14570 47.7988 1815.98 105930 
14580 47.7988 1817.42 105660 
14590 47.7988 1818.47 105480 
14600 47.7988 1819.46 105840 
14610 47.7988 1820.36 105540 
14620 47.7988 1821.36 105870 
14630 47.7988 1822.47 105630 
14640 47.7988 1823.4 105540 
14650 47.7988 1824.94 105480 
14660 47.7988 1825.51 105630 
14670 47.7988 1826.89 105510 
14680 47.7988 1828.01 105720 
14690 47.7989 1828.58 105570 
14700 47.7989 1829.54 105900 
14710 47.7989 1830.71 105360 
14720 47.7989 1831.69 105780 
14730 47.7989 1833.12 106050 
14740 47.7989 1834.37 105750 
14750 47.7989 1835.65 105810 
14760 47.7989 1836.9 105780 
14770 47.7989 1838.12 105390 
14780 47.7989 1838.58 105660 
14790 47.7989 1840.07 105540 
14800 47.7989 1841.76 105780 
14810 47.7989 1842.67 105420 
14820 47.7989 1843.53 105990 
14830 47.7989 1844.51 105570 
14840 47.7989 1845.67 105810 
14850 47.7989 1846.84 105960 
14860 47.7989 1847.36 105540 
14870 47.7989 1848.44 105510 
14880 47.7989 1850.21 106200 
14890 47.7989 1852.48 106080 
14900 47.7989 1854.07 106200 
14910 47.7989 1855.58 105870 
14920 47.7989 1857.02 106230 
14930 47.7989 1858.76 105810 
14940 47.7989 1860.05 105600 
14950 47.7989 1861.04 105600 
14960 47.7989 1862.21 105840 
14970 47.7989 1862.67 105630 
14980 47.7989 1863.32 105870 
14990 47.799 1865.04 106080 
15000 47.799 1865.75 105810 
15010 47.799 1866.65 105480 
15020 47.799 1867.42 105570 
15030 47.799 1868.87 105930 
15040 47.799 1870.17 105870 
15050 47.799 1870.88 105870 
15060 47.799 1871.86 106050 
15070 47.799 1873.25 105570 
15080 47.799 1874.76 105630 
15090 47.799 1876.1 105450 
15100 47.799 1876.93 105420 
15110 47.799 1878.19 105360 
15120 47.799 1878.9 105600 
15130 47.799 1879.59 105540 
15140 47.799 1880.6 105720 
15150 47.799 1881.62 105900 
15160 47.799 1882.6 105360 
15170 47.799 1883.74 105540 
15180 47.799 1884.85 105810 
15190 47.799 1885.81 105690 
15200 47.799 1886.92 105780 
15210 47.799 1887.57 105630 
15220 47.799 1888.38 105510 
15230 47.799 1889.07 105420 
15240 47.799 1889.83 105450 
15250 47.799 1890.82 105450 
15260 47.799 1891.53 105690 
15270 47.799 1892.58 105690 
15280 47.7991 1893.74 105900 
15290 47.7991 1895.27 105540 
15300 47.7991 1895.88 105960 
15310 47.7991 1897.36 105360 
15320 47.7991 1898.64 105570 
15330 47.7991 1899.38 105600 
15340 47.7991 1900.53 105930 
15350 47.7991 1901.35 105420 
15360 47.7991 1903.03 105540 
15370 47.7991 1904.53 106260 
15380 47.7991 1905.71 106350 
15390 47.7991 1907.03 106110 
15400 47.7991 1909.11 106380 
15410 47.7991 1909.72 105600 
15420 47.7991 1910.88 105900 
15430 47.7991 1911.96 105780 
15440 47.7991 1913.14 106140 
15450 47.7991 1914.12 105450 
15460 47.7991 1914.74 106140 
15470 47.7991 1915.66 105300 
15480 47.7991 1916.66 105210 
15490 47.7991 1917.31 105600 
15500 47.7991 1917.95 105600 
15510 47.7991 1919.02 105450 
15520 47.7991 1920.39 105540 
15530 47.7991 1921.12 105240 
15540 47.7991 1921.78 105630 
15550 47.7991 1922.99 105720 
15560 47.7991 1923.21 106020 
15570 47.7992 1924.7 105690 
15580 47.7992 1926.06 106050 
15590 47.7992 1927.49 105990 
15600 47.7992 1928.28 106260 
15610 47.7992 1929.83 105420 
15620 47.7992 1930.18 105390 
15630 47.7992 1931.03 105540 
15640 47.7992 1931.33 105390 
15650 47.7992 1932.42 105300 
15660 47.7992 1933.06 105900 
15670 47.7992 1933.6 105720 
15680 47.7992 1934.2 106080 
15690 47.7992 1935.73 105720 
15700 47.7992 1936.34 105900 
15710 47.7992 1936.83 105630 
15720 47.7992 1937.76 106080 
15730 47.7992 1939.18 105480 
15740 47.7992 1939.2 105570 
15750 47.7992 1940.55 105150 
15760 47.7992 1941.18 105420 
15770 47.7992 1942.75 105090 
15780 47.7992 1943.79 105510 
15790 47.7992 1945.29 105810 
15800 47.7992 1945.38 105660 
15810 47.7992 1946.36 105960 
15820 47.7992 1947.03 105960 
15830 47.7992 1948.69 105690 
15840 47.7992 1949.65 105480 
15850 47.7993 1950.58 105570 
15860 47.7993 1952.46 105750 
15870 47.7993 1953.12 105990 
15880 47.7993 1954.24 105840 
15890 47.7993 1955.74 105180 
15900 47.7993 1956.83 105930 
15910 47.7993 1957.93 105750 
15920 47.7993 1959.2 105810 
15930 47.7993 1960.7 105870 
15940 47.7993 1961.96 105510 
15950 47.7993 1962.71 105690 
15960 47.7993 1963.64 105900 
15970 47.7993 1964.66 105390 
15980 47.7993 1966.29 105750 
15990 47.7993 1967.18 105120 
16000 47.7993 1968.16 105690 
16010 47.7993 1969.03 105900 
16020 47.7993 1970.29 105660 
16030 47.7993 1971.22 105780 
16040 47.7993 1972.13 105600 
16050 47.7993 1973.85 105270 
16060 47.7993 1975.48 105570 
16070 47.7993 1976.9 105570 
16080 47.7993 1977.54 105930 
16090 47.7993 1978.5 105360 
16100 47.7993 1979.93 106110 
16110 47.7993 1981.44 105390 
16120 47.7993 1982.39 105510 
16130 47.7993 1984.04 105480 
16140 47.7994 1985.48 105750 
16150 47.7994 1986.33 105750 
16160 47.7994 1986.93 105960 
16170 47.7994 1987.43 105960 
16180 47.7994 1988.97 105630 
16190 47.7994 1990.21 105960 
16200 47.7994 1991.11 105540 
16210 47.7994 1992.61 105360 
16220 47.7994 1993.23 105870 
16230 47.7994 1994.41 105150 
16240 47.7994 1994.98 106170 
16250 47.7994 1996.53 105690 
16260 47.7994 1997.43 105930 
16270 47.7994 1998.93 105570 
16280 47.7994 1999.61 105990 
16290 47.7994 2001.66 105780 
16300 47.7994 2002.6 105780 
16310 47.7994 2003.62 105900 
16320 47.7994 2004.58 105810 
16330 47.7994 2005.59 105720 
16340 47.7994 2007.14 106200 
16350 47.7994 2007.15 105810 
16360 47.7994 2008.21 105900 
16370 47.7994 2009.65 105450 
16380 47.7994 2010.32 105690 
16390 47.7994 2011.17 105690 
16400 47.7994 2011.84 105600 
16410 47.7994 2012.62 105450 
16420 47.7995 2014.37 105540 
16430 47.7995 2015 105150 
16440 47.7995 2015.38 106290 
16450 47.7995 2016.93 106050 
16460 47.7995 2017.55 105870 
16470 47.7995 2019.01 105630 
16480 47.7995 2019.43 105690 
16490 47.7995 2019.98 105570 
16500 47.7995 2019.91 105750 
16510 47.7995 2020.12 105510 
16520 47.7995 2020.71 106080 
16530 47.7995 2021.37 105390 
16540 47.7995 2022.44 105870 
16550 47.7995 2023.24 105960 
16560 47.7995 2023.33 106230 
16570 47.7995 2024.44 105870 
16580 47.7995 2025.39 105930 
16590 47.7995 2026.59 105630 
16600 47.7995 2026.98 105570 
16610 47.7995 2028.18 105450 
16620 47.7995 2028.98 105420 
16630 47.7995 2029.5 105720 
16640 47.7995 2031.4 105720 
16650 47.7995 2033.03 105480 
16660 47.7995 2033.16 105750 
16670 47.7995 2034.05 105540 
16680 47.7995 2034.84 105660 
16690 47.7995 2036.24 105360 
16700 47.7995 2037.39 105840 
16710 47.7995 2038.58 105780 
16720 47.7995 2039.67 105930 
16730 47.7996 2039.94 105660 
16740 47.7996 2040.72 106080 
16750 47.7996 2041.33 105990 
16760 47.7996 2041.62 105810 
16770 47.7996 2043.5 105990 
16780 47.7996 2044.34 105810 
16790 47.7996 2045.99 106080 
16800 47.7996 2046.78 105930 
16810 47.7996 2048.77 105780 
16820 47.7996 2050.38 106050 
16830 47.7996 2051.39 105780 
16840 47.7996 2052.26 106140 
16850 47.7996 2053.66 105540 
16860 47.7996 2054.58 105390 
16870 47.7996 2055.94 106020 
16880 47.7996 2056.62 106080 
16890 47.7996 2058.39 105810 
16900 47.7996 2058.62 105990 
16910 47.7996 2059.58 105840 
16920 47.7996 2060.91 106080 
16930 47.7996 2062.43 105570 
16940 47.7996 2064.21 105960 
16950 47.7996 2065.32 106080 
16960 47.7996 2066.5 105990 
16970 47.7996 2067.47 105360 
16980 47.7996 2068.44 105390 
16990 47.7996 2069.31 105810 
17000 47.7996 2069.32 105810 
17010 47.7996 2070.47 105840 
17020 47.7996 2071.63 105840 
17030 47.7996 2071.95 105480 
17040 47.7996 2072.69 105690 
17050 47.7997 2073.73 105600 
17060 47.7997 2074.24 105810 
17070 47.7997 2075.69 105570 
17080 47.7997 2076.82 105300 
17090 47.7997 2078.05 106080 
17100 47.7997 2078.9 106140 
17110 47.7997 2079.93 106230 
17120 47.7997 2081.15 106050 
17130 47.7997 2082.97 106050 
17140 47.7997 2082.86 106230 
17150 47.7997 2083.26 105030 
17160 47.7997 2083.79 105750 
17170 47.7997 2084.31 105750 
17180 47.7997 2085.16 106050 
17190 47.7997 2086 105510 
17200 47.7997 2087.08 105720 
17210 47.7997 2089.05 106050 
17220 47.7997 2089.55 105840 
17230 47.7997 2090.11 105570 
17240 47.7997 2090.38 106050 
17250 47.7997 2091.58 105510 
17260 47.7997 2093.55 105720 
17270 47.7997 2094.63 105240 
17280 47.7997 2095.12 105090 
17290 47.7997 2096.48 105300 
17300 47.7997 2097.92 105900 
17310 47.7997 2098.52 105300 
17320 47.7997 2099.24 106170 
17330 47.7997 2101.54 105750 
17340 47.7997 2102.58 106020 
17350 47.7998 2103.13 105450 
17360 47.7998 2104.93 105990 
17370 47.7998 2105.7 105600 
17380 47.7998 2106.48 105630 
17390 47.7998 2106.94 105690 
17400 47.7998 2108.07 106080 
17410 47.7998 2108.99 105720 
17420 47.7998 2109.74 105600 
17430 47.7998 2111.05 105690 
17440 47.7998 2112.74 105690 
17450 47.7998 2113.62 105630 
17460 47.7998 2114.13 105810 
17470 47.7998 2115.5 105750 
17480 47.7998 2116.78 105810 
17490 47.7998 2117.38 105390 
17500 47.7998 2118.08 105600 
17510 47.7998 2118.85 105210 
17520 47.7998 2120.1 105360 
17530 47.7998 2121.11 105840 
17540 47.7998 2121.21 105870 
17550 47.7998 2122.52 105450 
17560 47.7998 2123.32 105930 
17570 47.7998 2124.07 105810 
17580 47.7998 2125.01 105690 
17590 47.7998 2126.19 105540 
17600 47.7998 2127.16 105510 
17610 47.7998 2127.7 105810 
17620 47.7998 2127.54 106350 
17630 47.7998 2127.63 105690 
17640 47.7998 2128.97 105870 
17650 47.7998 2129.83 105900 
17660 47.7999 2130.46 105660 
17670 47.7999 2132.2 105540 
17680 47.7999 2133.76 105720 
17690 47.7999 2134.52 105210 
17700 47.7999 2134.71 105390 
17710 47.7999 2135.65 105360 
17720 47.7999 2135.98 105150 
17730 47.7999 2136.97 105690 
17740 47.7999 2137.64 105600 
17750 47.7999 2138.08 105180 
17760 47.7999 2139.47 105210 
17770 47.7999 2139.49 105450 
17780 47.7999 2140.23 105780 
17790 47.7999 2140.6 105900 
17800 47.7999 2140.91 105630 
17810 47.7999 2142.66 105870 
17820 47.7999 2143.35 105870 
17830 47.7999 2144.62 105660 
17840 47.7999 2146.14 105930 
17850 47.7999 2147.08 105720 
17860 47.7999 2148.38 106290 
17870 47.7999 2149.97 105690 
17880 47.7999 2150.64 105870 
17890 47.7999 2151.27 105420 
17900 47.7999 2153.15 105900 
17910 47.7999 2154.26 106020 
17920 47.7999 2155.18 105990 
17930 47.7999 2156.41 105600 
17940 47.7999 2157.46 105840 
17950 47.7999 2158.31 105870 
17960 47.7999 2159.55 105750 
17970 47.8 2160.54 105960 
17980 47.8 2160.85 106020 
17990 47.8 2161.35 106110 
18000 47.8 2162.08 106080 
18010 47.8 2162.92 105630 
18020 47.8 2164.19 106260 
18030 47.8 2165.53 105630 
18040 47.8 2166.43 105960 
18050 47.8 2166.86 105540 
18060 47.8 2168.45 105630 
18070 47.8 2169.84 105990 
18080 47.8 2170.48 105930 
18090 47.8 2171.19 105570 
18100 47.8 2172.34 106140 
18110 47.8 2173.59 105960 
18120 47.8 2173.39 105990 
18130 47.8 2174.64 106050 
18140 47.8 2175.21 105690 
18150 47.8 2175.94 105780 
18160 47.8 2176.46 105900 
18170 47.8 2177.63 105720 
18180 47.8 2178.64 105870 
18190 47.8 2179 105930 
18200 47.8 2179.56 105930 
18210 47.8 2180.13 105600 
18220 47.8 2181.15 105840 
18230 47.8 2182.24 105630 
18240 47.8 2183.14 105870 
18250 47.8 2183.61 106050 
18260 47.8 2184.47 106470 
18270 47.8 2185.57 106260 
18280 47.8 2186.46 106140 
18290 47.8001 2187.59 105780 
18300 47.8001 2188.83 105900 
18310 47.8001 2189.66 106380 
18320 47.8001 2190.43 106230 
18330 47.8001 2191.27 106170 
18340 47.8001 2192.59 105810 
18350 47.8001 2194.43 105990 
18360 47.8001 2195.56 106410 
18370 47.8001 2196.73 105960 
18380 47.8001 2198.35 105570 
18390 47.8001 2199.13 105630 
18400 47.8001 2199.77 106350 
18410 47.8001 2201 105960 
18420 47.8001 2201.97 105840 
18430 47.8001 2202.73 105360 
18440 47.8001 2204.24 105330 
18450 47.8001 2205.52 105480 
18460 47.8001 2206.82 105870 
18470 47.8001 2207.76 105630 
18480 47.8001 2208.63 106050 
18490 47.8001 2209.18 105840 
18500 47.8001 2210.41 105570 
18510 47.8001 2211.54 105900 
18520 47.8001 2212.96 105900 
18530 47.8001 2214.13 105720 
18540 47.8001 2215.87 106320 
18550 47.8001 2216.99 105900 
18560 47.8001 2217.94 105750 
18570 47.8001 2219.49 105510 
18580 47.8001 2221.55 105660 
18590 47.8001 2223.54 105600 
18600 47.8002 2224.24 105600 
18610 47.8002 2224.91 105240 
18620 47.8002 2226.56 105870 
18630 47.8002 2227.63 105780 
18640 47.8002 2228.82 106110 
18650 47.8002 2229.23 106290 
18660 47.8002 2230.55 106260 
18670 47.8002 2231.66 105720 
18680 47.8002 2232.73 105990 
18690 47.8002 2233.29 106080 
18700 47.8002 2234.75 105990 
18710 47.8002 2236.01 105930 
18720 47.8002 2236.92 105720 
18730 47.8002 2237.65 105900 
18740 47.8002 2239.35 105840 
18750 47.8002 2240.09 105630 
18760 47.8002 2241.77 106020 
18770 47.8002 2242.9 105690 
18780 47.8002 2243.45 105930 
18790 47.8002 2244.72 105840 
18800 47.8002 2245.81 106260 
18810 47.8002 2246.99 105870 
18820 47.8002 2248.28 106020 
18830 47.8002 2249.28 105660 
18840 47.8002 2250.05 105630 
18850 47.8002 2250.29 105420 
18860 47.8002 2251.1 106050 
18870 47.8002 2251.77 105810 
18880 47.8002 2252.86 106020 
18890 47.8002 2254.25 105300 
18900 47.8002 2255.26 105510 
18910 47.8003 2256.23 105660 
18920 47.8003 2257.23 105990 
18930 47.8003 2257.99 105630 
18940 47.8003 2258.69 105750 
18950 47.8003 2259.61 106260 
18960 47.8003 2261.15 106080 
18970 47.8003 2262.17 105510 
18980 47.8003 2263.26 106320 
18990 47.8003 2263.92 105780 
19000 47.8003 2264.88 106200 
19010 47.8003 2265.51 105630 
19020 47.8003 2267.12 106050 
19030 47.8003 2268.32 105690 
19040 47.8003 2269.4 106200 
19050 47.8003 2271.54 105840 
19060 47.8003 2272.71 106080 
19070 47.8003 2273.87 105720 
19080 47.8003 2274.73 105840 
19090 47.8003 2276.39 105870 
19100 47.8003 2276.92 106290 
19110 47.8003 2278.05 105870 
19120 47.8003 2279.22 106080 
19130 47.8003 2280.5 105930 
19140 47.8003 2281.79 106200 
19150 47.8003 2282.85 105930 
19160 47.8003 2283.94 106110 
19170 47.8003 2285.6 105720 
19180 47.8003 2286.18 105240 
19190 47.8003 2286.51 105360 
19200 47.8004 2288.76 105480 
19210 47.8004 2290.18 105330 
19220 47.8004 2291.84 105660 
19230 47.8004 2293.65 105150 
19240 47.8004 2295.2 105510 
19250 47.8004 2296.59 105420 
19260 47.8004 2297.07 106020 
19270 47.8004 2297.47 105990 
19280 47.8004 2298.23 106110 
19290 47.8004 2299.22 106230 
19300 47.8004 2300.04 106350 
19310 47.8004 2302.05 106110 
19320 47.8004 2303.87 106320 
19330 47.8004 2306.36 106380 
19340 47.8004 2307.35 106230 
19350 47.8004 2308.21 106320 
19360 47.8004 2309 106260 
19370 47.8004 2310.09 106260 
19380 47.8004 2310.73 106410 
19390 47.8004 2311.55 106140 
19400 47.8004 2312.39 106170 
19410 47.8004 2313.28 106170 
19420 47.8004 2314.2 106200 
19430 47.8004 2314.96 106290 
19440 47.8004 2315.43 106200 
19450 47.8004 2316.44 106290 
19460 47.8004 2317.66 106320 
19470 47.8004 2319.42 106230 
19480 47.8004 2321.27 106260 
19490 47.8004 2322.48 106230 
19500 47.8004 2323.74 106020 
19510 47.8004 2325.31 106020 
19520 47.8004 2326.2 106170 
19530 47.8004 2327.82 106200 
19540 47.8004 2328.89 106350 
19550 47.8004 2331.59 106170 
19560 47.8004 2333.4 106230 
19570 47.8004 2335.62 106110 
19580 47.8004 2337.33 106080 
19590 47.8004 2339.21 106200 
19600 47.8004 2340.23 106140 
19610 47.8004 2343.66 106170 
19620 47.8004 2344.04 106080 
19630 47.8004 2344.91 106140 
19640 47.8004 2346.01 106080 
19650 47.8004 2347.08 106140 
19660 47.8004 2348.98 106140 
19670 47.8004 2350.08 106260 
19680 47.8004 2351.28 106140 
19690 47.8004 2353.63 106230 
19700 47.8004 2355.68 106290 
19710 47.8004 2357.62 106320 
19720 47.8004 2360.75 106260 
19730 47.8004 2363.53 106470 
19740 47.8004 2365.47 106350 
19750 47.8004 2370.17 106500 
19760 47.8004 2374.06 106410 
19770 47.8004 2377.01 106470 
19780 47.8004 2380.48 106440 
19790 47.8004 2384.42 106410 
19800 47.8004 2387.61 106410 
19810 47.8004 2389.39 106320 
19820 47.8004 2391.76 106320 
19830 47.8004 2393.94 106320 
19840 47.8004 2399.63 106410 
19850 47.8004 2402.49 106440 
19860 47.8004 2406.79 106530 
19870 47.8004 2407.85 106320 
19880 47.8004 2411.01 106380 
19890 47.8004 2416.14 106230 
19900 47.8004 2418.12 106380 
19910 47.8004 2420.84 106590 
19920 47.8004 2422.7 106530 
19930 47.8004 2423.57 106410 
19940 47.8004 2430.15 106560 
19950 47.8004 2432.61 106560 
19960 47.8004 2438.59 106740 
19970 47.8004 2442.01 106650 
19980 47.8004 2444.65 106470 
19990 47.8004 2448.65 106530 
20000 47.8004 2451.46 106470 
20010 47.8004 2452.15 106290 
20020 47.8004 2456.31 106230 
20030 47.8004 2457.24 106320 
20040 47.8004 2460.26 106320 
20050 47.8004 2462.41 106230 
20060 47.8004 2464.29 106260 
20070 47.8004 2466.6 106320 
20080 47.8004 2470.04 106500 
20090 47.8004 2472.07 106560 
20100 47.8004 2477.77 106500 
20110 47.8004 2481.95 106410 
20120 47.8004 2485 106470 
20130 47.8004 2489.45 106410 
20140 47.8004 2494.52 106500 
20150 47.8004 2496.92 106470 
20160 47.8004 2499.56 106290 
20170 47.8004 2509.14 106470 
20180 47.8004 2511.92 106470 
20190 47.8004 2515.88 106380 
20200 47.8004 2519.39 106380 
20210 47.8004 2527.87 106410 
20220 47.8004 2533.35 106440 
20230 47.8004 2534.45 106590 
20240 47.8004 2535.88 106500 
20250 47.8004 2540.74 106470 
20260 47.8004 2542.33 106380 
20270 47.8004 2544.03 106350 
20280 47.8004 2547.48 106470 
20290 47.8004 2549.99 106380 
20300 47.8004 2552.12 106560 
20310 47.8004 2557.14 106470 
20320 47.8004 2557.95 106320 
20330 47.8004 2561.64 106170 
20340 47.8004 2563.34 106350 
20350 47.8004 2565.57 106290 
20360 47.8004 2567.76 106290 
20370 47.8004 2570.58 106260 
20380 47.8004 2574.61 106320 
20390 47.8004 2576.42 106320 
20400 47.8004 2577.52 106080 
20410 47.8004 2579.19 106410 
20420 47.8004 2580.25 106290 
20430 47.8004 2582 106350 
20440 47.8004 2583.46 106410 
20450 47.8004 2585.41 106200 
20460 47.8004 2587.83 106200 
20470 47.8004 2588.79 106290 
20480 47.8004 2589.82 106080 
20490 47.8004 2592.4 106290 
20500 47.8004 2595.71 106440 
20510 47.8004 2597.57 106260 
20520 47.8004 2599.39 106500 
20530 47.8004 2601.05 106260 
20540 47.8004 2603.07 106380 
20550 47.8004 2607.02 106530 
20560 47.8004 2610.2 106560 
20570 47.8004 2614.34 106530 
20580 47.8004 2616.57 106410 
20590 47.8004 2618.03 106500 
20600 47.8004 2619.6 106470 
20610 47.8004 2622.65 106410 
20620 47.8004 2625.95 106380 
20630 47.8004 2626.81 106530 
20640 47.8004 2628.29 106620 
20650 47.8004 2631.17 106770 
20660 47.8004 2633.04 106920 
20670 47.8004 2633.44 106590 
20680 47.8004 2636 106620 
20690 47.8004 2636.74 106500 
20700 47.8004 2639.36 106500 
20710 47.8004 2642.04 106500 
20720 47.8004 2644.01 106680 
20730 47.8004 2645.61 106650 
20740 47.8004 2646.33 106740 
20750 47.8004 2650.71 106680 
20760 47.8004 2656.06 106590 
20770 47.8004 2656.56 106560 
20780 47.8004 2658.59 106590 
20790 47.8004 2663.17 106500 
20800 47.8004 2667.76 106620 
20810 47.8004 2670.96 106710 
20820 47.8004 2674.43 106500 
20830 47.8004 2677.68 106380 
20840 47.8004 2679.92 106470 
20850 47.8004 2682.38 106650 
20860 47.8004 2685.58 106740 
20870 47.8004 2694.8 106740 
20880 47.8004 2696.35 106530 
20890 47.8004 2704.6 106620 
20900 47.8004 2706.42 106440 
20910 47.8004 2713.59 106500 
20920 47.8004 2718.35 106410 
20930 47.8004 2721.52 106650 
20940 47.8004 2723.43 106680 
20950 47.8004 2726.78 106650 
20960 47.8004 2727.76 106680 
20970 47.8004 2728.86 106860 
20980 47.8004 2729.53 106740 
20990 47.8004 2731.92 106620 
21000 47.8004 2735.51 106770 
21010 47.8004 2737.26 106740 
21020 47.8004 2739.64 106680 
21030 47.8004 2740.44 106530 
21040 47.8004 2741.88 106380 
21050 47.8004 2743.1 106320 
21060 47.8004 2745.13 106290 
21070 47.8004 2746.95 106410 
21080 47.8004 2748.49 106500 
21090 47.8004 2750.58 106440 
21100 47.8004 2753.93 106530 
21110 47.8004 2756.15 106290 
21120 47.8004 2757.82 106320 
21130 47.8004 2758.87 106140 
21140 47.8004 2760.02 106170 
21150 47.8004 2761.55 106020 
21160 47.8004 2763.82 106260 
21170 47.8004 2764.67 106080 
21180 47.8004 2765.65 106200 
21190 47.8004 2766.92 106380 
21200 47.8004 2768.14 106410 
21210 47.8004 2770.59 106440 
21220 47.8004 2771.57 106350 
21230 47.8004 2772.43 106200 
21240 47.8004 2775.43 106350 
21250 47.8004 2780.02 106290 
21260 47.8004 2780.36 106410 
21270 47.8004 2781.81 106440 
21280 47.8004 2782.32 106260 
21290 47.8004 2784.14 106170 
21300 47.8004 2784.84 106200 
21310 47.8004 2785.95 106230 
21320 47.8004 2787.68 106260 
21330 47.8004 2794.48 106410 
21340 47.8004 2799.06 106440 
21350 47.8004 2802.49 106770 
21360 47.8004 2803.16 106350 
21370 47.8004 2804.43 106350 
21380 47.8004 2806.92 106260 
21390 47.8004 2809.99 106410 
21400 47.8004 2812.73 106500 
21410 47.8004 2814.62 106410 
21420 47.8004 2818.95 106290 
21430 47.8004 2820.13 106080 
21440 47.8004 2821.38 106110 
21450 47.8004 2828.04 105960 
21460 47.8004 2830.36 106050 
21470 47.8004 2831.68 105960 
21480 47.8004 2835.04 106080 
21490 47.8004 2836.85 105960 
21500 47.8004 2843.38 105900 
21510 47.8004 2846.37 106080 
21520 47.8004 2848.56 106080 
21530 47.8004 2849.84 106170 
21540 47.8004 2850.39 106290 
21550 47.8004 2852.37 106290 
21560 47.8004 2856.83 106260 
21570 47.8004 2858.76 106470 
21580 47.8004 2859.7 106470 
21590 47.8004 2861.81 106470 
21600 47.8004 2862.57 106620 
21610 47.8004 2866.36 106530 
21620 47.8004 2868.25 106590 
21630 47.8004 2872.82 106770 
21640 47.8004 2874.39 106680 
21650 47.8004 2876 106710 
21660 47.8004 2877.37 106530 
21670 47.8004 2880.52 106500 
21680 47.8004 2884.57 106470 
21690 47.8004 2885.89 106530 
21700 47.8004 2887.3 106320 
21710 47.8004 2889.64 106380 
21720 47.8004 2890.66 106560 
21730 47.8004 2892.6 106440 
21740 47.8004 2895.29 106380 
21750 47.8004 2894.58 106440 
21760 47.8004 2897.18 106380 
21770 47.8004 2898.38 106380 
21780 47.8004 2899.49 106350 
21790 47.8004 2902.5 106140 
21800 47.8004 2904.03 106290 
21810 47.8004 2904.75 106140 
21820 47.8004 2905.47 106080 
21830 47.8004 2905.91 106170 
21840 47.8004 2906.57 106230 
21850 47.8004 2907.24 106410 
21860 47.8004 2909.85 106500 
21870 47.8004 2911.9 106320 
21880 47.8004 2913.61 106200 
21890 47.8004 2914 106290 
21900 47.8004 2914.77 106380 
21910 47.8004 2915.14 106410 
21920 47.8004 2916.34 106290 
21930 47.8004 2916.86 106350 
21940 47.8004 2918.2 106560 
21950 47.8004 2919.39 106770 
21960 47.8004 2920.6 106860 
21970 47.8004 2922.92 106800 
21980 47.8004 2923.96 106950 
21990 47.8004 2924.55 106920 
22000 47.8004 2925.76 106620 
22010 47.8004 2926.73 106560 
22020 47.8004 2927.46 106380 
22030 47.8004 2928.07 106290 
22040 47.8004 2928.31 106290 
22050 47.8004 2931.77 106350 
22060 47.8004 2934.27 106380 
22070 47.8004 2935.19 106410 
22080 47.8004 2936.15 106590 
22090 47.8004 2938.4 106650 
22100 47.8004 2938.82 106470 
22110 47.8004 2940.46 106320 
22120 47.8004 2940.67 106380 
22130 47.8004 2942.09 106170 
22140 47.8004 2942.77 106230 
22150 47.8004 2943.77 106290 
22160 47.8004 2945.26 106110 
22170 47.8004 2945.8 105960 
22180 47.8004 2946.2 106230 
22190 47.8004 2947.25 106140 
22200 47.8004 2948.92 106530 
22210 47.8004 2948.5 106410 
22220 47.8004 2949.88 106560 
22230 47.8004 2951.25 106470 
22240 47.8004 2957.42 106440 
22250 47.8004 2959.02 106230 
22260 47.8004 2960.12 106230 
22270 47.8004 2962.03 106320 
22280 47.8004 2962.58 106260 
22290 47.8004 2964.47 106110 
22300 47.8004 2965.54 106050 
22310 47.8004 2966.23 106290 
22320 47.8004 2968.36 106260 
22330 47.8004 2969.95 106200 
22340 47.8004 2971.28 106050 
22350 47.8004 2975.64 106290 
22360 47.8004 2976.49 106230 
22370 47.8004 2977.27 106110 
22380 47.8004 2978.28 106200 
22390 47.8004 2978.21 106080 
22400 47.8004 2978.9 106080 
22410 47.8004 2980.57 106560 
22420 47.8004 2982.04 106440 
22430 47.8004 2984.53 106500 
22440 47.8004 2986.74 106260 
22450 47.8004 2987.43 106260 
22460 47.8004 2989.11 106260 
22470 47.8004 2989.62 106350 
22480 47.8004 2990.31 106410 
22490 47.8004 2991.57 106440 
22500 47.8004 2992.54 106140 
22510 47.8004 2992.98 106260 
22520 47.8004 2995.07 106230 
22530 47.8004 2996.39 106440 
22540 47.8004 2998.65 106380 
22550 47.8004 3000.15 106530 
22560 47.8004 3002.71 106440 
22570 47.8004 3003.65 106380 
22580 47.8004 3004.13 106590 
22590 47.8004 3005.06 106470 
22600 47.8004 3005.85 106410 
22610 47.8004 3007.11 106410 
22620 47.8004 3008.09 106230 
22630 47.8004 3009.98 106020 
22640 47.8004 3010.86 106050 
22650 47.8004 3012.32 106470 
22660 47.8004 3013.83 106260 
22670 47.8004 3015.32 106410 
22680 47.8004 3017.74 106410 
22690 47.8004 3018.58 106230 
22700 47.8004 3018.94 106410 
22710 47.8004 3020.15 106410 
22720 47.8004 3020.99 106680 
22730 47.8004 3020.57 106770 
22740 47.8004 3021.56 106590 
22750 47.8004 3021.81 106830 
22760 47.8004 3023.94 106680 
22770 47.8004 3025.87 106620 
22780 47.8004 3026.9 106560 
22790 47.8004 3027.84 106650 
22800 47.8004 3029.12 106890 
22810 47.8004 3030.96 106890 
22820 47.8004 3032.17 106890 
22830 47.8004 3033.76 106980 
22840 47.8004 3034.91 106740 
22850 47.8004 3035.61 106380 
22860 47.8004 3036.2 106290 
22870 47.8004 3036.91 106140 
22880 47.8004 3036.94 106050 
22890 47.8004 3037.52 106320 
22900 47.8004 3038.6 106530 
22910 47.8004 3040.39 106590 
22920 47.8004 3042.59 106530 
22930 47.8004 3045.1 106290 
22940 47.8004 3046.19 106230 
22950 47.8004 3047.84 106260 
22960 47.8004 3049.34 106380 
22970 47.8004 3049.4 106500 
22980 47.8004 3049.87 106320 
22990 47.8004 3049.97 106380 
23000 47.8004 3050.89 106530 
23010 47.8004 3052 106500 
23020 47.8004 3053.86 106530 
23030 47.8004 3054.78 106530 
23040 47.8004 3055.33 106530 
23050 47.8004 3055.97 106320 
23060 47.8004 3057.78 106380 
23070 47.8004 3058.57 106710 
23080 47.8004 3057.05 106560 
23090 47.8004 3057.61 106440 
23100 47.8004 3060.1 106440 
23110 47.8004 3060.21 106350 
23120 47.8004 3060.61 106560 
23130 47.8004 3061.59 106440 
23140 47.8004 3062.57 106350 
23150 47.8004 3063.32 106230 
23160 47.8004 3063.75 106110 
23170 47.8004 3064.9 106110 
23180 47.8004 3066.69 106140 
23190 47.8004 3068.27 106230 
23200 47.8004 3069.56 105960 
23210 47.8004 3071.2 105870 
23220 47.8004 3072.16 105960 
23230 47.8004 3073.12 106050 
23240 47.8004 3073.34 106350 
23250 47.8004 3075.89 106080 
23260 47.8004 3076.42 106200 
23270 47.8004 3077.78 106290 
23280 47.8004 3079.16 106170 
23290 47.8004 3079.3 106170 
23300 47.8004 3079.84 105900 
23310 47.8004 3082.99 105930 
23320 47.8004 3083.35 105930 
23330 47.8004 3084.4 105930 
23340 47.8004 3085.06 105870 
23350 47.8004 3084 106020 
23360 47.8004 3086.21 106110 
23370 47.8004 3087.35 106290 
23380 47.8004 3087.59 106260 
23390 47.8004 3090.22 106470 
23400 47.8004 3090.89 106590 
23410 47.8004 3092.39 106710 
23420 47.8004 3093.85 106260 
23430 47.8004 3096.75 106290 
23440 47.8004 3099.04 106440 
23450 47.8004 3099.26 106530 
23460 47.8004 3098.51 106680 
23470 47.8004 3100.57 106620 
23480 47.8004 3102.52 106470 
23490 47.8004 3103.94 106170 
23500 47.8004 3105.77 106350 
23510 47.8004 3105.76 106470 
23520 47.8004 3106.62 106530 
23530 47.8004 3107.36 106680 
23540 47.8004 3107.62 106680 
23550 47.8004 3109.96 106830 
23560 47.8004 3109.76 106920 
23570 47.8004 3109.47 106890 
23580 47.8004 3109.53 106650 
23590 47.8004 3110.19 106710 
23600 47.8004 3110.51 106710 
23610 47.8004 3111.48 106530 
23620 47.8004 3112.48 106350 
23630 47.8004 3113.61 106530 
23640 47.8004 3113.56 106620 
23650 47.8004 3116.17 106710 
23660 47.8004 3115.8 106650 
23670 47.8004 3117.45 106530 
23680 47.8004 3117.28 106650 
23690 47.8004 3117.84 106380 
23700 47.8004 3117.98 106530 
23710 47.8004 3118.03 106560 
23720 47.8004 3119.26 106350 
23730 47.8004 3120.67 106290 
23740 47.8004 3122.95 106320 
23750 47.8004 3124.62 106380 
23760 47.8004 3125.3 106290 
23770 47.8004 3124.95 106800 
23780 47.8004 3126.33 106740 
23790 47.8004 3127.58 106680 
23800 47.8004 3128.03 106380 
23810 47.8004 3128.74 106710 
23820 47.8004 3130.15 106830 
23830 47.8004 3130.71 106650 
23840 47.8004 3132.75 106560 
23850 47.8004 3135.46 106440 
23860 47.8004 3136.93 106410 
23870 47.8004 3138.38 106380 
23880 47.8004 3139.67 106530 
23890 47.8004 3140.92 106530 
23900 47.8004 3141.39 106410 
23910 47.8004 3140.38 106320 
23920 47.8004 3143.01 106230 
23930 47.8004 3143.69 106320 
23940 47.8004 3144.29 106530 
23950 47.8004 3146.74 106500 
23960 47.8004 3147.07 106260 
23970 47.8004 3148.68 106320 
23980 47.8004 3149.78 106380 
23990 47.8004 3150.42 106200 
24000 47.8004 3151.15 106230 
24010 47.8004 3151.82 106350 
24020 47.8004 3152.76 106410 
24030 47.8004 3153.06 106320 
24040 47.8004 3152.71 106320 
24050 47.8004 3156.52 106620 
24060 47.8004 3157.44 106590 
24070 47.8004 3157.56 106530 
24080 47.8004 3157.06 106410 
24090 47.8004 3158.2 106440 
24100 47.8004 3158.96 106440 
24110 47.8004 3159.78 106290 
24120 47.8004 3159.92 106260 
24130 47.8004 3161.45 106380 
24140 47.8004 3162.58 106200 
24150 47.8004 3164.11 106200 
24160 47.8004 3164.96 105990 
24170 47.8004 3167.67 106230 
24180 47.8004 3170.3 106140 
24190 47.8004 3170.28 106350 
24200 47.8004 3172.16 106410 
24210 47.8004 3174.27 106650 
24220 47.8004 3175.24 106530 
24230 47.8004 3175.65 106530 
24240 47.8004 3175.88 106440 
24250 47.8004 3177.1 106620 
24260 47.8004 3179.96 106470 
24270 47.8004 3181.9 106680 
24280 47.8004 3183.66 106530 
24290 47.8004 3186.02 106560 
24300 47.8004 3187.94 106770 
24310 47.8004 3188.66 106710 
24320 47.8004 3191.23 106740 
24330 47.8004 3192.54 106920 
24340 47.8004 3194.03 106830 
24350 47.8004 3195.38 106860 
24360 47.8004 3197.27 106770 
24370 47.8004 3196.06 106680 
24380 47.8004 3196.68 106650 
24390 47.8004 3198.92 106710 
24400 47.8004 3199.35 106650 
24410 47.8004 3200.27 106800 
24420 47.8004 3202.52 106800 
24430 47.8004 3204.5 106740 
24440 47.8004 3205.33 106710 
24450 47.8004 3205.86 106680 
24460 47.8004 3208.23 106560 
24470 47.8004 3208.94 106740 
24480 47.8004 3210.49 106830 
24490 47.8004 3212.14 106650 
24500 47.8004 3213.21 106590 
24510 47.8004 3215.04 106410 
24520 47.8004 3215.53 106440 
24530 47.8004 3219.02 106470 
24540 47.8004 3220.09 106440 
24550 47.8004 3223.38 106500 
24560 47.8004 3224.47 106500 
24570 47.8004 3223.25 106740 
24580 47.8004 3223.26 106470 
24590 47.8004 3224.6 106590 
24600 47.8004 3227.25 106560 
24610 47.8004 3228.32 106440 
24620 47.8004 3228.62 106290 
24630 47.8004 3230.98 106260 
24640 47.8004 3232.61 106290 
24650 47.8004 3234.29 106470 
24660 47.8004 3235.68 106230 
24670 47.8004 3237.17 106380 
24680 47.8004 3236.48 106260 
24690 47.8004 3237.86 106500 
24700 47.8004 3239.2 106530 
24710 47.8004 3240.54 106320 
24720 47.8004 3240.42 106350 
24730 47.8004 3242.1 106260 
24740 47.8004 3242.43 106500 
24750 47.8004 3241.22 106590 
24760 47.8004 3242.88 106470 
24770 47.8004 3243.44 106320 
24780 47.8004 3244.3 106140 
24790 47.8004 3247.08 106530 
24800 47.8004 3247.41 106650 
24810 47.8004 3247.09 106830 
24820 47.8004 3249.29 106380 
24830 47.8004 3249.86 106290 
24840 47.8004 3250.26 106440 
24850 47.8004 3252.7 106680 
24860 47.8004 3255.59 106410 
24870 47.8004 3256.65 106530 
24880 47.8004 3259.01 106620 
24890 47.8004 3258.6 106530 
24900 47.8004 3258.6 106560 
24910 47.8004 3258.97 106620 
24920 47.8004 3259.83 106560 
24930 47.8004 3259.81 106500 
24940 47.8004 3258.92 106560 
24950 47.8004 3259.36 106440 
24960 47.8004 3261.23 106530 
24970 47.8004 3262.23 106620 
24980 47.8004 3261.35 106530 
24990 47.8004 3262.42 106710 
25000 47.8004 3263.4 106560 
