# Avida Average Data
# Mon Jan 16 16:01:08 2017
#  1: Update
#  2: Merit
#  3: Gestation Time
#  4: Fitness
#  5: Repro Rate?
#  6: (deprecated) Size
#  7: Copied Size
#  8: Executed Size
#  9: (deprecated) Abundance
# 10: Proportion of organisms that gave birth in this update
# 11: Proportion of Breed True Organisms
# 12: (deprecated) Genotype Depth
# 13: Generation
# 14: Neutral Metric
# 15: Lineage Label
# 16: True Replication Rate (based on births/update, time-averaged)

0 97 389 0 0 0 100 97 0 1 1 0 0 0 0 0 
100 97 389 0 0 0 100 97 0 0 0 0 0 0 0 0 
200 97 389 0 0 0 100 97 0 0 0 0 0 0 0 0 
300 97 389 0 0 0 100 97 0 0 0 0 0 0 0 0 
400 97 389 0.249357 0 0 100 97 0 0 0 0 1 -0.0566997 0 0 
500 97 389 0.249357 0 0 100 97 0 0 0 0 1 -0.0566997 0 0.291 
600 97 389 0.249357 0 0 100 97 0 0 0 0 1 -0.0566997 0 0.097 
700 97 389 0.249357 0 0 100 97 0 0 0 0 1 -0.0566997 0 0.097 
800 97 389 0.249357 0 0 100 97 0 0 0 0 2 0.792782 0 0.210167 
900 97 389 0.249357 0 0 100 97 0 0 0 0 2 0.792782 0 0.113167 
1000 97 389 0.249357 0 0 100 97 0 0 0 0 2 0.792782 0 0.113167 
1100 97 389 0.249357 0 0 100 97 0 0 0 0 2 0.792782 0 0.113167 
1200 97 388.714 0.249541 0 0 100 97 0 0 0 0 2.85714 1.38837 0 0.212014 
1300 97 388.75 0.249518 0 0 100 97 0 0 0 0 3 1.08148 0 0.123098 
1400 97 388.75 0.249518 0 0 100 97 0 0 0 0 3 1.08148 0 0.123098 
1500 97 388.75 0.249518 0 0 100 97 0 0 0 0 3 1.08148 0 0.123098 
1600 97.2857 389.857 0.249541 0 0 100.143 97.2857 0 0 0 0 3.85714 1.31707 0 0.226846 
1700 97.25 389.625 0.249598 0 0 100.125 97.25 0 0 0 0 4 0.768007 0 0.153124 
1800 97.25 389.625 0.249598 0 0 100.125 97.25 0 0 0 0 4 0.768007 0 0.128874 
1900 96.4 388.7 0.247994 0 0 100.15 96.4 0 0.05 0 0 4.4 1.28941 0 0.160504 
2000 96.8571 389.643 0.248566 0 0 100.321 96.8571 0 0 0 0 4.92857 1.25418 0 0.24925 
2100 97.1034 389.586 0.249241 0 0 100.31 97.1034 0 0 0 0 5 0.91123 0 0.158878 
2200 97.1034 389.586 0.249241 0 0 100.31 97.1034 0 0 0 0 5 0.91123 0 0.133753 
2300 97.2973 390.054 0.249436 0 0 100.459 97.2973 0 0 0 0 5.48649 1.51676 0 0.186627 
2400 97.383 390.319 0.249482 0 0 100.511 97.383 0 0 0 0 5.89362 0.993452 0 0.219225 
2500 97.383 390.362 0.249454 0 0 100.511 97.383 0 0 0 0 5.93617 0.901313 0 0.138767 
2600 97.383 390.362 0.249454 0 0 100.511 97.383 0 0 0 0 5.93617 0.901313 0 0.12539 
2700 97.7193 391.14 0.249818 0 0 100.684 97.7193 0 0 0 0 6.45614 1.49441 0 0.180746 
2800 97.8714 391.4 0.250041 0 0 100.857 97.8714 0 0 0 0 6.9 1.41093 0 0.188812 
2900 97.8714 391.414 0.250032 0 0 100.857 97.8714 0 0 0 0 6.92857 1.29843 0 0.130177 
3000 96.493 388.437 0.247784 0 0 100.127 96.493 0 0 0 0 6.95775 1.29194 0 0.124607 
3100 96.9545 390.307 0.247889 0 0 100.67 96.9545 0 0 0 0 7.60227 1.80158 0 0.193965 
3200 97.0408 390.082 0.248301 0 0 100.643 97.0408 0 0 0 0 7.87755 1.73434 0 0.18443 
3300 97.0505 390.101 0.248318 0 0 100.646 97.0505 0 0 0 0 7.91919 1.59356 0 0.131352 
3400 97.03 389.98 0.248348 0 0 100.62 97.03 0 0 0 0 7.94 1.56258 0 0.1277 
3500 97.4701 392.991 0.247663 0 0 100.94 97.4701 0 0 0 0 8.58974 1.96766 0 0.201544 
3600 97.2481 392.158 0.247661 0 0 100.865 97.2481 0 0 0 0 8.87218 1.59435 0 0.17392 
3700 97.2481 392.158 0.247661 0 0 100.865 97.2481 0 0 0 0 8.88722 1.50216 0 0.131023 
3800 97.2044 392.124 0.247587 0 0 100.92 97.2044 0 0.00729927 0.00729927 0 9.0438 1.6449 0 0.137644 
3900 97.9013 393.77 0.248384 0 0 101.711 97.9013 0 0 0 0 9.65789 1.9893 0 0.201896 
4000 97.5939 392.939 0.248137 0 0 101.588 97.5939 0 0 0 0 9.87273 1.57094 0 0.162424 
4100 97.5939 392.915 0.248153 0 0 101.588 97.5939 0 0 0 0 9.88485 1.57205 0 0.121873 
4200 97.6235 392.859 0.248271 0 0 101.6 97.6235 0 0 0 0 10.0529 1.69814 0 0.135323 
4300 97.3542 397.422 0.245792 0 0 102.245 98.3438 0 0 0 0 10.6042 1.75149 0 0.185845 
4400 97.1618 394.779 0.246317 0 0 102.172 97.6275 0 0.00490196 0 0 10.8431 1.50235 0 0.154792 
4500 97.2108 394.843 0.246405 0 0 102.176 97.6765 0 0 0 0 10.8578 1.47788 0 0.121512 
4600 97.3839 393.142 0.247333 0 0 101.725 97.3839 0 0.00947867 0.00473934 0 11.0711 1.44457 0 0.142879 
4700 98.075 395.312 0.247742 0 0 102.267 98.075 0 0 0 0 11.6042 1.62231 0 0.196487 
4800 97.6813 394.359 0.247287 0 0 101.96 97.6813 0 0 0 0 11.8127 1.34758 0 0.164056 
4900 97.5675 394.286 0.247037 0 0 101.976 97.5675 0 0 0 0 11.8333 1.33529 0 0.132796 
5000 97.5271 394.372 0.246894 0 0 102.062 97.5271 0 0 0 0 12.0698 1.41819 0 0.154286 
5100 97.5808 395.811 0.245963 0 0 102.433 97.5808 0 0 0 0 12.6564 1.68932 0 0.196533 
5200 97.6379 396.897 0.245875 0 0 102.734 97.9236 0 0 0 0 12.8106 1.59086 0 0.150411 
5300 97.7599 397.888 0.24575 0 0 102.931 98.0428 0 0.00328947 0 0 12.8553 1.48069 0 0.123653 
5400 98.0853 398.66 0.246013 0 0 103.072 98.3679 0 0.00314465 0 0 13.1321 1.70077 0 0.148094 
5500 98.3152 399.16 0.246297 0 0 103.057 98.5702 0 0 0 0 13.6676 1.52019 0 0.186845 
5600 98.2207 398.785 0.246228 0 0 102.997 98.486 0 0 0 0 13.8156 1.5794 0 0.145403 
5700 97.8504 398.676 0.245316 0 0 102.859 98.1136 0 0 0 0 13.8532 1.52512 0 0.128103 
5800 97.6065 397.954 0.244924 0 0 102.784 97.8706 0 0.00269542 0 0 14.1968 1.7281 0 0.156508 
5900 97.9607 398.455 0.245535 0 0 102.953 98.2015 0 0 0 0 14.6609 1.62168 0 0.188333 
6000 97.8862 399.252 0.245019 0 0 103.116 98.2978 0 0.00242131 0 0 14.8039 1.58679 0 0.14443 
6100 97.5566 398.648 0.244538 0 0 103.104 97.9663 0 0.00240964 0.00240964 0 14.8843 1.5106 0 0.130982 
6200 97.9165 398.619 0.245362 0 0 103.327 98.1196 0 0.00677201 0 0 15.2912 1.72367 0 0.166099 
6300 98.4358 399.745 0.245951 0 0 103.585 98.6232 0 0 0 0 15.7011 1.56817 0 0.188393 
6400 98.3582 400.265 0.245602 0 0 103.656 98.7329 0 0 0 0 15.8137 1.56646 0 0.145882 
6500 98.1186 400.051 0.245189 0 0 103.546 98.4867 0 0 0 0 15.9223 1.6335 0 0.138238 
6600 98.3764 399.751 0.24601 0 0 103.571 98.6313 0 0.003861 0.0019305 0 16.3224 1.61123 0 0.175272 
6700 98.887 401.881 0.245921 0 0 104.069 99.2351 0 0.00361664 0.00180832 0 16.6781 1.60046 0 0.180946 
6800 98.8468 401.629 0.245977 0 0 104.027 99.19 0 0 0 0 16.7778 1.56453 0 0.1383 
6900 98.667 401.131 0.245836 0 0 103.927 99.0071 0 0 0 0 16.8934 1.48801 0 0.134028 
7000 98.3998 400.653 0.245387 0 0 103.847 98.7256 0 0.0016835 0 0 17.3451 1.59665 0 0.17161 
7100 98.7585 401.327 0.245828 0 0 104.067 98.9936 0 0.00159744 0 0 17.6725 1.52653 0 0.167491 
7200 98.8845 402.221 0.245781 0 0 104.353 99.2461 0 0.00157729 0 0 17.7729 1.49723 0 0.132989 
7300 98.7617 402.495 0.245357 0 0 104.457 99.1726 0 0 0 0 17.9051 1.49097 0 0.134924 
7400 98.6534 401.325 0.245687 0 0 104.024 98.913 0 0 0 0 18.3538 1.27461 0 0.174121 
7500 99.5947 402.473 0.247643 0 0 104.297 99.1455 0 0 0 0 18.6568 1.21468 0 0.167471 
7600 99.4629 402.717 0.247227 0 0 104.276 99.2003 0 0 0 0 18.7409 1.17522 0 0.135575 
7700 99.1916 402.416 0.246694 0 0 104.212 98.9834 0 0 0 0 18.8686 1.14778 0 0.137407 
7800 99.4441 402.897 0.247142 0 0 104.298 99.3151 0 0.00133511 0 0 19.3111 1.1373 0 0.172682 
7900 99.9909 404.26 0.247625 0 0 104.816 99.8048 0 0 0 0 19.6263 1.19653 0 0.163334 
8000 99.8437 403.812 0.247548 0 0 104.754 99.6599 0 0 0 0 19.7154 1.13899 0 0.132314 
8100 99.7916 403.617 0.247532 0 0 104.747 99.611 0 0 0 0 19.8666 1.26168 0 0.137366 
8200 99.7784 403.497 0.247167 0 0 104.948 99.9652 0 0.00120048 0.00120048 0 20.3085 1.22426 0 0.174071 
8300 100.26 406.505 0.246803 0 0 105.672 100.642 0 0 0 0 20.5958 1.29191 0 0.163235 
8400 100.032 405.76 0.246571 0 0 105.506 100.347 0 0 0 0 20.7135 1.1757 0 0.135389 
8500 99.9693 405.452 0.246521 0 0 105.445 100.241 0 0.00111607 0 0 20.8862 1.27795 0 0.140731 
8600 99.9889 405.214 0.246684 0 0 105.381 100.194 0 0.00322581 0 0 21.3129 1.23068 0 0.172171 
8700 100.289 406.327 0.246687 0 0 105.684 100.49 0 0 0 0 21.606 1.09299 0 0.15957 
8800 100.399 407.215 0.246546 0 0 105.952 100.71 0 0.00203666 0.00203666 0 21.7342 1.06986 0 0.13544 
8900 100.211 406.845 0.246221 0 0 105.915 100.502 0 0.002002 0.001001 0 21.951 1.13172 0 0.143091 
9000 100.35 406.947 0.246566 0 0 105.891 100.656 0 0.000968992 0.000968992 0 22.3072 0.998214 0 0.166927 
9100 100.643 407.62 0.246841 0 0 106.097 100.92 0 0.00283554 0 0 22.6134 1.02363 0 0.15851 
9200 100.501 407.254 0.246644 0 0 106.101 100.746 0 0.000922509 0 0 22.7574 0.966605 0 0.139663 
9300 100.915 409.611 0.246592 0 0 106.54 101.337 0 0.00181159 0.000905797 0 22.9774 0.971079 0 0.148379 
9400 101.375 411.662 0.24683 0 0 106.955 102.07 0 0.000880282 0.000880282 0 23.3257 0.953907 0 0.167701 
9500 101.895 413.522 0.247161 0 0 107.466 102.684 0 0.000862069 0 0 23.606 1.12155 0 0.164236 
9600 101.839 413.557 0.246987 0 0 107.445 102.523 0 0.000840336 0.000840336 0 23.7857 1.09654 0 0.148499 
9700 101.479 411.523 0.247162 0 0 106.892 101.973 0 0.00414594 0.00165837 0 23.9967 1.06212 0 0.151833 
9800 102.667 412.813 0.249142 0 0 107.196 102.36 0 0.000808407 0 0 24.3137 1.07744 0 0.167175 
9900 107.909 414.853 0.259067 0 0 107.704 102.694 0 0 0 0 24.5898 1.00076 0 0.164087 
10000 114.769 415.611 0.273298 0 0 107.787 102.618 0 0 0 0 24.767 0.982518 0 0.151568 
10100 107.303 415.701 0.257389 0 0 107.748 102.474 0 0.00075188 0.00075188 0 25.0263 0.814946 0 0.156449 
10200 102.354 414.974 0.247256 0 0 107.506 102.293 0 0.00367647 0.00220588 0 25.3257 0.790639 0 0.167013 
10300 102.633 415.409 0.24759 0 0 107.736 102.525 0 0.00215363 0 0 25.6447 0.889571 0 0.168626 
10400 102.062 414.983 0.246488 0 0 107.651 102.311 0 0.00070922 0.00070922 0 25.8021 0.81223 0 0.1535 
10500 101.913 414.622 0.246297 0 0 107.564 102.135 0 0.000692521 0 0 25.9917 0.749703 0 0.154771 
10600 107.64 416.187 0.257934 0 0 107.834 102.626 0 0.00136333 0.000681663 0 26.2918 0.818854 0 0.161329 
10700 107.916 419.863 0.257157 0 0 108.134 102.802 0 0.00198282 0.000660939 0 26.6398 0.895151 0 0.171749 
10800 103.811 418.815 0.248609 0 0 108.021 102.286 0 0.000649773 0 0 26.8486 0.844497 0 0.158154 
10900 106.692 418.483 0.254937 0 0 107.992 102.21 0 0.00254615 0 0 27.0382 0.787213 0 0.159749 
11000 111.245 417.189 0.26504 0 0 107.548 101.596 0 0.00125313 0.000626566 0 27.3427 0.778095 0 0.167152 
11100 106.663 417.244 0.255364 0 0 107.455 101.515 0 0.000611621 0.000611621 0 27.6752 0.864362 0 0.17111 
11200 107.752 420.676 0.25582 0 0 108.146 102.124 0 0.00179748 0.00119832 0 27.9521 0.724375 0 0.158841 
11300 112.763 420.679 0.266275 0 0 108.217 102.216 0 0.00236827 0.00118413 0 28.1865 0.690518 0 0.159621 
11400 132.178 420.646 0.307275 0 0 108.098 101.99 0 0.00172414 0.00114943 0 28.4454 0.695632 0 0.16914 
11500 147.837 419.415 0.341648 0 0 107.84 101.608 0 0.00225861 0.00112931 0 28.7837 0.71434 0 0.182076 
11600 114.184 419.713 0.26984 0 0 107.779 101.453 0 0.00221484 0 0 29.0986 0.77198 0 0.187976 
11700 108.36 422.005 0.256278 0 0 108.11 101.859 0 0.00109529 0 0 29.3209 0.693752 0 0.183284 
11800 113.154 422.467 0.266301 0 0 108.115 101.835 0 0.00107411 0.000537057 0 29.5999 0.581828 0 0.184562 
11900 131.872 421.86 0.306405 0 0 107.861 101.618 0 0.000524934 0 0 29.8441 0.546814 0 0.185106 
12000 155.954 422.469 0.354652 0 0 107.913 101.71 0 0.00154639 0.00103093 0 30.1804 0.510332 0 0.187378 
12100 115.057 424.904 0.267433 0 0 108.436 102.335 0 0.000506329 0 0 30.4694 0.492728 0 0.181826 
12200 112.13 427.052 0.261648 0 0 108.82 102.82 0 0.00100452 0 0 30.7142 0.470773 0 0.18284 
12300 116.757 427.7 0.270643 0 0 108.82 102.708 0 0.00147275 0 0 30.9956 0.343778 0 0.184093 
12400 149.227 426.67 0.338558 0 0 108.426 102.126 0 0.00192031 0 0 31.3193 0.33198 0 0.186157 
12500 186.502 427.064 0.40514 0 0 108.317 102.018 0 0.0014111 0.000940734 0 31.7319 0.341383 0 0.191716 
12600 124.88 428.765 0.284999 0 0 108.66 102.257 0 0.000461042 0.000461042 0 32.1388 0.377528 0 0.206126 
12700 116.702 431.604 0.267098 0 0 109.189 102.8 0 0.00228833 0.000457666 0 32.384 0.451863 0 0.208171 
12800 117.591 430.125 0.270664 0 0 108.929 102.363 0 0.00134892 0 0 32.58 0.398854 0 0.205289 
12900 165.117 430.982 0.344394 0 0 108.934 102.186 0 0 0 0 32.8853 0.25373 0 0.204881 
13000 209.029 432.372 0.421043 0 0 108.99 102.14 0 0.00391134 0.000869187 0 33.2586 0.115432 0 0.199094 
13100 173.05 435.298 0.338639 0 0 109.138 102.233 0 0.000851426 0 0 33.7182 0.0104857 0 0.208481 
13200 127.165 433.166 0.280153 0 0 108.77 101.904 0 0.000418936 0 0 33.9799 -0.0177777 0 0.216053 
13300 126.878 432.443 0.285906 0 0 108.566 101.618 0 0.00249792 0.00124896 0 34.2136 0.0836215 0 0.216044 
13400 157.35 431.906 0.353693 0 0 108.315 101.373 0 0.00123457 0.000411523 0 34.4284 0.0566934 0 0.209741 
13500 203.798 432.115 0.450634 0 0 108.241 101.216 0 0.00121852 0 0 34.8156 -0.0563785 0 0.212213 
13600 144.304 432.081 0.325228 0 0 108.07 100.991 0 0.00119617 0.000797448 0 35.2424 -0.0206671 0 0.207916 
13700 112.354 430.326 0.26019 0 0 107.899 100.844 0 0.0011811 0 0 35.4898 0.0580971 0 0.209948 
13800 128.303 431.085 0.293343 0 0 108.177 101.093 0 0.000775494 0.000387747 0 35.7708 0.00826032 0 0.214879 
13900 186.585 432.746 0.414649 0 0 108.303 101.224 0 0.00228484 0.00152323 0 36.1405 -0.113249 0 0.220865 
14000 231.171 433.475 0.507834 0 0 108.283 101.191 0 0.000749906 0.000374953 0 36.4882 -0.197371 0 0.218088 
14100 169.808 433.994 0.378743 0 0 108.138 100.977 0 0.00220103 0.000366838 0 36.9846 -0.397655 0 0.223645 
14200 124.207 433.361 0.283394 0 0 107.757 100.628 0 0.00179921 0.00107953 0 37.3778 -0.522646 0 0.226985 
14300 128.188 433.955 0.290969 0 0 107.795 100.799 0 0.00177054 0.000354108 0 37.6994 -0.491827 0 0.234892 
14400 173.375 434.256 0.383503 0 0 107.828 100.779 0 0.00245356 0.000350508 0 37.9418 -0.473756 0 0.237607 
14500 223.393 434.897 0.485713 0 0 107.846 100.931 0 0.000698812 0.000698812 0 38.1782 -0.454752 0 0.236008 
14600 161.408 436.329 0.357675 0 0 107.913 101.08 0 0.00208478 0.00104239 0 38.5149 -0.47536 0 0.226726 
14700 120.073 436.641 0.271797 0 0 108.048 101.177 0 0.0017188 0.000343761 0 38.7497 -0.534905 0 0.218088 
14800 127.885 436.415 0.288911 0 0 108.096 101.221 0 0.00408441 0.0010211 0 38.968 -0.455518 0 0.211689 
14900 192.666 436.94 0.413775 0 0 108.069 101.143 0 0.00100739 0.000671592 0 39.3378 -0.480687 0 0.220319 
15000 269.228 439.341 0.539908 0 0 108.398 101.501 0 0.000996678 0.000332226 0 39.6485 -0.60408 0 0.231469 
15100 215.711 440.795 0.446432 0 0 108.522 101.561 0 0.00131277 0.000328192 0 40.152 -0.746979 0 0.247509 
15200 134.425 441.47 0.295802 0 0 108.379 101.523 0 0.000325521 0 0 40.5329 -0.87779 0 0.255911 
15300 132.309 440.835 0.295748 0 0 108.31 101.51 0 0.00129828 0.00064914 0 40.7102 -0.939986 0 0.249381 
15400 184.36 440.495 0.400687 0 0 108.186 101.358 0 0.00160462 0.000641849 0 40.9445 -0.980202 0 0.242924 
15500 245.933 440.97 0.525193 0 0 108.185 101.325 0 0.00127429 0.000637146 0 41.252 -0.992704 0 0.247322 
15600 190.87 441.61 0.411743 0 0 108.279 101.353 0 0.0022082 0.000630915 0 41.6744 -1.04072 0 0.246873 
15700 131.649 444.805 0.291649 0 0 108.669 101.809 0 0.00125313 0 0 41.9279 -1.06314 0 0.24733 
15800 126.815 445.21 0.281949 0 0 108.865 101.927 0 0.00125078 0.00125078 0 42.1088 -0.984315 0 0.246893 
15900 187.864 446.034 0.407988 0 0 108.759 101.717 0 0.00248447 0.00124224 0 42.4183 -1.03359 0 0.242187 
16000 283.803 447.929 0.556802 0 0 108.97 101.841 0 0.00092081 0.000613874 0 42.7855 -1.1692 0 0.240728 
16100 237.408 448.08 0.474234 0 0 108.858 101.707 0 0.00121766 0.000304414 0 43.2661 -1.31877 0 0.243923 
16200 154.886 444.688 0.320286 0 0 108.255 101.046 0 0.00150784 0.000301568 0 43.5594 -1.37917 0 0.254636 
16300 127.913 442.75 0.28675 0 0 107.956 100.816 0 0.000903342 0 0 43.7043 -1.24468 0 0.261814 
16400 182.818 444.687 0.391083 0 0 108.477 101.479 0 0.00120192 0.000300481 0 43.8086 -1.21377 0 0.259106 
16500 273.713 446.993 0.559917 0 0 108.815 101.85 0 0.000597193 0.000298597 0 44.1577 -1.26926 0 0.25379 
16600 223.028 450.685 0.464613 0 0 109.426 102.511 0 0.000297177 0 0 44.6291 -1.35715 0 0.257987 
16700 145.846 450.729 0.313611 0 0 109.343 102.396 0 0.00236967 0.00118483 0 44.9091 -1.4719 0 0.250541 
16800 127.155 450.669 0.28088 0 0 109.348 102.542 0 0.000589971 0.000294985 0 45.0826 -1.52224 0 0.249164 
16900 175.952 449.871 0.384218 0 0 109.09 102.363 0 0.000586854 0.000293427 0 45.3668 -1.53963 0 0.252263 
17000 271.432 450.194 0.566861 0 0 109.073 102.254 0 0.00116652 0.00029163 0 45.7851 -1.57266 0 0.256397 
17100 214.574 449.849 0.452871 0 0 109.154 102.072 0 0.00173863 0.00115908 0 46.2848 -1.65377 0 0.262946 
17200 150.363 450.969 0.320093 0 0 109.297 102.153 0 0.00172961 0.000864803 0 46.5826 -1.67249 0 0.260235 
17300 130.32 449.782 0.285769 0 0 109.094 101.923 0 0.000577367 0 0 46.7844 -1.67632 0 0.25784 
17400 202.895 449.776 0.425123 0 0 109.094 101.864 0 0.000574053 0.000287026 0 47.0514 -1.72201 0 0.260404 
17500 295.064 451.409 0.601872 0 0 109.341 102.132 0 0.00114155 0.000285388 0 47.4498 -1.87338 0 0.262819 
17600 246.861 452.208 0.519903 0 0 109.307 102.053 0 0.00255464 0.0011354 0 47.9983 -1.95054 0 0.270664 
17700 149.15 452.959 0.323672 0 0 109.384 102.129 0 0.000282167 0 0 48.3485 -1.90803 0 0.285544 
17800 134.944 453.364 0.293968 0 0 109.622 102.345 0 0.00141084 0 0 48.4455 -1.82273 0 0.286083 
17900 179.868 453.321 0.382168 0 0 109.639 102.329 0 0.000846979 0.000846979 0 48.5887 -1.80648 0 0.274477 
18000 274.224 454.481 0.567866 0 0 109.622 102.203 0 0.00112613 0.000281532 0 48.9566 -1.85355 0 0.267787 
18100 252.803 455.445 0.526381 0 0 109.588 102.12 0 0.00196519 0.000280741 0 49.4082 -1.97668 0 0.257077 
18200 161.838 455.7 0.347747 0 0 109.583 102.181 0 0.00223839 0.000559597 0 49.7893 -2.12882 0 0.257703 
18300 138.466 456.095 0.295424 0 0 109.639 102.311 0 0.00056101 0.000280505 0 49.9863 -2.17929 0 0.264943 
18400 244.773 461.635 0.387142 0 0 110.724 103.492 0 0.00056164 0.00028082 0 50.0842 -2.12279 0 0.269671 
18500 353.245 465.315 0.524252 0 0 111.449 104.278 0 0.00112013 0.000840101 0 50.2988 -2.10032 0 0.269462 
18600 282.537 470.609 0.524674 0 0 112.396 105.123 0 0.00111826 0.000279564 0 50.6514 -2.12718 0 0.260809 
18700 183.497 468.633 0.368427 0 0 111.903 104.588 0 0.00111669 0.000837521 0 51.0329 -2.26012 0 0.264914 
18800 149.6 468.236 0.311605 0 0 111.68 104.407 0 0.000835887 0.000557258 0 51.2641 -2.19846 0 0.264902 
18900 180.624 467.38 0.380268 0 0 111.527 104.125 0 0.00111669 0.000279174 0 51.3906 -2.19812 0 0.263168 
19000 281.099 467.32 0.561395 0 0 111.311 103.832 0 0.000835655 0.000557103 0 51.8822 -2.32486 0 0.264312 
19100 262.275 467.601 0.530707 0 0 111.392 103.83 0 0.000834725 0.000556483 0 52.4046 -2.48494 0 0.277662 
19200 184.353 466.565 0.386262 0 0 111.042 103.461 0 0.00139043 0.000278087 0 52.8156 -2.54648 0 0.280043 
19300 197.837 467.04 0.343591 0 0 111.217 103.51 0 0.00083612 0.00083612 0 52.9941 -2.471 0 0.286629 
19400 321.078 473.331 0.435104 0 0 112.494 104.819 0 0.000558347 0 0 53.0938 -2.38131 0 0.290309 
19500 469.822 483.435 0.526188 0 0 114.466 106.692 0 0.000558971 0.000279486 0 53.2437 -2.35268 0 0.277468 
19600 320.381 489.215 0.480534 0 0 115.607 107.798 0 0.00167832 0.00027972 0 53.4736 -2.34699 0 0.247325 
19700 213.597 486.158 0.405983 0 0 114.961 107.192 0 0.000559284 0.000279642 0 53.7492 -2.39564 0 0.2448 
19800 193.875 487.455 0.378338 0 0 115.142 107.485 0 0.00306663 0.00111514 0 54.1271 -2.46023 0 0.248386 
19900 246.454 484.575 0.483335 0 0 114.531 106.998 0 0.00167177 0.000835887 0 54.2196 -2.51375 0 0.258576 
20000 335.746 479.611 0.660427 0 0 113.606 106.092 0 0.00167131 0.000278552 0 54.5111 -2.66809 0 0.282672 
20100 280.849 478.254 0.565429 0 0 113.196 105.734 0 0.00166991 0.000278319 0 54.968 -2.72743 0 0.315043 
20200 183.76 478.247 0.373804 0 0 112.972 105.626 0 0.000834028 0.000834028 0 55.4037 -2.75439 0 0.315748 
20300 191.791 477.387 0.387176 0 0 112.752 105.412 0 0.00223277 0.000837287 0 55.6922 -2.74253 0 0.31605 
20400 302.23 480.734 0.527328 0 0 113.272 105.912 0 0.00111826 0.000279564 0 55.9712 -2.79086 0 0.313691 
20500 470.788 488.302 0.694021 0 0 114.796 107.247 0 0.00139509 0 0 56.3432 -2.84924 0 0.314921 
20600 376.44 492.917 0.643765 0 0 115.881 108.081 0 0.000835887 0 0 56.7634 -2.86993 0 0.31481 
20700 256.872 495.115 0.46224 0 0 116.263 108.422 0 0.000834957 0.000834957 0 57.2316 -3.05031 0 0.327839 
20800 221.956 496.776 0.390566 0 0 116.248 108.516 0 0.00222779 0.000556948 0 57.6185 -3.0756 0 0.331054 
20900 327.599 498.514 0.491777 0 0 116.557 108.848 0 0.000556483 0.000278242 0 57.8325 -3.09646 0 0.337248 
21000 477.86 502.597 0.584788 0 0 117.506 109.592 0 0.000279096 0.000279096 0 57.9651 -3.07479 0 0.315599 
21100 372.283 507.19 0.618857 0 0 118.092 110.324 0 0.000279174 0.000279174 0 58.3286 -3.14892 0 0.310247 
21200 257.731 504.731 0.476653 0 0 117.366 109.549 0 0.000837755 0.000279252 0 58.7445 -3.2057 0 0.309062 
21300 231.26 505.157 0.393626 0 0 117.559 109.559 0 0.000558659 0.00027933 0 59.0877 -3.16252 0 0.314089 
21400 439.186 507.214 0.539916 0 0 117.995 109.921 0 0.000837054 0.000279018 0 59.2506 -3.07899 0 0.311806 
21500 708.272 516.655 0.689376 0 0 120.082 111.824 0 0.00055788 0.00055788 0 59.4619 -2.99952 0 0.331393 
21600 404.051 522.332 0.615274 0 0 121.184 112.731 0 0.00055788 0.00027894 0 59.6661 -3.01894 0 0.316891 
21700 281.894 518.393 0.495762 0 0 120.358 111.93 0 0.00167598 0.000837989 0 59.9478 -3.11853 0 0.321729 
21800 258.935 518.373 0.426139 0 0 120.444 112.008 0 0.00111794 0.000279486 0 60.2085 -3.1268 0 0.316486 
21900 443.827 522.844 0.552192 0 0 121.205 112.884 0 0.000558971 0.000279486 0 60.566 -3.13882 0 0.316487 
22000 645.028 529.781 0.682493 0 0 122.53 114.173 0 0.000558659 0 0 60.8101 -3.07218 0 0.304893 
22100 433.329 534.638 0.604803 0 0 123.576 115.219 0 0.000279408 0 0 61.0179 -3.10578 0 0.292778 
22200 302.985 533.992 0.528628 0 0 123.234 115.012 0 0.00139587 0.000279174 0 61.4729 -3.28394 0 0.313618 
22300 261.331 530.769 0.477177 0 0 122.561 114.285 0 0.00139509 0.000279018 0 61.6786 -3.3302 0 0.316416 
22400 340.068 531.047 0.579921 0 0 122.594 114.38 0 0.000558191 0 0 61.9018 -3.33879 0 0.332665 
22500 510.54 533.541 0.729407 0 0 123.2 114.833 0 0.000558347 0.000279174 0 62.1379 -3.42661 0 0.335822 
22600 454.24 535.523 0.743962 0 0 123.329 114.9 0 0.00251116 0.000558036 0 62.5575 -3.48213 0 0.383308 
22700 373.977 536.171 0.63425 0 0 123.442 114.91 0 0.00167131 0.000835655 0 63.0788 -3.55758 0 0.389593 
22800 307.568 533.876 0.540527 0 0 122.819 114.301 0 0.00139237 0.000278474 0 63.4088 -3.57047 0 0.410192 
22900 420.429 532.196 0.631523 0 0 122.341 113.758 0 0.000278707 0 0 63.7341 -3.55835 0 0.425365 
23000 686.062 540.394 0.787431 0 0 123.908 115.078 0 0 0 0 64.0894 -3.56783 0 0.427812 
23100 509.879 541.111 0.762616 0 0 124.025 115.051 0 0.000557103 0 0 64.2457 -3.59942 0 0.386717 
23200 361.37 539.137 0.644086 0 0 123.685 114.761 0 0.0019504 0.000835887 0 64.611 -3.66791 0 0.391972 
23300 321.329 537.562 0.556423 0 0 123.25 114.353 0 0.00055788 0.00027894 0 65.0379 -3.69102 0 0.391395 
23400 549.778 542.919 0.671226 0 0 123.979 115.274 0 0.000836587 0.000278862 0 65.3056 -3.77801 0 0.363381 
23500 734.647 545.816 0.815579 0 0 124.653 115.73 0 0.000837054 0 0 65.5778 -3.75655 0 0.383403 
23600 569.636 546.579 0.812126 0 0 124.746 115.896 0 0.000837755 0.000279252 0 65.7598 -3.81652 0 0.406632 
23700 431.203 542.852 0.748243 0 0 123.956 115.066 0 0.00195258 0.00055788 0 66.0809 -3.89375 0 0.381499 
23800 332.425 545.713 0.564869 0 0 123.05 114.423 0 0.00139237 0 0 66.5608 -3.93118 0 0.418829 
23900 392.943 540.361 0.619571 0 0 122.613 114.041 0 0.00111421 0 0 66.7708 -4.00788 0 0.430967 
24000 720.257 550.961 0.755541 0 0 124.799 116.11 0 0 0 0 66.9314 -4.01757 0 0.408952 
24100 530.584 556.193 0.762395 0 0 126.276 117.23 0 0.00139353 0.000278707 0 67.1059 -3.99337 0 0.389844 
24200 434.628 555.277 0.707312 0 0 125.819 117.046 0 0.00111297 0.000556483 0 67.6377 -4.07947 0 0.434018 
24300 380.873 557.474 0.617329 0 0 126.183 117.514 0 0.000556793 0 0 68.017 -4.25531 0 0.409583 
24400 650.369 561.33 0.737251 0 0 127.005 118.274 0 0.00139315 0.000557258 0 68.2407 -4.24089 0 0.41292 
24500 965.447 568.93 0.892464 0 0 128.496 119.584 0 0.000557414 0 0 68.5811 -4.27651 0 0.447914 
24600 735.556 576.529 0.857154 0 0 129.996 120.896 0 0.000558503 0 0 68.8696 -4.2231 0 0.470725 
24700 479.639 572.736 0.791853 0 0 129.187 120.035 0 0 0 0 68.9539 -4.27667 0 0.419956 
24800 431.913 570.96 0.683776 0 0 128.681 119.661 0 0.0019504 0.000557258 0 69.535 -4.38128 0 0.466003 
24900 491 568.621 0.731365 0 0 127.956 119.117 0 0.000837287 0.000279096 0 69.7432 -4.35958 0 0.485294 
25000 609.56 568.701 0.8406 0 0 127.982 119.164 0 0 0 0 69.8493 -4.3722 0 0.458394 
25100 563.662 570.769 0.856365 0 0 128.389 119.4 0 0.0013947 0.00055788 0 70.0683 -4.51389 0 0.440569 
25200 482.449 570.907 0.769367 0 0 128.444 119.391 0 0.000557569 0.000557569 0 70.2788 -4.55283 0 0.459094 
25300 509.892 575.419 0.646739 0 0 129.149 120.079 0 0.00167177 0 0 70.7888 -4.62059 0 0.457441 
25400 856.858 579.514 0.748589 0 0 130.069 120.46 0 0.00194823 0.000278319 0 71.0623 -4.63434 0 0.449007 
25500 1184.67 587.235 0.851551 0 0 131.646 122.132 0 0.000278396 0.000278396 0 71.2244 -4.54023 0 0.455492 
25600 730.115 586.081 0.760898 0 0 131.433 121.935 0 0.00027894 0 0 71.2187 -4.52824 0 0.451536 
25700 465.846 583.365 0.7142 0 0 130.849 121.323 0 0 0 0 71.2618 -4.52337 0 0.407964 
25800 474.005 588.724 0.70379 0 0 131.216 121.717 0 0.00223152 0.00055788 0 71.6404 -4.51881 0 0.351865 
25900 658.544 586.727 0.79422 0 0 131.038 121.551 0 0.00083612 0 0 71.8902 -4.52298 0 0.408349 
26000 911.872 586.968 0.932939 0 0 131.054 121.408 0 0.000278707 0 0 72.1187 -4.54706 0 0.436617 
26100 720.029 586.569 0.887215 0 0 131.053 121.271 0 0.000278629 0 0 72.2903 -4.51287 0 0.458797 
26200 614.279 580.397 0.870284 0 0 129.74 120.122 0 0.000558347 0 0 72.2895 -4.57651 0 0.466148 
26300 512.003 578.493 0.801486 0 0 129.328 119.71 0 0 0 0 72.489 -4.57454 0 0.487832 
26400 693.254 574.537 0.854959 0 0 128.827 119.465 0 0.00167457 0.000279096 0 72.8864 -4.67967 0 0.513825 
26500 1010.5 581.544 1.01097 0 0 130.532 120.987 0 0.000557103 0 0 73.2908 -4.71355 0 0.540489 
26600 679.346 586.842 0.933135 0 0 131.615 121.872 0 0.000278707 0 0 73.6081 -4.70182 0 0.543139 
26700 545.856 586.554 0.894827 0 0 131.339 121.685 0 0.00111576 0.00055788 0 73.7138 -4.73123 0 0.545526 
26800 526.538 585.098 0.841459 0 0 130.95 121.244 0 0.00195149 0.000278784 0 73.995 -4.83837 0 0.539076 
26900 610.507 583.392 0.862697 0 0 130.368 120.428 0 0.00111452 0 0 74.5954 -4.92233 0 0.56281 
27000 764.582 582.163 0.963372 0 0 130.193 119.902 0 0.000278862 0 0 74.7978 -4.99318 0 0.552102 
27100 639.096 586.691 0.95482 0 0 131.066 120.356 0 0 0 0 75.0296 -4.9895 0 0.532786 
27200 621.776 581.825 0.926266 0 0 130.181 119.335 0 0 0 0 75.1826 -5.03633 0 0.524456 
27300 657.187 591.348 0.852803 0 0 131.218 120.178 0 0.0019504 0.000835887 0 75.5297 -4.97555 0 0.55364 
27400 888.06 594.312 0.883485 0 0 132.204 120.896 0 0.0011139 0.000278474 0 75.9677 -4.95814 0 0.561177 
27500 1047.38 592.996 0.95156 0 0 132.177 121.019 0 0.000834725 0.000278242 0 76.1912 -4.94741 0 0.616924 
27600 844.853 590.142 0.91156 0 0 131.495 120.389 0 0.000278474 0 0 76.2445 -4.89984 0 0.628564 
27700 526.062 585.096 0.848937 0 0 130.155 119.633 0 0.00139665 0.000558659 0 76.2045 -4.9994 0 0.625085 
27800 528.572 586.36 0.845314 0 0 130.464 119.883 0 0.000559754 0 0 76.2706 -4.97112 0 0.553011 
27900 639.414 587.823 0.891266 0 0 130.536 119.719 0 0.00167551 0.000558503 0 76.8149 -5.10271 0 0.473402 
28000 932.554 592.695 1.0376 0 0 131.507 120.331 0 0.00111421 0.000557103 0 77.3348 -5.08579 0 0.474132 
28100 752.743 597.83 1.03794 0 0 132.593 121.225 0 0.000278552 0 0 77.7357 -5.1867 0 0.554987 
28200 643.709 596.694 1.01997 0 0 132.454 120.963 0 0.000556793 0 0 77.9786 -5.27102 0 0.609902 
28300 584.543 595.035 0.982765 0 0 132.071 120.729 0 0.000836587 0.000836587 0 78.1746 -5.32817 0 0.635087 
28400 655.276 593.895 0.976228 0 0 131.772 120.665 0 0.0019504 0.000835887 0 78.6389 -5.34838 0 0.690115 
28500 939.283 595.728 1.1175 0 0 131.996 121.041 0 0.000278784 0 0 79.1597 -5.43117 0 0.710119 
28600 812.392 599.659 1.10329 0 0 132.524 121.723 0 0.00139276 0.000278552 0 79.4351 -5.47963 0 0.659648 
28700 677.791 596.226 1.07269 0 0 131.805 120.827 0 0.000279252 0 0 79.4817 -5.512 0 0.631274 
28800 621.207 598.841 1.02939 0 0 132.332 121.251 0 0.000558659 0.00027933 0 79.6894 -5.53629 0 0.633672 
28900 627.366 592.779 1.01034 0 0 130.975 119.835 0 0.0019564 0.000838457 0 79.9966 -5.64709 0 0.615611 
29000 817.865 593.52 1.13888 0 0 130.938 119.722 0 0.00139315 0.000835887 0 80.703 -5.76015 0 0.675983 
29100 785.742 595.371 1.15343 0 0 131.366 119.991 0 0.000278707 0 0 80.8835 -5.76853 0 0.666067 
29200 647.084 596.569 1.09993 0 0 131.574 120.031 0 0.000557414 0 0 81.0647 -5.83083 0 0.664542 
29300 664.745 597.724 1.05562 0 0 131.863 120.205 0 0.000836353 0.000557569 0 81.223 -5.86401 0 0.661238 
29400 839.241 598.34 1.04039 0 0 131.848 120.439 0 0.00194986 0.000557103 0 81.7407 -5.93472 0 0.713983 
29500 986.769 598.383 1.09767 0 0 131.913 120.394 0 0.0019504 0.000835887 0 82.3371 -5.9259 0 0.745432 
29600 915.503 596.719 1.10977 0 0 131.705 120.25 0 0.00111607 0.000279018 0 82.421 -5.88535 0 0.76356 
29700 685.738 592.12 1.05756 0 0 130.822 119.323 0 0.000558659 0 0 82.4288 -5.95992 0 0.746308 
29800 667.678 597.938 1.02923 0 0 132.184 120.425 0 0.00027933 0 0 82.6123 -5.99454 0 0.72259 
29900 725.92 597.082 1.04403 0 0 131.864 120.14 0 0.000838692 0 0 82.7118 -6.07222 0 0.59104 
30000 904.702 598.243 1.15075 0 0 131.862 120.424 0 0.00167131 0 0 83.2123 -6.11267 0 0.539811 
30100 930.763 598.788 1.2292 0 0 131.93 120.294 0 0 0 0 83.7397 -6.21835 0 0.681522 
30200 817.194 601.651 1.1956 0 0 132.436 120.699 0 0.000278552 0.000278552 0 84.0058 -6.27188 0 0.741735 
30300 729.162 600.769 1.14085 0 0 132.298 120.482 0 0.000278862 0 0 84.1534 -6.34922 0 0.760592 
30400 753.065 598.713 1.1431 0 0 131.694 119.91 0 0.000837287 0.000837287 0 84.3162 -6.37381 0 0.767771 
30500 860.22 594.196 1.21013 0 0 130.607 119.105 0 0.00194986 0.00111421 0 84.9251 -6.51395 0 0.777863 
30600 860.174 595.738 1.24074 0 0 130.898 119.016 0 0.000278087 0 0 85.3696 -6.49507 0 0.751648 
30700 718.555 596.563 1.18931 0 0 131.155 119.224 0 0.000278396 0 0 85.6033 -6.48135 0 0.758538 
30800 717.019 597.687 1.17623 0 0 131.44 119.401 0 0 0 0 85.817 -6.52471 0 0.759715 
30900 856.47 598.982 1.21125 0 0 131.68 119.374 0 0.00194823 0.000834957 0 86.1225 -6.582 0 0.789042 
31000 979.315 598.489 1.26692 0 0 131.335 119.059 0 0.00139082 0 0 86.4924 -6.62981 0 0.812993 
31100 891.415 593.803 1.26246 0 0 130.232 117.909 0 0 0 0 86.8461 -6.58429 0 0.795801 
31200 761.641 596.623 1.2148 0 0 130.739 118.325 0 0.000835189 0.000278396 0 87.2185 -6.54531 0 0.787718 
31300 674.704 594.711 1.1766 0 0 130.268 117.986 0 0.000838223 0.000279408 0 87.3141 -6.58456 0 0.811709 
31400 779.189 596.866 1.20586 0 0 130.603 118.393 0 0.00223277 0.000558191 0 87.5643 -6.61202 0 0.79728 
31500 931.633 596.43 1.29337 0 0 130.632 118.539 0 0.00222841 0.000835655 0 87.9947 -6.57683 0 0.798516 
31600 886.956 598.04 1.30946 0 0 130.896 118.905 0 0.00166991 0.000278319 0 88.3832 -6.60213 0 0.813415 
31700 758.575 599.669 1.2568 0 0 131.273 119.235 0 0.000557414 0.000278707 0 88.5789 -6.69044 0 0.826828 
31800 693.06 599.594 1.20574 0 0 131.291 119.258 0 0.000836587 0.000278862 0 88.7755 -6.71014 0 0.817972 
31900 735.862 598.098 1.207 0 0 131.025 118.732 0 0.00167177 0.000835887 0 89.0404 -6.75024 0 0.831033 
32000 854.384 596.651 1.27169 0 0 130.722 118.327 0 0.000557414 0.000278707 0 89.5582 -6.58103 0 0.852951 
32100 827.31 597.951 1.31391 0 0 130.914 118.586 0 0.000278784 0.000278784 0 89.935 -6.59392 0 0.803021 
32200 818.316 600.837 1.31362 0 0 131.279 118.994 0 0.000278862 0.000278862 0 90.1168 -6.62691 0 0.758205 
32300 750.897 603.309 1.26296 0 0 131.736 119.517 0 0 0 0 90.3408 -6.72856 0 0.761166 
32400 813.218 604.355 1.24935 0 0 131.752 119.627 0 0.00250976 0.000557724 0 90.6361 -6.81642 0 0.774271 
32500 1014.27 602.489 1.29797 0 0 131.495 119.212 0 0.000835655 0.000557103 0 91.1465 -6.81435 0 0.839808 
32600 857.181 604.236 1.27506 0 0 131.84 119.333 0 0.000556793 0.000278396 0 91.5757 -6.82178 0 0.87435 
32700 824.452 605.536 1.26112 0 0 132.089 119.607 0 0.000278862 0 0 91.6291 -6.86836 0 0.882254 
32800 749.739 604.033 1.2175 0 0 131.754 119.478 0 0.000837054 0 0 91.7026 -6.93596 0 0.87034 
32900 776.803 602.001 1.22864 0 0 131.315 119.073 0 0.000837521 0.000279174 0 91.8579 -6.90947 0 0.820757 
33000 936.249 600.432 1.308 0 0 130.795 118.721 0 0.0019504 0.000835887 0 92.3249 -6.9272 0 0.683221 
33100 846.523 600.685 1.31476 0 0 130.685 118.605 0 0.00111297 0.000278242 0 92.9335 -6.94215 0 0.791663 
33200 788.697 597.44 1.28452 0 0 129.97 117.907 0 0 0 0 93.2646 -7.04616 0 0.857104 
33300 751.262 595.72 1.25791 0 0 129.65 117.667 0 0 0 0 93.3596 -7.05854 0 0.85475 
33400 858.981 595.512 1.29257 0 0 129.662 117.492 0 0.000557724 0.000278862 0 93.4827 -7.10288 0 0.865716 
33500 938.183 593.443 1.33068 0 0 129.232 116.959 0 0.00111359 0.000556793 0 93.9335 -7.19818 0 0.845023 
33600 851.363 592.784 1.33122 0 0 129.077 116.721 0 0.000835655 0.000278552 0 94.3415 -7.23205 0 0.802502 
33700 793.314 593.348 1.31562 0 0 129.141 116.733 0 0.000557258 0.000278629 0 94.732 -7.41478 0 0.810645 
33800 769.892 593.874 1.28571 0 0 129.292 116.838 0 0.00139276 0.000278552 0 94.8549 -7.3708 0 0.854325 
33900 849.119 593.351 1.31519 0 0 129.016 116.833 0 0.000278552 0 0 95.1251 -7.40284 0 0.871469 
34000 1018.58 595.931 1.38327 0 0 129.579 117.199 0 0.00111483 0.000278707 0 95.4866 -7.47039 0 0.852443 
34100 967.696 594.273 1.39777 0 0 129.204 116.817 0 0.000834725 0.000278242 0 95.9218 -7.5498 0 0.84647 
34200 823.869 595.18 1.35332 0 0 129.283 116.917 0 0.00139121 0.00111297 0 96.3801 -7.60773 0 0.884491 
34300 799.803 595.607 1.33402 0 0 129.499 117.123 0 0.000835189 0.000278396 0 96.5429 -7.59178 0 0.887917 
34400 804.115 592.568 1.34506 0 0 128.803 116.434 0 0.000838223 0 0 96.7295 -7.72117 0 0.904579 
34500 943.07 592.51 1.4166 0 0 128.657 116.404 0 0.00139626 0.000558503 0 97.0332 -7.70924 0 0.894411 
34600 878.149 591.306 1.41819 0 0 128.348 116.31 0 0.000557258 0 0 97.3636 -7.80308 0 0.866833 
34700 816.901 588.714 1.38614 0 0 127.711 115.892 0 0 0 0 97.5859 -7.85093 0 0.849009 
34800 753.769 589.234 1.34013 0 0 127.704 115.865 0 0.000557414 0 0 97.8665 -7.92255 0 0.849892 
34900 758.706 588.249 1.33451 0 0 127.399 115.703 0 0.00139276 0.000835655 0 98.1409 -8.01478 0 0.891998 
35000 823.165 587.733 1.37614 0 0 127.341 115.625 0 0.00139431 0.000557724 0 98.4657 -8.11728 0 0.924962 
35100 882.196 587.093 1.44028 0 0 127.119 115.534 0 0.00055788 0.00027894 0 98.8159 -8.19317 0 0.869486 
35200 840.512 584.924 1.4347 0 0 126.697 115.169 0 0.000837287 0.000279096 0 98.9685 -8.25403 0 0.831969 
35300 813.312 588.18 1.3955 0 0 127.439 115.803 0 0.000278396 0.000278396 0 99.2149 -8.28286 0 0.828342 
35400 819.108 587.503 1.38032 0 0 127.316 115.634 0 0.0013947 0.00027894 0 99.4948 -8.37511 0 0.830101 
35500 873.549 585.251 1.40967 0 0 126.626 115.261 0 0.00111514 0.000557569 0 99.9172 -8.61735 0 0.91818 
35600 892.247 585.445 1.43726 0 0 126.272 114.941 0 0.00111421 0.000278552 0 100.199 -8.58454 0 0.932763 
35700 817.204 583.196 1.39849 0 0 125.539 114.655 0 0.000558347 0.000279174 0 100.314 -8.63273 0 0.906567 
35800 764.552 588.73 1.34548 0 0 126.396 115.487 0 0 0 0 100.491 -8.68182 0 0.890727 
35900 763.566 589.004 1.3272 0 0 126.482 115.457 0 0.00083682 0.00027894 0 100.677 -8.65802 0 0.843115 
36000 853.601 588.181 1.37704 0 0 126.247 115.195 0 0.00111421 0.000557103 0 101.143 -8.78431 0 0.839308 
36100 846.298 584.938 1.41625 0 0 125.807 114.827 0 0.00111483 0 0 101.414 -8.86886 0 0.87606 
36200 839.195 587.287 1.41661 0 0 126.292 115.316 0 0.000557724 0.000278862 0 101.662 -8.89723 0 0.86832 
36300 830.621 588.163 1.386 0 0 126.408 115.265 0 0.000557414 0 0 101.821 -8.88015 0 0.848048 
36400 850.742 584.646 1.38018 0 0 125.725 114.373 0 0.00167177 0.000557258 0 101.975 -8.97443 0 0.868537 
36500 1082.96 587.746 1.44983 0 0 126.405 114.926 0 0.00166945 0.000278242 0 102.455 -8.96802 0 0.86369 
36600 955.248 592.024 1.43332 0 0 127.155 115.841 0 0.00139005 0.000278009 0 102.811 -9.01307 0 0.946761 
36700 892.41 594.148 1.39206 0 0 127.527 116.149 0 0.000556483 0 0 103.094 -9.04721 0 0.990353 
36800 806.799 594.726 1.34082 0 0 127.653 116.382 0 0.00111328 0 0 103.206 -9.09403 0 1.00815 
36900 813.598 592.501 1.35121 0 0 127.123 115.94 0 0.000279096 0 0 103.255 -9.07205 0 0.96133 
37000 973.419 594.896 1.42041 0 0 127.796 116.409 0 0.000837989 0.00027933 0 103.412 -8.95208 0 0.828008 
37100 978.22 594.136 1.45562 0 0 127.656 116.146 0 0.00195095 0.00111483 0 103.866 -8.96564 0 0.796261 
37200 867.108 594.479 1.42148 0 0 127.654 116.139 0 0.000278009 0 0 104.088 -8.95483 0 0.876662 
37300 836.3 595.734 1.40055 0 0 127.752 116.29 0 0.000556328 0.000278164 0 104.365 -8.99745 0 0.920163 
37400 845.929 594.171 1.41884 0 0 127.458 116.019 0 0.000835189 0.000556793 0 104.54 -9.01456 0 0.982993 
37500 901.863 589.307 1.45584 0 0 126.62 115.072 0 0.00111297 0.000556483 0 104.682 -9.03149 0 0.996984 
37600 944.269 586.783 1.48952 0 0 126.123 114.591 0 0.00278552 0.000557103 0 104.993 -9.04414 0 0.894859 
37700 849.738 589.376 1.44558 0 0 126.687 115.043 0 0.000835887 0.000278629 0 105.362 -9.1201 0 0.86345 
37800 808.801 588.995 1.39561 0 0 126.713 115.077 0 0.00167131 0.000278552 0 105.614 -9.16681 0 0.900608 
37900 826.304 587.923 1.39972 0 0 126.526 115.036 0 0.000835189 0.000278396 0 105.828 -9.16813 0 0.933545 
38000 911.123 587.903 1.4516 0 0 126.561 115.073 0 0.00139198 0.000835189 0 106.102 -9.09812 0 0.961361 
38100 897.362 585.356 1.45846 0 0 125.917 114.485 0 0.000278629 0 0 106.415 -9.05591 0 0.934125 
38200 830.843 585.379 1.42742 0 0 125.752 114.582 0 0.000557258 0 0 106.601 -9.11424 0 0.893247 
38300 794.963 582.557 1.39074 0 0 125.203 114.05 0 0.000835189 0.000556793 0 106.765 -9.19431 0 0.851791 
38400 795.565 580.47 1.38781 0 0 124.729 113.611 0 0.000556793 0 0 107.039 -9.26147 0 0.861395 
38500 821.994 579.108 1.422 0 0 124.348 113.343 0 0.00195149 0.000836353 0 107.357 -9.27462 0 0.897139 
38600 837.868 576.22 1.45534 0 0 123.688 112.965 0 0.00111452 0.000278629 0 107.578 -9.14821 0 0.934456 
38700 816.008 576.082 1.44119 0 0 123.58 112.884 0 0.000835655 0 0 107.767 -9.091 0 0.893261 
38800 771.147 573.969 1.39457 0 0 123.025 112.384 0 0 0 0 107.935 -9.17348 0 0.867232 
38900 760.473 573.604 1.36647 0 0 122.928 112.277 0 0.00166945 0.000834725 0 108.176 -9.17774 0 0.84926 
39000 781.713 571.154 1.38985 0 0 122.404 111.927 0 0.00111235 0.000556174 0 108.625 -9.23835 0 0.907457 
39100 823.267 572.533 1.44355 0 0 122.574 112.245 0 0.00166991 0.000556638 0 108.945 -9.17351 0 0.879344 
39200 807.203 572.173 1.43185 0 0 122.478 112.335 0 0.000556328 0 0 109.031 -9.09684 0 0.863587 
39300 790.194 573.622 1.40671 0 0 122.674 112.56 0 0.000835189 0 0 109.19 -9.15996 0 0.837318 
39400 791.794 571.12 1.39155 0 0 122.128 111.972 0 0.000835655 0 0 109.44 -9.13306 0 0.826572 
39500 822.008 567.944 1.41791 0 0 121.434 111.573 0 0.00278396 0.000556793 0 109.899 -9.14753 0 0.857232 
39600 881.503 565.381 1.48278 0 0 120.946 111.189 0 0.000556638 0.000556638 0 110.154 -9.10747 0 0.934734 
39700 856.743 568.045 1.46728 0 0 121.53 111.754 0 0.000556174 0.000278087 0 110.282 -9.05292 0 0.918469 
39800 798.975 571.111 1.40685 0 0 122.062 112.127 0 0 0 0 110.439 -9.02785 0 0.913772 
39900 830.378 573.303 1.41263 0 0 122.461 112.336 0 0.000279096 0.000279096 0 110.613 -9.07915 0 0.860673 
40000 967.244 575.366 1.4725 0 0 122.696 112.81 0 0.00222717 0.00111359 0 110.985 -9.10498 0 0.82122 
40100 934.544 576.149 1.49423 0 0 122.856 113.019 0 0.00111235 0.000278087 0 111.458 -9.17819 0 0.919487 
40200 874.335 578.071 1.45782 0 0 123.299 113.35 0 0.000278087 0.000278087 0 111.724 -9.18656 0 1.0127 
40300 849.569 579.241 1.42993 0 0 123.498 113.479 0 0.000556793 0.000278396 0 111.815 -9.13828 0 1.01744 
40400 940.293 580.825 1.4603 0 0 123.554 113.544 0 0 0 0 111.874 -9.04177 0 1.0071 
40500 1102.13 581.973 1.52564 0 0 123.796 113.649 0 0.0011139 0.000835422 0 112.069 -9.02393 0 0.89429 
40600 1046.15 585.335 1.51604 0 0 124.62 114.268 0 0.00166945 0 0 112.452 -9.00175 0 0.821302 
40700 930.62 584.319 1.46782 0 0 124.686 114.24 0 0.000278164 0.000278164 0 112.792 -9.10187 0 0.940223 
40800 845.97 585.263 1.42747 0 0 124.762 114.334 0 0.000556638 0.000278319 0 113.067 -9.07241 0 1.03323 
40900 864.391 587.792 1.44837 0 0 125.267 114.908 0 0.000557258 0 0 113.3 -9.12787 0 1.05469 
41000 949.106 589.703 1.51646 0 0 125.453 115.297 0 0.00139353 0.000278707 0 113.439 -9.23938 0 1.01914 
41100 1001.93 590.121 1.56276 0 0 125.431 115.174 0 0.00111545 0.000557724 0 113.66 -9.1403 0 0.918563 
41200 904.744 591.72 1.50509 0 0 125.63 115.276 0 0.00167364 0.00055788 0 113.909 -9.13314 0 0.810454 
41300 821.943 590.775 1.4425 0 0 125.394 115.224 0 0.00139121 0.000278242 0 114.209 -9.09777 0 0.852302 
41400 837.219 587.445 1.45595 0 0 124.907 114.903 0 0.00250348 0.000834492 0 114.501 -9.28206 0 0.99254 
41500 869.725 584.84 1.48904 0 0 124.434 114.451 0 0.00111266 0.000278164 0 114.634 -9.23067 0 1.04251 
41600 911.68 583.883 1.53298 0 0 124.227 114.274 0 0.000278474 0 0 114.801 -9.27331 0 0.990309 
41700 900.027 585.266 1.52367 0 0 124.586 114.448 0 0.000557258 0 0 114.91 -9.24704 0 0.916308 
41800 865.303 586.535 1.48139 0 0 124.694 114.745 0 0.00278242 0.000556483 0 115.052 -9.19487 0 0.851437 
41900 864.324 586.132 1.453 0 0 124.582 114.719 0 0.00278087 0.00139043 0 115.346 -9.25492 0 0.879004 
42000 1021.47 588.19 1.52082 0 0 125.012 115.297 0 0.00250209 0.000556019 0 115.65 -9.16867 0 0.960324 
42100 944.939 589.425 1.51295 0 0 125.158 115.508 0 0.000556638 0.000278319 0 115.796 -9.1819 0 1.00641 
42200 881.847 589.731 1.46267 0 0 125.134 115.569 0 0.000556483 0.000278242 0 115.938 -9.2099 0 1.03509 
42300 816.448 588.094 1.41277 0 0 124.649 115.208 0 0.000557258 0 0 116.093 -9.2135 0 0.976007 
42400 808.009 584.423 1.40089 0 0 124.085 114.384 0 0.00167364 0.00083682 0 116.246 -9.29498 0 0.820751 
42500 869.932 579.419 1.45798 0 0 123.13 113.465 0 0.00139353 0.000278707 0 116.465 -9.32371 0 0.818043 
42600 876.12 576.843 1.50002 0 0 122.593 113.042 0 0.00222717 0.000278396 0 116.678 -9.35248 0 0.902081 
42700 855.325 576.852 1.48598 0 0 122.562 113.041 0 0.000556328 0.000278164 0 116.86 -9.39022 0 0.910761 
42800 827.325 575.149 1.44818 0 0 122.34 112.816 0 0.00111297 0.000278242 0 117.073 -9.27965 0 0.933832 
42900 829.281 573.032 1.44052 0 0 121.882 112.347 0 0.000556638 0.000278319 0 117.242 -9.29704 0 0.948815 
43000 915.854 575.494 1.48468 0 0 122.244 112.875 0 0.00139043 0.000278087 0 117.649 -9.37501 0 0.929491 
43100 954.562 575.206 1.52656 0 0 122.25 112.962 0 0.00194607 0.000278009 0 117.775 -9.37667 0 0.940318 
43200 877.713 576.784 1.48376 0 0 122.628 113.314 0 0.000556174 0.000278087 0 117.94 -9.34227 0 0.949376 
43300 831.324 573.615 1.45462 0 0 121.884 112.475 0 0.000278319 0.000278319 0 118.114 -9.34865 0 0.94757 
43400 830.094 573.931 1.44969 0 0 121.837 112.42 0 0.0011139 0 0 118.298 -9.44795 0 0.949356 
43500 947.563 572.325 1.52007 0 0 121.651 112.18 0 0.0011139 0 0 118.59 -9.43215 0 0.931454 
43600 1007.91 572.224 1.56074 0 0 121.649 112.256 0 0.00139198 0.000278396 0 118.878 -9.4595 0 0.918985 
43700 923.408 577.2 1.52519 0 0 122.526 113.117 0 0.00111297 0.000278242 0 119.079 -9.41575 0 0.951132 
43800 886.294 578.408 1.48906 0 0 122.816 113.285 0 0.000278009 0 0 119.222 -9.39771 0 0.967717 
43900 903.779 577.664 1.49393 0 0 122.67 113.098 0 0.000556328 0 0 119.453 -9.4906 0 0.967079 
44000 996.469 577.496 1.54148 0 0 122.705 113.026 0 0.00083426 0.000278087 0 119.662 -9.46673 0 0.953224 
44100 935.965 572.671 1.53424 0 0 121.795 112.207 0 0.00167084 0.0011139 0 119.965 -9.43022 0 0.947181 
44200 873.921 571.279 1.50142 0 0 121.504 111.98 0 0.000835189 0 0 120.145 -9.4047 0 0.941652 
44300 819.684 569.187 1.45651 0 0 121 111.473 0 0.000835189 0.000278396 0 120.212 -9.36542 0 0.957455 
44400 829.488 566.877 1.46002 0 0 120.431 111.094 0 0.00138966 0.000555864 0 120.387 -9.48587 0 0.968462 
44500 871.411 565.431 1.49906 0 0 120.21 110.859 0 0.0030581 0.000834028 0 120.635 -9.45695 0 0.975487 
44600 908.871 566.028 1.54658 0 0 120.014 110.683 0 0.00139198 0.000278396 0 120.916 -9.4485 0 0.932333 
44700 884.168 567.74 1.53227 0 0 120.348 111.106 0 0.000556793 0 0 121.094 -9.4686 0 0.908737 
44800 834.941 567.152 1.49006 0 0 119.971 110.838 0 0.00111297 0.00111297 0 121.224 -9.45394 0 0.904256 
44900 830.688 564.346 1.47218 0 0 119.731 110.644 0 0.00139198 0 0 121.421 -9.55886 0 0.940383 
45000 840.589 559.751 1.49167 0 0 118.79 109.775 0 0.00167084 0 0 121.571 -9.64002 0 0.981034 
45100 887.759 559.011 1.54287 0 0 118.838 109.944 0 0.00111452 0.000557258 0 121.792 -9.61884 0 0.98675 
45200 899.874 559.59 1.54834 0 0 118.813 109.944 0 0.000278552 0 0 121.952 -9.65989 0 0.960398 
45300 845.539 559.689 1.48963 0 0 118.973 109.877 0 0.000558503 0 0 122.055 -9.67677 0 0.941929 
45400 840.268 563.31 1.46397 0 0 119.574 110.527 0 0.000835887 0.000278629 0 122.267 -9.73991 0 0.929069 
45500 883.433 561.869 1.48725 0 0 119.288 110.306 0 0.0011139 0 0 122.528 -9.73838 0 0.953686 
45600 921.227 559.836 1.52776 0 0 118.866 110.049 0 0.00111297 0 0 122.795 -9.85229 0 0.976041 
45700 898.313 562.372 1.51424 0 0 119.211 110.604 0 0.00139082 0.000834492 0 123.043 -9.97645 0 1.00109 
45800 849.507 561.616 1.47738 0 0 119.127 110.474 0 0.000278319 0 0 123.114 -9.92637 0 0.974375 
45900 872.957 561.857 1.48393 0 0 119.223 110.496 0 0.00139315 0.000278629 0 123.267 -9.86322 0 0.910642 
46000 977.334 564.359 1.55196 0 0 119.65 111.009 0 0.00166945 0.000834725 0 123.537 -9.91645 0 0.893341 
46100 1014.4 567.466 1.58035 0 0 120.25 111.837 0 0.00194878 0.000556793 0 123.803 -9.97 0 0.95334 
46200 934.518 568.848 1.5331 0 0 120.536 112.092 0 0.000556793 0 0 123.98 -10.0075 0 0.986198 
46300 890.474 568.396 1.49692 0 0 120.377 111.905 0 0.000557103 0.000278552 0 124.093 -9.97584 0 1.02726 
46400 878.887 566.53 1.50338 0 0 119.972 111.508 0 0.00111452 0.000835887 0 124.245 -9.91396 0 1.03416 
46500 920.717 564.484 1.55255 0 0 119.527 111.118 0 0.00167131 0 0 124.48 -9.98611 0 0.981999 
46600 941.405 563.095 1.58156 0 0 119.386 110.864 0 0.00139043 0.000278087 0 124.712 -9.92608 0 0.920135 
46700 888.435 563.287 1.54373 0 0 119.359 110.86 0 0.00083426 0.000556174 0 124.918 -9.9417 0 0.925416 
46800 862.126 562.65 1.50771 0 0 119.081 110.561 0 0.000278164 0 0 125.045 -9.88942 0 0.947403 
46900 877.643 561.36 1.5017 0 0 118.915 110.405 0 0.00167038 0.000278396 0 125.224 -9.94657 0 1.02984 
47000 966.831 562.575 1.54977 0 0 119.17 110.656 0 0.000835189 0 0 125.485 -9.9946 0 1.05437 
47100 981.785 565.127 1.56327 0 0 119.61 111.125 0 0.000834725 0.000556483 0 125.641 -10.0263 0 1.00052 
47200 863.181 565.539 1.51768 0 0 119.66 111.144 0 0.00111266 0.000278164 0 125.817 -9.97534 0 0.954153 
47300 842.859 564.269 1.49672 0 0 119.347 110.866 0 0 0 0 125.978 -9.88877 0 0.93853 
47400 846.941 561.683 1.49379 0 0 118.866 110.42 0 0.00166898 0.000278164 0 126.211 -9.76024 0 0.928214 
47500 894 561.046 1.54213 0 0 118.675 110.334 0 0.000834492 0.000278164 0 126.414 -9.88216 0 0.960837 
47600 922.339 560.311 1.57872 0 0 118.662 110.298 0 0.000556019 0 0 126.632 -9.85502 0 0.993706 
47700 895.821 560.208 1.55508 0 0 118.75 110.363 0 0.00166806 0.000278009 0 126.756 -9.895 0 0.982515 
47800 845.751 561.25 1.50843 0 0 119.092 110.693 0 0.000278164 0 0 126.899 -9.8909 0 0.959548 
47900 829.395 560.18 1.4816 0 0 119.051 110.471 0 0.00111235 0.000556174 0 127.156 -9.82812 0 0.959933 
48000 851.999 557.635 1.51169 0 0 118.549 110.085 0 0.000556483 0 0 127.427 -9.81757 0 0.953926 
48100 897.597 557.661 1.55377 0 0 118.477 110.07 0 0.00111328 0.000278319 0 127.762 -9.82094 0 0.956842 
48200 890.93 560.391 1.54169 0 0 119.02 110.596 0 0.00139198 0.000835189 0 127.96 -9.85372 0 0.960557 
48300 862.081 560.562 1.50954 0 0 119.005 110.599 0 0.00139198 0.000278396 0 128.074 -9.87713 0 0.955949 
48400 873.37 564.031 1.49975 0 0 119.576 111.244 0 0.00194823 0.000556638 0 128.255 -9.84099 0 0.925824 
48500 916.516 562.445 1.53015 0 0 119.188 110.957 0 0.00166945 0 0 128.529 -9.88123 0 0.934036 
48600 910.982 560.416 1.53783 0 0 118.783 110.629 0 0.00194769 0.000278242 0 128.659 -9.78253 0 0.958941 
48700 868.574 563.56 1.5161 0 0 119.438 111.228 0 0.000556483 0 0 128.839 -9.66195 0 0.977536 
48800 830.691 564.92 1.47897 0 0 119.814 111.415 0 0.000278474 0.000278474 0 128.978 -9.72436 0 0.976281 
48900 837.215 567.503 1.46977 0 0 120.152 111.657 0 0.000556483 0.000278242 0 129.181 -9.82776 0 0.972456 
49000 877.087 565.6 1.50929 0 0 119.694 111.16 0 0.00278474 0.0011139 0 129.438 -9.8034 0 0.93382 
49100 947.031 566.663 1.57902 0 0 119.982 111.456 0 0.00166852 0.000278087 0 129.668 -9.66763 0 0.933517 
49200 930.831 564.566 1.56875 0 0 119.46 110.904 0 0.00111142 0.00055571 0 129.815 -9.50749 0 0.944109 
49300 877.773 567.664 1.50596 0 0 120.064 111.496 0 0.00111297 0.000556483 0 129.961 -9.46621 0 0.970627 
49400 926.854 569.352 1.51343 0 0 120.46 111.69 0 0.00166945 0 0 130.181 -9.46902 0 0.96296 
49500 975.064 570.433 1.5447 0 0 120.768 111.947 0 0.00250209 0.00111204 0 130.441 -9.46094 0 0.983273 
49600 961.774 566.482 1.5606 0 0 120.079 111.229 0 0.000835189 0 0 130.61 -9.34489 0 0.981442 
49700 890.473 563.364 1.53882 0 0 119.519 110.717 0 0.00167038 0.000835189 0 130.71 -9.40687 0 0.971519 
49800 886.93 566.017 1.51833 0 0 120.021 111.255 0 0.000278319 0 0 130.844 -9.33085 0 0.980337 
49900 891.205 565.505 1.51627 0 0 119.894 111.128 0 0.000278242 0.000278242 0 131.036 -9.32636 0 0.98377 
50000 941.614 565.566 1.55643 0 0 119.837 111.082 0 0.00139082 0 0 131.296 -9.43815 0 0.984839 
