# Avida Dominant Data
# Mon Jan 16 16:01:08 2017
#  1: Update
#  2: Average Merit of the Dominant Genotype
#  3: Average Gestation Time of the Dominant Genotype
#  4: Average Fitness of the Dominant Genotype
#  5: Repro Rate?
#  6: Size of Dominant Genotype
#  7: Copied Size of Dominant Genotype
#  8: Executed Size of Dominant Genotype
#  9: Abundance of Dominant Genotype
# 10: Number of Births
# 11: Number of Dominant Breed True?
# 12: Dominant Gene Depth
# 13: Dominant Breed In
# 14: Max Fitness?
# 15: Genotype ID of Dominant Genotype
# 16: Name of the Dominant Genotype

0 0 0 0 0 100 0 0 1 0 0 0 0 2.22507e-308 1 100-aaaaa 
100 0 0 0 0 100 0 0 1 0 0 0 0 2.22507e-308 1 100-aaaaa 
200 0 0 0 0 100 0 0 1 0 0 0 0 2.22507e-308 1 100-aaaaa 
300 0 0 0 0 100 0 0 1 0 0 0 0 2.22507e-308 1 100-aaaaa 
400 97 389 0.249357 0.00257069 100 100 0 2 0 0 0 0 0.249357 1 100-aaaaa 
500 97 389 0.249357 0.00257069 100 100 0 2 0 0 0 0 0.249357 1 100-aaaaa 
600 97 389 0.249357 0.00257069 100 100 0 2 0 0 0 0 0.249357 1 100-aaaaa 
700 97 389 0.249357 0.00257069 100 100 0 2 0 0 0 0 0.249357 1 100-aaaaa 
800 97 389 0.249357 0.00257069 100 100 0 3 0 0 0 0 0.249357 1 100-aaaaa 
900 97 389 0.249357 0.00257069 100 100 0 3 0 0 0 0 0.249357 1 100-aaaaa 
1000 97 389 0.249357 0.00257069 100 100 0 3 0 0 0 0 0.249357 1 100-aaaaa 
1100 97 389 0.249357 0.00257069 100 100 0 3 0 0 0 0 0.249357 1 100-aaaaa 
1200 97 389 0.249357 0.00257069 100 100 0 5 0 0 0 0 0.249357 1 100-aaaaa 
1300 97 389 0.249357 0.00257069 100 100 0 5 0 0 0 0 0.249357 1 100-aaaaa 
1400 97 389 0.249357 0.00257069 100 100 0 5 0 0 0 0 0.249357 1 100-aaaaa 
1500 97 389 0.249357 0.00257069 100 100 0 5 0 0 0 0 0.249357 1 100-aaaaa 
1600 97 389 0.249357 0.00257069 100 100 0 6 0 0 0 0 0.249357 1 100-aaaaa 
1700 97 389 0.249357 0.00257069 100 100 0 7 0 0 0 0 0.249357 1 100-aaaaa 
1800 97 389 0.249357 0.00257069 100 100 0 7 0 0 0 0 0.249357 1 100-aaaaa 
1900 97 389 0.249357 0.00257069 100 100 0 7 0 0 0 0 0.249357 1 100-aaaaa 
2000 97 389 0.249357 0.00257069 100 100 0 6 0 0 0 0 0.249357 1 100-aaaaa 
2100 97 389 0.249357 0.00257069 100 100 0 6 0 0 0 0 0.249357 1 100-aaaaa 
2200 97 389 0.249357 0.00257069 100 100 0 6 0 0 0 0 0.249357 1 100-aaaaa 
2300 97 389 0.249357 0.00257069 100 100 0 6 0 0 0 0 0.249357 1 100-aaaaa 
2400 97 389 0.249357 0.00257069 100 100 0 7 0 0 0 0 0.249357 1 100-aaaaa 
2500 97 389 0.249357 0.00257069 100 100 0 7 0 0 0 0 0.249357 1 100-aaaaa 
2600 97 389 0.249357 0.00257069 100 100 0 7 0 0 0 0 0.249357 1 100-aaaaa 
2700 97 389 0.249357 0.00257069 100 100 0 8 0 0 0 0 0.249357 1 100-aaaaa 
2800 97 389 0.249357 0.00257069 100 100 0 7 0 0 0 0 0.249357 1 100-aaaaa 
2900 97 389 0.249357 0.00257069 100 100 0 7 0 0 0 0 0.249357 1 100-aaaaa 
3000 97 389 0.249357 0.00257069 100 100 0 7 0 0 0 0 0.249357 1 100-aaaaa 
3100 97 389 0.249357 0.00257069 100 100 0 6 0 0 0 0 0.249357 1 100-aaaaa 
3200 97 389 0.249357 0.00257069 100 100 0 8 0 0 0 0 0.249357 1 100-aaaaa 
3300 97 389 0.249357 0.00257069 100 100 0 8 0 0 0 0 0.249357 1 100-aaaaa 
3400 97 389 0.249357 0.00257069 100 100 0 8 0 0 0 0 0.249357 1 100-aaaaa 
3500 97 389 0.249357 0.00257069 100 100 0 8 0 0 0 0 0.249357 1 100-aaaaa 
3600 97 389 0.249357 0.00257069 100 100 0 8 0 0 0 0 0.249357 1 100-aaaaa 
3700 97 389 0.249357 0.00257069 100 100 0 7 0 0 0 0 0.249357 1 100-aaaaa 
3800 97 389 0.249357 0.00257069 100 100 0 7 0 0 0 0 0.249357 1 100-aaaaa 
3900 97 389 0.249357 0.00257069 100 100 0 6 0 0 0 0 0.249357 1 100-aaaaa 
4000 97 389 0.249357 0.00257069 100 100 0 7 0 0 0 0 0.249357 1 100-aaaaa 
4100 97 389 0.249357 0.00257069 100 100 0 7 0 0 0 0 0.249357 1 100-aaaaa 
4200 97 389 0.249357 0.00257069 100 100 0 7 0 0 0 0 0.249357 1 100-aaaaa 
4300 97 386 0.251295 0.00259067 100 100 0 8 0 0 3 0 0.251295 27 100-aaaag 
4400 97 386 0.251295 0.00259067 100 100 0 8 0 0 3 0 0.251295 27 100-aaaag 
4500 97 386 0.251295 0.00259067 100 100 0 8 0 0 3 0 0.251295 27 100-aaaag 
4600 97 386 0.251295 0.00259067 100 100 0 5 0 0 3 0 0.251295 27 100-aaaag 
4700 97 384 0.252604 0.00260417 100 100 0 5 0 0 2 0 0.252604 40 100-aaaae 
4800 98 390 0.251282 0.0025641 101 101 0 5 0 0 2 0 0.251282 83 101-aaaac 
4900 98 390 0.251282 0.0025641 101 101 0 5 0 0 2 0 0.251282 83 101-aaaac 
5000 97 384 0.252604 0.00260417 100 100 0 5 0 0 2 0 0.252604 40 100-aaaae 
5100 97 387 0.250646 0.00258398 100 100 0 5 0 0 1 0 0.250646 38 100-aaaaf 
5200 97 384 0.252604 0.00260417 100 100 0 6 0 0 2 0 0.252604 40 100-aaaae 
5300 97 384 0.252604 0.00260417 100 100 0 6 0 0 2 0 0.252604 40 100-aaaae 
5400 97 387 0.250646 0.00258398 100 100 0 6 0 0 1 0 0.250646 38 100-aaaaf 
5500 97 387 0.250646 0.00258398 100 100 0 6 0 0 1 0 0.250646 38 100-aaaaf 
5600 97 387 0.250646 0.00258398 100 100 0 7 0 0 1 0 0.250646 38 100-aaaaf 
5700 97 387 0.250646 0.00258398 100 100 0 7 0 0 1 0 0.250646 38 100-aaaaf 
5800 93 374 0.248663 0.0026738 99 99 0 7 0 0 5 0 0.248663 194 099-aaaae 
5900 97 384 0.252604 0.00260417 100 100 0 7 0 0 2 0 0.252604 40 100-aaaae 
6000 97 384 0.252604 0.00260417 100 100 0 7 0 0 2 0 0.252604 40 100-aaaae 
6100 97 384 0.252604 0.00260417 100 100 0 7 0 0 2 0 0.252604 40 100-aaaae 
6200 97 384 0.252604 0.00260417 100 100 0 7 0 0 2 0 0.252604 40 100-aaaae 
6300 93 374 0.248663 0.0026738 99 99 0 7 0 0 5 0 0.248663 194 099-aaaae 
6400 97 384 0.252604 0.00260417 100 100 0 7 0 0 2 0 0.252604 40 100-aaaae 
6500 97 384 0.252604 0.00260417 100 100 0 7 0 0 2 0 0.252604 40 100-aaaae 
6600 97 384 0.252604 0.00260417 100 100 0 6 0 0 2 0 0.252604 40 100-aaaae 
6700 97 384 0.252604 0.00260417 100 100 0 7 0 0 2 0 0.252604 40 100-aaaae 
6800 97 384 0.252604 0.00260417 100 100 0 7 0 0 2 0 0.252604 40 100-aaaae 
6900 97 384 0.252604 0.00260417 100 100 0 7 0 0 2 0 0.252604 40 100-aaaae 
7000 97 384 0.252604 0.00260417 100 100 0 6 0 0 2 0 0.252604 40 100-aaaae 
7100 97 384 0.252604 0.00260417 100 100 0 6 0 0 2 0 0.252604 40 100-aaaae 
7200 97 387 0.250646 0.00258398 100 100 0 7 0 0 1 0 0.250646 38 100-aaaaf 
7300 97 387 0.250646 0.00258398 100 100 0 6 0 0 1 0 0.250646 38 100-aaaaf 
7400 97 387 0.250646 0.00258398 100 100 0 6 0 0 1 0 0.250646 38 100-aaaaf 
7500 97 384 0.252604 0.00260417 100 100 0 6 0 0 2 0 0.252604 40 100-aaaae 
7600 97 384 0.252604 0.00260417 100 100 0 6 0 0 2 0 0.252604 40 100-aaaae 
7700 97 384 0.252604 0.00260417 100 100 0 6 0 0 2 0 0.252604 40 100-aaaae 
7800 97 384 0.252604 0.00260417 100 100 0 5 0 0 2 0 0.252604 40 100-aaaae 
7900 88 375 0.234667 0.00266667 100 100 0 6 0 0 3 0 0.234667 897 100-aaabo 
8000 88 375 0.234667 0.00266667 100 100 0 7 0 0 3 0 0.234667 897 100-aaabo 
8100 88 375 0.234667 0.00266667 100 100 0 7 0 0 3 0 0.234667 897 100-aaabo 
8200 88 375 0.234667 0.00266667 100 100 0 6 0 0 3 0 0.234667 897 100-aaabo 
8300 88 375 0.234667 0.00266667 100 100 0 7 0 0 3 0 0.234667 897 100-aaabo 
8400 88 375 0.234667 0.00266667 100 100 0 8 0 0 3 0 0.234667 897 100-aaabo 
8500 88 375 0.234667 0.00266667 100 100 0 8 0 0 3 0 0.234667 897 100-aaabo 
8600 88 375 0.234667 0.00266667 100 100 0 8 0 0 3 0 0.234667 897 100-aaabo 
8700 88 375 0.234667 0.00266667 100 100 0 7 0 0 3 0 0.234667 897 100-aaabo 
8800 88 375 0.234667 0.00266667 100 100 0 7 0 0 3 0 0.234667 897 100-aaabo 
8900 95 377 0.251989 0.00265252 98 98 0 7 0 0 7 0 0.251989 1202 098-aaaai 
9000 95 377 0.251989 0.00265252 98 98 0 6 0 0 7 0 0.251989 1202 098-aaaai 
9100 95 377 0.251989 0.00265252 98 98 0 6 0 0 7 0 0.251989 1202 098-aaaai 
9200 88 375 0.234667 0.00266667 100 100 0 7 0 0 3 0 0.234667 897 100-aaabo 
9300 88 375 0.234667 0.00266667 100 100 0 7 0 0 3 0 0.234667 897 100-aaabo 
9400 91 368 0.247283 0.00271739 98 98 0 8 0 0 10 0 0.247283 1550 098-aaaak 
9500 91 368 0.247283 0.00271739 98 98 0 8 0 0 10 0 0.247283 1550 098-aaaak 
9600 88 375 0.234667 0.00266667 100 100 0 9 0 0 3 0 0.234667 897 100-aaabo 
9700 91 368 0.247283 0.00271739 98 98 0 8 0 0 10 0 0.247283 1550 098-aaaak 
9800 91 368 0.247283 0.00271739 98 98 0 8 0 0 10 0 0.247283 1550 098-aaaak 
9900 91 368 0.247283 0.00271739 98 98 0 8 0 0 10 0 0.247283 1550 098-aaaak 
10000 91 368 0.247283 0.00271739 98 98 0 8 0 0 10 0 0.247283 1550 098-aaaak 
10100 823.87 470 1.75291 0.00212766 101 100.826 0 8 0 0 5 0 2.36197 3094 101-aaabv 
10200 739.57 470 1.57355 0.00212766 101 100.846 0 8 0 0 5 0 2.36197 3094 101-aaabv 
10300 739.57 470 1.57355 0.00212766 101 100.846 0 8 0 0 5 0 2.36197 3094 101-aaabv 
10400 96 382 0.251309 0.0026178 99 99.2812 0 9 0 0 5 0 0.251309 1056 099-aaaav 
10500 96 382 0.251309 0.0026178 99 99.2812 0 8 0 0 5 0 0.251309 1056 099-aaaav 
10600 96 382 0.251309 0.0026178 99 99.2812 0 8 0 0 5 0 0.251309 1056 099-aaaav 
10700 96 382 0.251309 0.0026178 99 99.25 0 9 0 0 5 0 0.251309 1056 099-aaaav 
10800 96 382 0.251309 0.0026178 99 99.2368 0 8 0 0 5 0 0.251309 1056 099-aaaav 
10900 96 382 0.251309 0.0026178 99 99.2368 0 8 0 0 5 0 0.251309 1056 099-aaaav 
11000 96 382 0.251309 0.0026178 99 99.2368 0 8 0 0 5 0 0.251309 1056 099-aaaav 
11100 99 389 0.254499 0.00257069 102 102 0 10 0 0 8 0 0.254499 2581 102-aaaal 
11200 99 389 0.254499 0.00257069 102 102 0 10 0 0 8 0 0.254499 2581 102-aaaal 
11300 99 389 0.254499 0.00257069 102 102 0 10 0 0 8 0 0.254499 2581 102-aaaal 
11400 99 389 0.254499 0.00257069 102 102 0 10 0 0 8 0 0.254499 2581 102-aaaal 
11500 99 389 0.254499 0.00257069 102 102 0 10 0 0 8 0 0.254499 2581 102-aaaal 
11600 99 389 0.254499 0.00257069 102 102 0 11 0 0 8 0 0.254499 2581 102-aaaal 
11700 99 389 0.254499 0.00257069 102 102 0 9 0 0 8 0 0.254499 2581 102-aaaal 
11800 99 389 0.254499 0.00257069 102 102 0 9 0 0 8 0 0.254499 2581 102-aaaal 
11900 99 389 0.254499 0.00257069 102 102 0 10 0 0 8 0 0.254499 2581 102-aaaal 
12000 99 389 0.254499 0.00257069 102 102 0 9 0 0 8 0 0.254499 2581 102-aaaal 
12100 99 389 0.254499 0.00257069 102 102 0 8 0 0 8 0 0.254499 2581 102-aaaal 
12200 99 389 0.254499 0.00257069 102 102 0 8 0 0 8 0 0.254499 2581 102-aaaal 
12300 99 389 0.254499 0.00257069 102 102 0 8 0 0 8 0 0.254499 2581 102-aaaal 
12400 92 371 0.247978 0.00269542 100 99.8889 0 10 0 0 10 0 0.247978 4077 100-aaaej 
12500 92 371 0.247978 0.00269542 100 99.8889 0 10 0 0 10 0 0.247978 4077 100-aaaej 
12600 92 371 0.247978 0.00269542 100 99.8889 0 10 0 0 10 0 0.247978 4077 100-aaaej 
12700 92 371 0.247978 0.00269542 100 99.8889 0 10 0 0 10 0 0.247978 4077 100-aaaej 
12800 92 371 0.247978 0.00269542 100 99.8947 0 11 0 0 10 0 0.247978 4077 100-aaaej 
12900 92 371 0.247978 0.00269542 100 99.9231 0 11 0 0 10 0 0.247978 4077 100-aaaej 
13000 92 371 0.247978 0.00269542 100 99.9259 0 12 0 0 10 0 0.247978 4077 100-aaaej 
13100 92 371 0.247978 0.00269542 100 99.9259 0 12 0 0 10 0 0.247978 4077 100-aaaej 
13200 92 371 0.247978 0.00269542 100 99.9259 0 12 0 0 10 0 0.247978 4077 100-aaaej 
13300 92 371 0.247978 0.00269542 100 99.9259 0 12 0 0 10 0 0.247978 4077 100-aaaej 
13400 92 371 0.247978 0.00269542 100 99.9259 0 11 0 0 10 0 0.247978 4077 100-aaaej 
13500 92 371 0.247978 0.00269542 100 99.9355 0 12 0 0 10 0 0.247978 4077 100-aaaej 
13600 92 371 0.247978 0.00269542 100 99.9429 0 11 0 0 10 0 0.247978 4077 100-aaaej 
13700 92 371 0.247978 0.00269542 100 99.9429 0 11 0 0 10 0 0.247978 4077 100-aaaej 
13800 92 371 0.247978 0.00269542 100 99.9429 0 11 0 0 10 0 0.247978 4077 100-aaaej 
13900 92 371 0.247978 0.00269542 100 99.9429 0 11 0 0 10 0 0.247978 4077 100-aaaej 
14000 92 371 0.247978 0.00269542 100 99.9429 0 11 0 0 10 0 0.247978 4077 100-aaaej 
14100 97 381 0.254593 0.00262467 100 100 0 11 0 0 11 0 0.254593 4237 100-aaaek 
14200 92 371 0.247978 0.00269542 100 99.9545 0 12 0 0 10 0 0.247978 4077 100-aaaej 
14300 92 371 0.247978 0.00269542 100 99.9545 0 12 0 0 10 0 0.247978 4077 100-aaaej 
14400 92 371 0.247978 0.00269542 100 99.9545 0 12 0 0 10 0 0.247978 4077 100-aaaej 
14500 92 371 0.247978 0.00269542 100 99.9545 0 12 0 0 10 0 0.247978 4077 100-aaaej 
14600 92 371 0.247978 0.00269542 100 99.9545 0 12 0 0 10 0 0.247978 4077 100-aaaej 
14700 97 381 0.254593 0.00262467 100 100 0 11 0 0 11 0 0.254593 4237 100-aaaek 
14800 97 381 0.254593 0.00262467 100 100 0 11 0 0 11 0 0.254593 4237 100-aaaek 
14900 92 371 0.247978 0.00269542 100 99.9615 0 12 0 0 10 0 0.247978 4077 100-aaaej 
15000 92 371 0.247978 0.00269542 100 99.9615 0 12 0 0 10 0 0.247978 4077 100-aaaej 
15100 92 371 0.247978 0.00269542 100 99.9615 0 12 0 0 10 0 0.247978 4077 100-aaaej 
15200 92 371 0.247978 0.00269542 100 99.9615 0 12 0 0 10 0 0.247978 4077 100-aaaej 
15300 92 371 0.247978 0.00269542 100 99.9615 0 10 0 0 10 0 0.247978 4077 100-aaaej 
15400 99 388 0.255155 0.00257732 102 102 0 10 0 0 9 0 0.255155 6404 102-aaaca 
15500 99 388 0.255155 0.00257732 102 102 0 11 0 0 9 0 0.255155 6404 102-aaaca 
15600 99 388 0.255155 0.00257732 102 102 0 12 0 0 9 0 0.255155 6404 102-aaaca 
15700 99 388 0.255155 0.00257732 102 102 0 12 0 0 9 0 0.255155 6404 102-aaaca 
15800 99 388 0.255155 0.00257732 102 102 0 12 0 0 9 0 0.255155 6404 102-aaaca 
15900 99 388 0.255155 0.00257732 102 102 0 12 0 0 9 0 0.255155 6404 102-aaaca 
16000 99 388 0.255155 0.00257732 102 102 0 12 0 0 9 0 0.255155 6404 102-aaaca 
16100 99 388 0.255155 0.00257732 102 102 0 12 0 0 9 0 0.255155 6404 102-aaaca 
16200 99 388 0.255155 0.00257732 102 102 0 10 0 0 9 0 0.255155 6404 102-aaaca 
16300 99 388 0.255155 0.00257732 102 102 0 11 0 0 9 0 0.255155 6404 102-aaaca 
16400 99 388 0.255155 0.00257732 102 102 0 11 0 0 9 0 0.255155 6404 102-aaaca 
16500 99 388 0.255155 0.00257732 102 102 0 11 0 0 9 0 0.255155 6404 102-aaaca 
16600 99 388 0.255155 0.00257732 102 102 0 11 0 0 9 0 0.255155 6404 102-aaaca 
16700 99 388 0.255155 0.00257732 102 102 0 11 0 0 9 0 0.255155 6404 102-aaaca 
16800 99 388 0.255155 0.00257732 102 102 0 11 0 0 9 0 0.255155 6404 102-aaaca 
16900 99 388 0.255155 0.00257732 102 102 0 11 0 0 9 0 0.255155 6404 102-aaaca 
17000 99 388 0.255155 0.00257732 102 102 0 11 0 0 9 0 0.255155 6404 102-aaaca 
17100 99 388 0.255155 0.00257732 102 102 0 11 0 0 9 0 0.255155 6404 102-aaaca 
17200 99 388 0.255155 0.00257732 102 102 0 11 0 0 9 0 0.255155 6404 102-aaaca 
17300 99 388 0.255155 0.00257732 102 102 0 11 0 0 9 0 0.255155 6404 102-aaaca 
17400 99 388 0.255155 0.00257732 102 102 0 11 0 0 9 0 0.255155 6404 102-aaaca 
17500 99 388 0.255155 0.00257732 102 102 0 11 0 0 9 0 0.255155 6404 102-aaaca 
17600 99 388 0.255155 0.00257732 102 102 0 11 0 0 9 0 0.255155 6404 102-aaaca 
17700 99 388 0.255155 0.00257732 102 102 0 11 0 0 9 0 0.255155 6404 102-aaaca 
17800 99 388 0.255155 0.00257732 102 102 0 11 0 0 9 0 0.255155 6404 102-aaaca 
17900 99 388 0.255155 0.00257732 102 102 0 11 0 0 9 0 0.255155 6404 102-aaaca 
18000 99 388 0.255155 0.00257732 102 102 0 11 0 0 9 0 0.255155 6404 102-aaaca 
18100 99 388 0.255155 0.00257732 102 102 0 11 0 0 9 0 0.255155 6404 102-aaaca 
18200 99 388 0.255155 0.00257732 102 102 0 11 0 0 9 0 0.255155 6404 102-aaaca 
18300 99 388 0.255155 0.00257732 102 102 0 10 0 0 9 0 0.255155 6404 102-aaaca 
18400 99 388 0.255155 0.00257732 102 102 0 7 0 0 9 0 0.255155 6404 102-aaaca 
18500 99 388 0.255155 0.00257732 102 102 0 7 0 0 9 0 0.255155 6404 102-aaaca 
18600 99 388 0.255155 0.00257732 102 102 0 6 0 0 9 0 0.255155 6404 102-aaaca 
18700 99 388 0.255155 0.00257732 102 102 0 6 0 0 9 0 0.255155 6404 102-aaaca 
18800 496.511 479 1.03656 0.00208768 102 102 0 10 0 0 17 0 2.67745 17760 102-aaafe 
18900 496.511 479 1.03656 0.00208768 102 102 0 10 0 0 17 0 2.67745 17760 102-aaafe 
19000 496.511 479 1.03656 0.00208768 102 102 0 10 0 0 17 0 2.67745 17760 102-aaafe 
19100 496.511 479 1.03656 0.00208768 102 102 0 10 0 0 17 0 2.67745 17760 102-aaafe 
19200 496.511 479 1.03656 0.00208768 102 102 0 9 0 0 17 0 2.67745 17760 102-aaafe 
19300 496.511 479 1.03656 0.00208768 102 102 0 8 0 0 17 0 2.67745 17760 102-aaafe 
19400 757.401 477 1.58784 0.00209644 102 101.96 0 7 0 0 16 0 2.63208 21028 102-aaaha 
19500 757.525 477 1.5881 0.00209644 102 101.962 0 7 0 0 16 0 2.63208 21028 102-aaaha 
19600 757.525 477 1.5881 0.00209644 102 101.962 0 7 0 0 16 0 2.63208 21028 102-aaaha 
19700 122 479 0.254697 0.00208768 126 126 0 6 0 0 25 0 0.254697 13747 126-aaaai 
19800 710.865 477 1.49028 0.00209644 102 101.971 0 8 0 0 16 0 2.63208 21028 102-aaaha 
19900 710.865 477 1.49028 0.00209644 102 101.971 0 7 0 0 16 0 2.63208 21028 102-aaaha 
20000 745.382 477 1.56265 0.00209644 102 101.973 0 9 0 0 16 0 2.63208 21028 102-aaaha 
20100 752.594 477 1.57777 0.00209644 102 101.977 0 8 0 0 16 0 2.63208 21028 102-aaaha 
20200 673.251 477 1.41143 0.00209644 102 101.98 0 7 0 0 16 0 2.63208 21028 102-aaaha 
20300 666.645 475 1.40346 0.00210526 100 100 0 6 0 0 16 0 2.62211 21477 100-aaaoh 
20400 732.229 472 1.55133 0.00211864 101 101 0 7 0 0 18 0 2.63533 16592 101-aaaoc 
20500 817.503 472 1.732 0.00211864 101 101 0 6 0 0 18 0 2.63533 16592 101-aaaoc 
20600 678.078 465 1.45823 0.00215054 101 101 0 6 0 0 17 0 2.47366 20379 101-aaari 
20700 665.019 465 1.43015 0.00215054 101 101 0 6 0 0 17 0 2.47366 20379 101-aaari 
20800 536.195 455 1.17845 0.0021978 99 99.5714 0 7 0 0 17 0 2.39423 27420 099-aaajl 
20900 570.936 457 1.24931 0.00218818 100 100 0 7 0 0 17 0 2.41794 22543 100-aaapa 
21000 570.936 457 1.24931 0.00218818 100 100 0 7 0 0 17 0 2.41794 22543 100-aaapa 
21100 681.712 474 1.43821 0.0021097 100 100 0 7 0 0 17 0 2.62764 25208 100-aaaor 
21200 693.573 470 1.47569 0.00212766 99 99 0 8 0 0 16 0 2.65293 24883 099-aaain 
21300 693.573 470 1.47569 0.00212766 99 99 0 8 0 0 16 0 2.65293 24883 099-aaain 
21400 705.375 470 1.5008 0.00212766 99 99 0 9 0 0 16 0 2.65293 24883 099-aaain 
21500 705.375 470 1.5008 0.00212766 99 99 0 9 0 0 16 0 2.65293 24883 099-aaain 
21600 713.813 470 1.51875 0.00212766 99 99 0 9 0 0 16 0 2.65293 24883 099-aaain 
21700 716.538 470 1.52455 0.00212766 99 99 0 9 0 0 16 0 2.65293 24883 099-aaain 
21800 679.561 470 1.44587 0.00212766 99 99 0 10 0 0 16 0 2.65293 24883 099-aaain 
21900 679.561 470 1.44587 0.00212766 99 99 0 9 0 0 16 0 2.65293 24883 099-aaain 
22000 679.561 470 1.44587 0.00212766 99 99 0 9 0 0 16 0 2.65293 24883 099-aaain 
22100 679.561 470 1.44587 0.00212766 99 99 0 9 0 0 16 0 2.65293 24883 099-aaain 
22200 679.561 470 1.44587 0.00212766 99 99 0 7 0 0 16 0 2.65293 24883 099-aaain 
22300 611.739 465 1.31557 0.00215054 101 101 0 7 0 0 17 0 2.47366 20379 101-aaari 
22400 619.353 465 1.33194 0.00215054 101 101 0 7 0 0 17 0 2.47366 20379 101-aaari 
22500 631.67 465 1.35843 0.00215054 101 101 0 7 0 0 17 0 2.47366 20379 101-aaari 
22600 637.942 465 1.37192 0.00215054 101 101 0 10 0 0 17 0 2.47366 20379 101-aaari 
22700 619.899 465 1.33312 0.00215054 101 101 0 11 1 1 17 0 2.47366 20379 101-aaari 
22800 608.341 465 1.30826 0.00215054 101 101 0 9 1 0 17 0 2.47366 20379 101-aaari 
22900 606.515 465 1.30433 0.00215054 101 101 0 9 0 0 17 0 2.47366 20379 101-aaari 
23000 606.515 465 1.30433 0.00215054 101 101 0 9 0 0 17 0 2.47366 20379 101-aaari 
23100 606.515 465 1.30433 0.00215054 101 101 0 9 0 0 17 0 2.47366 20379 101-aaari 
23200 604.147 465 1.29924 0.00215054 101 101 0 7 0 0 17 0 2.47366 20379 101-aaari 
23300 597.889 465 1.28578 0.00215054 101 101 0 8 0 0 17 0 2.47366 20379 101-aaari 
23400 597.889 465 1.28578 0.00215054 101 101 0 8 0 0 17 0 2.47366 20379 101-aaari 
23500 683.173 470 1.45356 0.00212766 99 99 0 8 0 0 16 0 2.65293 24883 099-aaain 
23600 96 375 0.256 0.00266667 99 99 0 7 0 0 11 0 0.256 17423 099-aaahi 
23700 713.64 472 1.51195 0.00211864 101 101 0 8 0 0 20 0 2.46839 33004 101-aaazc 
23800 652.718 470 1.38876 0.00212766 99 99 0 11 0 0 16 0 2.65293 24883 099-aaain 
23900 652.718 470 1.38876 0.00212766 99 99 0 11 0 0 16 0 2.65293 24883 099-aaain 
24000 656.675 470 1.39718 0.00212766 99 99 0 11 0 0 16 0 2.65293 24883 099-aaain 
24100 659.424 470 1.40303 0.00212766 99 99 0 10 0 0 16 0 2.65293 24883 099-aaain 
24200 614.88 465 1.32232 0.00215054 101 101 0 9 0 0 17 0 2.47366 20379 101-aaari 
24300 614.88 465 1.32232 0.00215054 101 101 0 9 0 0 17 0 2.47366 20379 101-aaari 
24400 614.88 465 1.32232 0.00215054 101 101 0 9 0 0 17 0 2.47366 20379 101-aaari 
24500 614.88 465 1.32232 0.00215054 101 101 0 9 0 0 17 0 2.47366 20379 101-aaari 
24600 614.88 465 1.32232 0.00215054 101 101 0 8 0 0 17 0 2.47366 20379 101-aaari 
24700 622.039 465 1.33772 0.00215054 101 101 0 10 0 0 17 0 2.47366 20379 101-aaari 
24800 622.721 465 1.33918 0.00215054 101 101 0 9 0 0 17 0 2.47366 20379 101-aaari 
24900 622.721 465 1.33918 0.00215054 101 101 0 8 0 0 17 0 2.47366 20379 101-aaari 
25000 644.618 465 1.38628 0.00215054 101 101 0 7 0 0 17 0 2.47366 20379 101-aaari 
25100 644.618 465 1.38628 0.00215054 101 101 0 7 0 0 17 0 2.47366 20379 101-aaari 
25200 645.683 465 1.38857 0.00215054 101 101 0 6 0 0 17 0 2.47366 20379 101-aaari 
25300 575.813 461 1.24905 0.0021692 100 100 0 6 0 0 19 0 2.29474 35253 100-aaato 
25400 553.447 461 1.20053 0.0021692 100 100 0 7 0 0 19 0 2.29474 35253 100-aaato 
25500 553.447 461 1.20053 0.0021692 100 100 0 7 0 0 19 0 2.29474 35253 100-aaato 
25600 553.447 461 1.20053 0.0021692 100 100 0 7 0 0 19 0 2.29474 35253 100-aaato 
25700 558.37 461 1.21122 0.0021692 100 100 0 7 0 0 19 0 2.29474 35253 100-aaato 
25800 558.37 461 1.21122 0.0021692 100 100 0 7 0 0 19 0 2.29474 35253 100-aaato 
25900 558.37 461 1.21122 0.0021692 100 100 0 7 0 0 19 0 2.29474 35253 100-aaato 
26000 648.101 473 1.37019 0.00211416 102 101.65 0 7 0 0 15 0 2.07423 33823 102-aaamp 
26100 577.126 461 1.2519 0.0021692 100 100 0 7 0 0 19 0 2.29474 35253 100-aaato 
26200 588.29 461 1.27612 0.0021692 100 100 0 8 0 0 19 0 2.29474 35253 100-aaato 
26300 588.29 461 1.27612 0.0021692 100 100 0 6 0 0 19 0 2.29474 35253 100-aaato 
26400 640.99 473 1.35516 0.00211416 102 101.731 0 6 0 0 15 0 2.12133 33823 102-aaamp 
26500 640.99 473 1.35516 0.00211416 102 101.731 0 6 0 0 15 0 2.12133 33823 102-aaamp 
26600 622.286 466 1.33538 0.00214592 100 100 0 6 0 0 17 0 2.19977 35258 100-aaatq 
26700 738.776 476 1.55205 0.00210084 102 102 0 8 0 0 22 0 2.07017 38465 102-aaane 
26800 734.243 476 1.54253 0.00210084 102 102 0 8 0 0 22 0 2.07017 38465 102-aaane 
26900 646.537 460 1.40552 0.00217391 100 100 0 7 0 0 21 0 2.13188 36521 100-aaatx 
27000 769.331 476 1.61624 0.00210084 102 102 0 7 0 0 22 0 2.19626 38465 102-aaane 
27100 769.331 476 1.61624 0.00210084 102 102 0 7 0 0 22 0 2.19626 38465 102-aaane 
27200 789.548 476 1.65871 0.00210084 102 102 0 8 0 0 22 0 2.19626 38465 102-aaane 
27300 726.773 476 1.52683 0.00210084 102 102 0 7 0 0 22 0 2.19626 38465 102-aaane 
27400 726.773 476 1.52683 0.00210084 102 102 0 7 0 0 22 0 2.19626 38465 102-aaane 
27500 738.017 476 1.55046 0.00210084 102 102 0 7 0 0 22 0 2.19626 38465 102-aaane 
27600 764.253 476 1.60557 0.00210084 102 102 0 9 0 0 22 0 2.19626 38465 102-aaane 
27700 764.253 476 1.60557 0.00210084 102 102 0 9 0 0 22 0 2.19626 38465 102-aaane 
27800 764.253 476 1.60557 0.00210084 102 102 0 9 0 0 22 0 2.19626 38465 102-aaane 
27900 730.609 476 1.53489 0.00210084 102 102 0 8 0 0 22 0 2.19626 38465 102-aaane 
28000 730.609 476 1.53489 0.00210084 102 102 0 6 0 0 22 0 2.19626 38465 102-aaane 
28100 535.503 447 1.19799 0.00223714 99 99 0 6 0 0 13 0 1.71905 27333 099-aaakq 
28200 557.316 463 1.20371 0.00215983 101 101 0 6 0 0 22 0 2.21175 23461 101-aaatu 
28300 557.316 463 1.20371 0.00215983 101 101 0 6 0 0 22 0 2.21175 23461 101-aaatu 
28400 557.316 463 1.20371 0.00215983 101 101 0 6 0 0 22 0 2.21175 23461 101-aaatu 
28500 557.316 463 1.20371 0.00215983 101 101 0 6 0 0 22 0 2.21175 23461 101-aaatu 
28600 561.527 463 1.2128 0.00215983 101 101 0 6 0 0 22 0 2.21175 23461 101-aaatu 
28700 656.744 473 1.38847 0.00211416 100 100 0 8 0 0 23 0 2.06494 37931 100-aaavp 
28800 656.744 473 1.38847 0.00211416 100 100 0 8 0 0 23 0 2.06494 37931 100-aaavp 
28900 569.651 463 1.23035 0.00215983 101 101 0 8 0 0 22 0 2.21175 23461 101-aaatu 
29000 569.651 463 1.23035 0.00215983 101 101 0 7 0 0 22 0 2.21175 23461 101-aaatu 
29100 770.656 476 1.61903 0.00210084 103 103 0 7 0 0 24 0 2.22625 37580 103-aaads 
29200 762.496 476 1.60188 0.00210084 103 103 0 8 0 0 24 0 2.22625 37580 103-aaads 
29300 754.234 476 1.58452 0.00210084 103 103 0 8 0 0 24 0 2.22625 37580 103-aaads 
29400 713.814 476 1.49961 0.00210084 103 103 0 8 0 0 24 0 2.22625 37580 103-aaads 
29500 713.581 476 1.49912 0.00210084 102 102 0 8 0 0 22 0 2.19626 38465 102-aaane 
29600 713.581 476 1.49912 0.00210084 102 102 0 8 0 0 22 0 2.19626 38465 102-aaane 
29700 713.581 476 1.49912 0.00210084 102 102 0 8 0 0 22 0 2.19626 38465 102-aaane 
29800 713.581 476 1.49912 0.00210084 102 102 0 8 0 0 22 0 2.19626 38465 102-aaane 
29900 714.271 476 1.50057 0.00210084 102 102 0 9 0 0 22 0 2.19626 38465 102-aaane 
30000 717.887 476 1.50817 0.00210084 102 102 0 8 0 0 22 0 2.19626 38465 102-aaane 
30100 718.195 476 1.50881 0.00210084 102 102 0 8 0 0 22 0 2.19626 38465 102-aaane 
30200 717.08 476 1.50647 0.00210084 103 103 0 7 0 0 24 0 2.22625 37580 103-aaads 
30300 718.021 476 1.50845 0.00210084 102 102 0 7 0 0 22 0 2.19626 38465 102-aaane 
30400 716.007 476 1.50422 0.00210084 102 102 0 7 0 0 22 0 2.19626 38465 102-aaane 
30500 717.824 476 1.50803 0.00210084 102 102 0 8 0 0 22 0 2.19626 38465 102-aaane 
30600 749.4 479 1.56451 0.00208768 101 101 0 7 0 0 24 0 2.18455 44970 101-aabhy 
30700 749.4 479 1.56451 0.00208768 101 101 0 7 0 0 24 0 2.18455 44970 101-aabhy 
30800 606.626 453 1.33913 0.00220751 101 101 0 7 0 0 25 0 1.44812 43912 101-aabgy 
30900 606.626 453 1.33913 0.00220751 101 101 0 7 0 0 25 0 1.44812 43912 101-aabgy 
31000 713.914 476 1.49982 0.00210084 102 102 0 7 0 0 22 0 2.19626 38465 102-aaane 
31100 723.66 479 1.51077 0.00208768 101 101 0 7 0 0 24 0 2.18455 44970 101-aabhy 
31200 723.66 479 1.51077 0.00208768 101 101 0 7 0 0 24 0 2.18455 44970 101-aabhy 
31300 769.11 472 1.62947 0.00211864 103 102.545 0 6 0 0 27 0 1.75803 45754 103-aaaeu 
31400 720.638 479 1.50446 0.00208768 101 101 0 7 0 0 24 0 2.18455 44970 101-aabhy 
31500 719.7 479 1.50251 0.00208768 101 101 0 7 0 0 24 0 2.18455 44970 101-aabhy 
31600 724.56 479 1.51265 0.00208768 101 101 0 8 0 0 24 0 2.18455 44970 101-aabhy 
31700 720.991 479 1.5052 0.00208768 101 101 0 7 0 0 24 0 2.18455 44970 101-aabhy 
31800 704.998 467 1.50963 0.00214133 102 102 0 6 0 0 24 0 1.77661 46078 102-aaaqy 
31900 656.228 473 1.38737 0.00211416 105 105 0 6 0 0 21 0 1.735 45152 105-aaaag 
32000 656.228 473 1.38737 0.00211416 105 105 0 6 0 0 21 0 1.735 45152 105-aaaag 
32100 758.313 488 1.55392 0.00204918 104 104 0 6 0 0 27 0 1.98609 42612 104-aaaaq 
32200 758.313 488 1.55392 0.00204918 104 104 0 6 0 0 27 0 1.98609 42612 104-aaaaq 
32300 758.313 488 1.55392 0.00204918 104 104 0 6 0 0 27 0 1.98609 42612 104-aaaaq 
32400 758.313 488 1.55392 0.00204918 104 104 0 6 0 0 27 0 1.98609 42612 104-aaaaq 
32500 663.473 473 1.40269 0.00211416 105 105 0 7 0 0 21 0 1.735 45152 105-aaaag 
32600 762.228 488 1.56194 0.00204918 104 104 0 6 0 0 27 0 1.98609 42612 104-aaaaq 
32700 724.997 476 1.5231 0.00210084 102 102 0 6 0 0 22 0 2.19626 38465 102-aaane 
32800 724.997 476 1.5231 0.00210084 102 102 0 6 0 0 22 0 2.19626 38465 102-aaane 
32900 724.997 476 1.5231 0.00210084 102 102 0 6 0 0 22 0 2.19626 38465 102-aaane 
33000 657.93 472 1.39392 0.00211864 102 102 0 6 0 0 18 0 1.83928 36800 102-aaanv 
33100 775.15 488 1.58842 0.00204918 104 104 0 7 0 0 27 0 1.98609 42612 104-aaaaq 
33200 775.15 488 1.58842 0.00204918 104 104 0 7 0 0 27 0 1.98609 42612 104-aaaaq 
33300 775.15 488 1.58842 0.00204918 104 104 0 6 0 0 27 0 1.98609 42612 104-aaaaq 
33400 768.594 478 1.60794 0.00209205 101 101 0 6 0 0 17 0 1.97882 51737 101-aabmp 
33500 656.733 472 1.39138 0.00211864 102 102.292 0 6 0 0 26 0 1.70109 46338 102-aaart 
33600 641.802 451 1.42306 0.00221729 99 99.4286 0 6 1 1 33 0 1.54834 53780 099-aaaoy 
33700 731.661 456 1.60452 0.00219298 101 101 0 6 0 0 30 0 1.84368 47736 101-aabjm 
33800 731.661 456 1.60452 0.00219298 101 101 0 6 0 0 30 0 1.84368 47736 101-aabjm 
33900 731.661 456 1.60452 0.00219298 101 101 0 6 0 0 30 0 1.84368 47736 101-aabjm 
34000 714.436 468 1.52657 0.00213675 100 100.1 0 6 0 0 21 0 1.78531 47134 100-aaayp 
34100 724.607 468 1.54831 0.00213675 100 100.087 0 9 0 0 21 0 1.78531 47134 100-aaayp 
34200 724.076 468 1.54717 0.00213675 100 100.08 0 8 0 0 21 0 1.78531 47134 100-aaayp 
34300 724.076 468 1.54717 0.00213675 100 100.08 0 8 0 0 21 0 1.78531 47134 100-aaayp 
34400 724.076 468 1.54717 0.00213675 100 100.08 0 8 0 0 21 0 1.78531 47134 100-aaayp 
34500 724.076 468 1.54717 0.00213675 100 100.08 0 8 0 0 21 0 1.78531 47134 100-aaayp 
34600 734.757 468 1.56999 0.00213675 100 100.071 0 8 0 0 21 0 1.81043 47134 100-aaayp 
34700 738.82 468 1.57868 0.00213675 100 100.065 0 7 0 0 21 0 1.81043 47134 100-aaayp 
34800 738.82 468 1.57868 0.00213675 100 100.065 0 7 0 0 21 0 1.81043 47134 100-aaayp 
34900 738.82 468 1.57868 0.00213675 100 100.065 0 7 0 0 21 0 1.81043 47134 100-aaayp 
35000 865.375 474 1.82569 0.0021097 102 102 0 7 0 0 27 0 1.97189 53550 102-aaavl 
35100 758.633 468 1.62101 0.00213675 100 100.054 0 7 0 0 21 0 1.98627 47134 100-aaayp 
35200 745.44 477 1.56277 0.00209644 101 101 0 7 0 0 29 0 1.86994 51628 101-aablv 
35300 742.522 477 1.55665 0.00209644 101 101 0 8 0 0 29 0 1.86994 51628 101-aablv 
35400 809.358 474 1.70751 0.0021097 102 102 0 8 0 0 27 0 1.97189 53550 102-aaavl 
35500 798.241 474 1.68405 0.0021097 102 102 0 8 0 0 27 0 1.97189 53550 102-aaavl 
35600 798.241 474 1.68405 0.0021097 102 102 0 7 0 0 27 0 1.97189 53550 102-aaavl 
35700 798.241 474 1.68405 0.0021097 102 102 0 7 0 0 27 0 1.97189 53550 102-aaavl 
35800 743.327 474 1.5682 0.0021097 102 102 0 7 0 0 21 0 1.7644 52551 102-aaaun 
35900 798.241 474 1.68405 0.0021097 102 102 0 6 0 0 27 0 1.97189 53550 102-aaavl 
36000 743.327 474 1.5682 0.0021097 102 102 0 6 0 0 21 0 1.7644 52551 102-aaaun 
36100 777.588 488 1.59342 0.00204918 104 104 0 6 0 0 27 0 1.98609 42612 104-aaaaq 
36200 777.588 488 1.59342 0.00204918 104 104 0 6 0 0 27 0 1.98609 42612 104-aaaaq 
36300 690.306 465 1.48453 0.00215054 101 101 0 6 0 0 23 0 1.66639 55153 101-aaboz 
36400 690.306 465 1.48453 0.00215054 101 101 0 6 0 0 23 0 1.66639 55153 101-aaboz 
36500 725.836 459 1.58134 0.00217865 98 98.4 0 7 0 0 27 0 1.71709 59362 098-aaahh 
36600 724.464 459 1.57835 0.00217865 98 98.3333 0 7 0 0 27 0 1.71709 59362 098-aaahh 
36700 688.029 465 1.47963 0.00215054 101 101 0 7 0 0 23 0 1.66639 55153 101-aaboz 
36800 688.029 465 1.47963 0.00215054 101 101 0 7 0 0 23 0 1.66639 55153 101-aaboz 
36900 688.029 465 1.47963 0.00215054 101 101 0 6 0 0 23 0 1.66639 55153 101-aaboz 
37000 688.029 465 1.47963 0.00215054 101 101 0 6 0 0 23 0 1.66639 55153 101-aaboz 
37100 689.64 465 1.4831 0.00215054 101 101 0 8 0 0 23 0 1.66639 55153 101-aaboz 
37200 690.538 465 1.48503 0.00215054 101 101 0 8 0 0 23 0 1.66639 55153 101-aaboz 
37300 690.538 465 1.48503 0.00215054 101 101 0 8 0 0 23 0 1.66639 55153 101-aaboz 
37400 693.891 465 1.49224 0.00215054 101 101 0 9 0 0 23 0 1.67249 55153 101-aaboz 
37500 693.891 465 1.49224 0.00215054 101 101 0 9 0 0 23 0 1.67249 55153 101-aaboz 
37600 693.891 465 1.49224 0.00215054 101 101 0 9 0 0 23 0 1.67249 55153 101-aaboz 
37700 697.011 465 1.49895 0.00215054 101 101 0 8 0 0 23 0 1.67249 55153 101-aaboz 
37800 691.439 465 1.48697 0.00215054 101 101 0 10 0 0 23 0 1.67249 55153 101-aaboz 
37900 691.439 465 1.48697 0.00215054 101 101 0 8 0 0 23 0 1.67249 55153 101-aaboz 
38000 653.155 454 1.43867 0.00220264 98 98 0 9 0 0 30 0 1.65062 55100 098-aaahc 
38100 653.155 454 1.43867 0.00220264 98 98 0 9 0 0 30 0 1.65062 55100 098-aaahc 
38200 828.738 472 1.7558 0.00211864 101 101 0 8 0 0 29 0 1.87946 62243 101-aabsw 
38300 821.888 472 1.74129 0.00211864 101 101 0 8 0 0 29 0 1.87946 62243 101-aabsw 
38400 821.888 472 1.74129 0.00211864 101 101 0 8 0 0 29 0 1.87946 62243 101-aabsw 
38500 809.283 472 1.71458 0.00211864 101 101 0 8 1 1 29 0 1.87946 62243 101-aabsw 
38600 792.546 463 1.71176 0.00215983 100 100 0 7 0 0 30 0 2.01146 63105 100-aabfa 
38700 789.534 463 1.70526 0.00215983 100 100 0 8 0 0 30 0 2.01146 63105 100-aabfa 
38800 757.02 476 1.59038 0.00210084 102 102 0 7 0 0 23 0 2.19626 50784 102-aaatb 
38900 654.062 474 1.37988 0.0021097 101 101 0 6 0 0 20 0 1.54618 64976 101-aabus 
39000 783.504 463 1.69223 0.00215983 100 100 0 6 0 0 30 0 2.01146 63105 100-aabfa 
39100 798.362 463 1.72432 0.00215983 100 100 0 8 0 0 30 0 2.01146 63105 100-aabfa 
39200 796.474 463 1.72025 0.00215983 100 100 0 8 1 0 30 0 2.01146 63105 100-aabfa 
39300 796.474 463 1.72025 0.00215983 100 100 0 8 0 0 30 0 2.01146 63105 100-aabfa 
39400 796.474 463 1.72025 0.00215983 100 100 0 8 0 0 30 0 2.01146 63105 100-aabfa 
39500 804.242 463 1.73702 0.00215983 100 100 0 10 0 0 30 0 2.03658 63105 100-aabfa 
39600 806.155 463 1.74116 0.00215983 100 100 0 9 0 0 30 0 2.03658 63105 100-aabfa 
39700 806.155 463 1.74116 0.00215983 100 100 0 9 0 0 30 0 2.03658 63105 100-aabfa 
39800 801.797 463 1.73174 0.00215983 100 100 0 9 0 0 30 0 2.03658 63105 100-aabfa 
39900 801.797 463 1.73174 0.00215983 100 100 0 9 0 0 30 0 2.03658 63105 100-aabfa 
40000 789.6 463 1.7054 0.00215983 100 100 0 8 0 0 30 0 2.03658 63105 100-aabfa 
40100 659.451 459 1.43671 0.00217865 100 100 0 8 0 0 25 0 1.67367 63073 100-aabff 
40200 664.492 459 1.44769 0.00217865 100 100 0 9 0 0 25 0 1.67367 63073 100-aabff 
40300 664.492 459 1.44769 0.00217865 100 100 0 9 0 0 25 0 1.67367 63073 100-aabff 
40400 664.492 459 1.44769 0.00217865 100 100 0 9 0 0 25 0 1.67367 63073 100-aabff 
40500 664.492 459 1.44769 0.00217865 100 100 0 9 0 0 25 0 1.67367 63073 100-aabff 
40600 667.71 459 1.45471 0.00217865 100 100 0 7 0 0 25 0 1.67367 63073 100-aabff 
40700 669.339 459 1.45825 0.00217865 100 100 0 7 0 0 25 0 1.67367 63073 100-aabff 
40800 665.16 471 1.41223 0.00212314 102 102.25 0 7 0 0 31 0 1.69424 69290 102-aabbz 
40900 665.16 471 1.41223 0.00212314 102 102.25 0 7 0 0 31 0 1.69424 69290 102-aabbz 
41000 665.16 471 1.41223 0.00212314 102 102.25 0 7 0 0 31 0 1.69424 69290 102-aabbz 
41100 665.16 471 1.41223 0.00212314 102 102.25 0 7 0 0 31 0 1.69424 69290 102-aabbz 
41200 665.16 471 1.41223 0.00212314 102 102.25 0 7 0 0 31 0 1.69424 69290 102-aabbz 
41300 619.952 464 1.3361 0.00215517 99 99 0 7 0 0 33 0 1.58423 68111 099-aaarz 
41400 629.547 464 1.35678 0.00215517 99 99 0 8 0 0 33 0 1.58423 68111 099-aaarz 
41500 638.484 464 1.37604 0.00215517 99 99 0 7 0 0 33 0 1.60717 68111 099-aaarz 
41600 651.465 464 1.40402 0.00215517 99 99 0 6 0 0 33 0 1.76773 68111 099-aaarz 
41700 651.465 464 1.40402 0.00215517 99 99 0 6 0 0 33 0 1.76773 68111 099-aaarz 
41800 711.45 470 1.51372 0.00212766 103 103 0 6 0 0 28 0 1.74078 69632 103-aaaic 
41900 711.45 470 1.51372 0.00212766 103 103 0 6 0 0 28 0 1.74078 69632 103-aaaic 
42000 711.45 470 1.51372 0.00212766 103 103 0 6 0 0 28 0 1.74078 69632 103-aaaic 
42100 691.571 470 1.47143 0.00212766 103 103 0 5 0 0 28 0 1.74078 69632 103-aaaic 
42200 683.824 463 1.47694 0.00215983 100 100.214 0 5 0 0 23 0 1.69178 68819 100-aabhq 
42300 754.927 481 1.56949 0.002079 101 101.6 0 5 0 0 26 0 1.72422 74688 101-aabze 
42400 672.274 465 1.44575 0.00215054 100 100 0 5 0 0 29 0 1.5605 71947 100-aabia 
42500 625.404 455 1.37451 0.0021978 98 98 0 5 0 0 18 0 1.56832 64926 098-aaahy 
42600 668.12 470 1.42153 0.00212766 101 101 0 6 0 0 27 0 1.5855 73054 101-aabzm 
42700 668.12 470 1.42153 0.00212766 101 101 0 6 0 0 27 0 1.5855 73054 101-aabzm 
42800 668.12 470 1.42153 0.00212766 101 101 0 6 0 0 27 0 1.5855 73054 101-aabzm 
42900 688.94 479 1.43829 0.00208768 102 102 0 6 0 0 28 0 1.62242 71962 102-aabeg 
43000 693.258 479 1.4473 0.00208768 102 102 0 6 0 0 28 0 1.62242 71962 102-aabeg 
43100 720.89 466 1.54697 0.00214592 102 102 0 7 0 0 34 0 1.92052 67499 102-aabcy 
43200 696.178 460 1.51343 0.00217391 101 101 0 7 0 0 28 0 1.61748 74569 101-aacah 
43300 696.178 460 1.51343 0.00217391 101 101 0 7 0 0 28 0 1.61748 74569 101-aacah 
43400 696.178 460 1.51343 0.00217391 101 101 0 6 0 0 28 0 1.61748 74569 101-aacah 
43500 777.6 476 1.63361 0.00210084 102 102 0 7 0 0 26 0 1.87412 72167 102-aabfm 
43600 777.6 476 1.63361 0.00210084 102 102 0 7 0 0 26 0 1.87412 72167 102-aabfm 
43700 829.252 486 1.70628 0.00205761 103 102.867 0 8 0 0 28 0 1.99907 73056 103-aaajp 
43800 829.252 486 1.70628 0.00205761 103 102.867 0 8 0 0 28 0 1.99907 73056 103-aaajp 
43900 829.252 486 1.70628 0.00205761 103 102.867 0 8 0 0 28 0 1.99907 73056 103-aaajp 
44000 836.718 486 1.72164 0.00205761 103 102.882 0 7 0 0 28 0 1.99907 73056 103-aaajp 
44100 769.32 476 1.61622 0.00210084 102 102 0 7 0 0 26 0 1.87412 72167 102-aabfm 
44200 769.32 476 1.61622 0.00210084 102 102 0 7 0 0 26 0 1.87412 72167 102-aabfm 
44300 769.32 476 1.61622 0.00210084 102 102 0 7 0 0 26 0 1.87412 72167 102-aabfm 
44400 769.32 476 1.61622 0.00210084 102 102 0 7 0 0 26 0 1.87412 72167 102-aabfm 
44500 693.595 479 1.44801 0.00208768 102 102 0 6 0 0 28 0 1.62242 71962 102-aabeg 
44600 693.595 479 1.44801 0.00208768 102 102 0 6 0 0 28 0 1.62242 71962 102-aabeg 
44700 704.926 479 1.47166 0.00208768 102 102 0 7 0 0 28 0 1.74901 71962 102-aabeg 
44800 704.926 479 1.47166 0.00208768 102 102 0 7 0 0 28 0 1.74901 71962 102-aabeg 
44900 705.43 479 1.47271 0.00208768 102 102 0 6 0 0 28 0 1.74901 71962 102-aabeg 
45000 705.43 479 1.47271 0.00208768 102 102 0 6 0 0 28 0 1.74901 71962 102-aabeg 
45100 705.43 479 1.47271 0.00208768 102 102 0 6 0 0 28 0 1.74901 71962 102-aabeg 
45200 645.636 463 1.39446 0.00215983 102 102 0 6 0 0 30 0 1.5325 77294 102-aabfr 
45300 645.636 463 1.39446 0.00215983 102 102 0 6 0 0 30 0 1.5325 77294 102-aabfr 
45400 623.628 453 1.37666 0.00220751 101 101 0 7 0 0 30 0 1.49853 79417 101-aaccx 
45500 623.628 453 1.37666 0.00220751 101 101 0 6 0 0 30 0 1.49853 79417 101-aaccx 
45600 709.129 473.333 1.49811 0.00211268 100 100 0 6 0 0 29 0 1.5891 82289 100-aabmt 
45700 809.4 477 1.69686 0.00209644 102 102 0 7 0 0 27 0 1.93458 75494 102-aabfc 
45800 804.274 477 1.68611 0.00209644 102 102 0 8 0 0 27 0 1.93458 75494 102-aabfc 
45900 804.274 477 1.68611 0.00209644 102 102 0 7 0 0 27 0 1.93458 75494 102-aabfc 
46000 804.274 477 1.68611 0.00209644 102 102 0 7 0 0 27 0 1.93458 75494 102-aabfc 
46100 709.41 473 1.49981 0.00211416 102 102 0 6 0 0 24 0 2.02172 69654 102-aabgn 
46200 778.668 477 1.63243 0.00209644 103 103 0 6 0 0 34 0 1.8756 79731 103-aaakn 
46300 769.752 477 1.61374 0.00209644 103 103 0 6 0 0 34 0 1.8756 79731 103-aaakn 
46400 674.195 469 1.43752 0.0021322 102 102 0 8 0 0 34 0 1.59323 76795 102-aabgw 
46500 674.195 469 1.43752 0.0021322 102 102 0 8 0 0 34 0 1.59323 76795 102-aabgw 
46600 674.195 469 1.43752 0.0021322 102 102 0 8 0 0 34 0 1.59323 76795 102-aabgw 
46700 674.195 469 1.43752 0.0021322 102 102 0 8 0 0 34 0 1.59323 76795 102-aabgw 
46800 765.542 463 1.65344 0.00215983 100 100 0 7 0 0 32 0 1.78534 82089 100-aabmi 
46900 797.336 477 1.67156 0.00209644 102 102 0 6 0 0 27 0 1.93458 75494 102-aabfc 
47000 797.336 477 1.67156 0.00209644 102 102 0 6 0 0 27 0 1.93458 75494 102-aabfc 
47100 797.336 477 1.67156 0.00209644 102 102 0 6 0 0 27 0 1.93458 75494 102-aabfc 
47200 797.336 477 1.67156 0.00209644 102 102 0 6 0 0 27 0 1.93458 75494 102-aabfc 
47300 722.006 464 1.55605 0.00215517 100 99.2857 0 6 0 0 28 0 1.74259 84324 100-aabou 
47400 790.527 477 1.65729 0.00209644 102 102 0 5 0 0 27 0 1.93458 75494 102-aabfc 
47500 692.839 469 1.47727 0.0021322 99 99 0 6 0 0 19 0 1.71289 84014 099-aaaun 
47600 702.023 473.611 1.48227 0.00211144 100 100 0 5 0 0 29 0 1.5891 82289 100-aabmt 
47700 702.023 473.611 1.48227 0.00211144 100 100 0 5 0 0 29 0 1.5891 82289 100-aabmt 
47800 784.04 477 1.64369 0.00209644 102 102 0 5 0 0 27 0 1.93458 75494 102-aabfc 
47900 779.958 477 1.63513 0.00209644 102 102 0 6 0 0 27 0 1.93458 75494 102-aabfc 
48000 779.958 477 1.63513 0.00209644 102 102 0 5 0 0 27 0 1.93458 75494 102-aabfc 
48100 815.1 482 1.69108 0.00207469 103 103 0 5 0 0 32 0 1.90058 87765 103-aaame 
48200 602.064 443 1.35906 0.00225734 99 99 0 6 0 0 25 0 1.59159 72592 099-aaats 
48300 602.064 443 1.35906 0.00225734 99 99 0 6 0 0 25 0 1.59159 72592 099-aaats 
48400 771.502 477 1.6174 0.00209644 102 102 0 8 0 0 27 0 1.93458 75494 102-aabfc 
48500 771.502 477 1.6174 0.00209644 102 102 0 7 0 0 27 0 1.93458 75494 102-aabfc 
48600 771.502 477 1.6174 0.00209644 102 102 0 7 0 0 27 0 1.93458 75494 102-aabfc 
48700 771.502 477 1.6174 0.00209644 102 102 0 7 0 0 27 0 1.93458 75494 102-aabfc 
48800 771.502 477 1.6174 0.00209644 102 102 0 6 0 0 27 0 1.93458 75494 102-aabfc 
48900 611.953 443 1.38138 0.00225734 99 99 0 6 0 0 25 0 1.63908 72592 099-aaats 
49000 611.909 443 1.38128 0.00225734 99 99 0 7 1 1 25 0 1.63908 72592 099-aaats 
49100 674.912 472 1.4299 0.00211864 100 100 0 7 0 0 27 0 1.52156 89738 100-aabps 
49200 673.67 472 1.42727 0.00211864 100 100 0 8 0 0 27 0 1.52156 89738 100-aabps 
49300 673.67 472 1.42727 0.00211864 100 100 0 7 0 0 27 0 1.52156 89738 100-aabps 
49400 673.67 472 1.42727 0.00211864 100 100 0 7 0 0 27 0 1.52156 89738 100-aabps 
49500 612.773 443 1.38323 0.00225734 99 99 0 8 0 0 25 0 1.63908 72592 099-aaats 
49600 612.773 443 1.38323 0.00225734 99 99 0 8 0 0 25 0 1.63908 72592 099-aaats 
49700 606.982 443 1.37016 0.00225734 99 99 0 9 0 0 25 0 1.63908 72592 099-aaats 
49800 606.982 443 1.37016 0.00225734 99 99 0 8 0 0 25 0 1.63908 72592 099-aaats 
49900 606.982 443 1.37016 0.00225734 99 99 0 7 0 0 25 0 1.63908 72592 099-aaats 
50000 606.982 443 1.37016 0.00225734 99 99 0 7 0 0 25 0 1.63908 72592 099-aaats 
