# Avida instruction execution data
# Mon Jan 16 16:01:08 2017
#  1: Update
#  2: nop-A
#  3: nop-B
#  4: nop-C
#  5: if-n-equ
#  6: if-less
#  7: if-label
#  8: mov-head
#  9: jmp-head
# 10: get-head
# 11: set-flow
# 12: shift-r
# 13: shift-l
# 14: inc
# 15: dec
# 16: push
# 17: pop
# 18: swap-stk
# 19: swap
# 20: add
# 21: sub
# 22: nand
# 23: h-copy
# 24: h-alloc
# 25: h-divide
# 26: sense-resource0
# 27: time
# 28: IO
# 29: h-search

0 0 0 0 0 0 0 0 0 0 0 0 0 0 0 0 0 0 0 0 0 0 0 0 0 0 0 0 0 
100 0 0 0 0 0 0 0 0 0 0 0 0 0 0 0 0 0 0 0 0 0 0 0 0 0 0 0 0 
200 0 0 0 0 0 0 0 0 0 0 0 0 0 0 0 0 0 0 0 0 0 0 0 0 0 0 0 0 
300 0 0 0 0 0 0 0 0 0 0 0 0 0 0 0 0 0 0 0 0 0 0 0 0 0 0 0 0 
400 0 0 170 0 0 200 200 0 0 0 0 0 0 0 0 0 0 0 0 0 0 200 2 2 0 0 0 4 
500 0 0 170 0 0 200 200 0 0 0 0 0 0 0 0 0 0 0 0 0 0 200 2 2 0 0 0 4 
600 0 0 170 0 0 200 200 0 0 0 0 0 0 0 0 0 0 0 0 0 0 200 2 2 0 0 0 4 
700 0 0 170 0 0 200 200 0 0 0 0 0 0 0 0 0 0 0 0 0 0 200 2 2 0 0 0 4 
800 0 0 340 0 0 400 400 0 0 0 0 0 0 0 0 0 0 0 0 0 0 400 4 4 0 0 0 8 
900 0 0 340 0 0 400 400 0 0 0 0 0 0 0 0 0 0 0 0 0 0 400 4 4 0 0 0 8 
1000 0 0 340 0 0 400 400 0 0 0 0 0 0 0 0 0 0 0 0 0 0 400 4 4 0 0 0 8 
1100 0 0 340 0 0 400 400 0 0 0 0 0 0 0 0 0 0 0 0 0 0 400 4 4 0 0 0 8 
1200 0 0 591 0 0 700 700 2 0 0 0 0 0 0 0 0 0 0 0 0 0 700 7 7 0 0 0 14 
1300 0 0 676 0 0 800 800 2 0 0 0 0 0 0 0 0 0 0 0 0 0 800 8 8 0 0 0 16 
1400 0 0 676 0 0 800 800 2 0 0 0 0 0 0 0 0 0 0 0 0 0 800 8 8 0 0 0 16 
1500 0 0 676 0 0 800 800 2 0 0 0 0 0 0 0 0 0 0 0 0 0 800 8 8 0 0 0 16 
1600 4 0 1182 0 0 1404 1404 4 0 0 0 0 0 0 0 0 0 0 0 0 0 1404 14 14 0 0 0 28 
1700 4 0 1348 0 0 1604 1604 4 0 0 0 0 0 0 0 0 0 0 2 0 0 1604 16 16 0 0 0 32 
1800 4 0 1348 0 0 1604 1604 4 0 0 0 0 0 0 0 0 0 0 2 0 0 1604 16 16 0 0 0 32 
1900 8 0 1654 0 0 2006 2006 6 0 0 0 0 2 0 0 0 0 0 2 0 0 2006 20 20 0 0 0 42 
2000 16 0 2316 2 0 2814 2814 8 0 2 0 0 2 0 0 2 0 0 2 0 0 2814 28 28 0 0 0 58 
2100 14 0 2406 2 0 2912 2912 7 0 2 0 0 2 0 0 4 0 0 4 0 0 2912 29 29 0 0 0 59 
2200 14 0 2406 2 0 2912 2912 7 0 2 0 0 2 0 0 4 0 0 4 0 0 2912 29 29 0 0 0 59 
2300 26 0 3058 2 0 3720 3720 9 0 2 0 0 4 0 0 6 0 4 4 0 0 3720 37 37 2 0 0 75 
2400 40 0 3852 4 0 4733 4733 10 0 4 2 2 4 2 0 10 0 6 6 0 2 4733 47 47 2 0 0 97 
2500 40 0 3856 4 0 4733 4733 10 0 4 2 2 4 1 0 9 0 6 6 0 2 4733 47 47 2 0 0 97 
2600 40 0 3856 4 0 4733 4733 10 0 4 2 2 4 1 0 9 0 6 6 0 2 4733 47 47 2 0 0 97 
2700 64 2 4645 3 0 5753 5755 14 2 5 4 2 7 1 2 11 0 9 5 0 5 5753 57 57 3 6 0 116 
2800 84 2 5668 6 2 7074 7078 18 2 8 10 4 7 2 2 16 0 12 7 0 6 7076 70 70 3 8 0 143 
2900 83 2 5671 6 2 7074 7078 18 2 8 10 4 6 2 2 16 0 11 8 0 6 7076 70 70 3 8 0 143 
3000 83 2 5752 6 2 7073 7077 18 2 8 10 4 6 2 2 16 0 11 8 0 7 7075 71 71 3 8 0 145 
3100 146 6 7055 5 2 8832 8835 27 3 9 14 7 12 2 4 20 0 17 11 0 9 8833 88 88 5 14 0 179 
3200 145 6 7872 8 3 9831 9839 26 3 11 20 8 13 2 3 20 0 17 9 0 11 9834 98 98 6 16 0 200 
3300 145 6 7953 8 4 9932 9941 26 3 11 18 8 13 2 3 21 2 17 9 0 11 9935 99 99 8 16 0 202 
3400 146 8 8026 8 4 10030 10039 26 3 11 18 8 14 2 3 21 2 17 10 0 11 10033 100 100 8 17 0 204 
3500 354 8 9314 9 4 11788 11800 38 8 18 22 16 17 4 7 25 1 27 20 1 13 11793 117 117 6 22 0 238 
3600 357 8 10559 13 6 13394 13409 38 8 20 28 18 18 4 7 29 2 28 21 2 19 13397 133 133 11 21 0 272 
3700 357 8 10558 13 6 13394 13408 38 8 20 28 18 18 4 7 29 3 28 22 2 19 13397 133 133 12 21 0 272 
3800 371 11 10832 11 6 13807 13820 39 8 19 31 19 23 4 7 30 3 29 23 3 21 13809 137 137 13 26 0 279 
3900 408 12 11921 12 8 15448 15464 50 11 22 41 25 33 8 5 31 2 36 17 4 23 15449 152 152 18 31 3 310 
4000 399 9 12919 20 11 16752 16769 47 8 28 44 25 29 8 4 37 2 38 18 4 31 16750 165 165 21 31 5 337 
4100 399 9 12911 20 11 16752 16769 47 8 28 44 25 29 10 4 37 2 38 18 4 31 16750 165 165 21 33 5 337 
4200 409 10 13279 20 11 17260 17278 48 8 30 50 27 33 10 4 36 6 36 18 5 33 17258 170 170 23 38 7 347 
4300 826 15 14848 26 9 19565 19686 58 9 35 59 31 43 12 12 45 6 152 19 6 37 19670 192 192 26 45 10 395 
4400 734 11 15731 32 12 20682 20806 58 7 41 63 32 40 13 11 53 7 153 21 7 47 20784 204 204 26 45 9 424 
4500 733 11 15749 32 12 20681 20806 58 7 41 63 32 39 13 11 53 7 152 21 7 47 20784 204 204 26 45 9 424 
4600 664 13 16294 32 12 21301 21428 62 6 41 65 36 44 15 13 53 7 154 20 9 50 21408 211 211 28 47 9 437 
4700 862 15 18494 36 11 24392 24524 76 11 47 73 42 50 18 18 62 10 172 20 10 60 24503 240 240 30 55 17 495 
4800 898 12 19291 45 14 25436 25570 74 16 58 75 41 51 15 18 73 10 175 27 9 65 25546 251 251 29 54 17 521 
4900 897 12 19336 45 16 25545 25677 74 16 57 75 41 51 15 18 74 12 176 26 9 64 25652 252 252 30 54 17 523 
5000 936 15 19734 44 16 26174 26307 77 17 62 75 41 59 15 18 74 10 177 27 9 64 26284 258 258 36 59 17 539 
5100 1343 18 22131 52 15 29448 29692 94 23 72 88 63 65 115 27 85 14 192 36 15 81 29672 291 291 37 67 26 614 
5200 1400 17 22832 57 17 30660 30854 96 21 79 88 63 67 65 25 92 18 196 37 14 86 30835 301 301 36 70 28 641 
5300 1353 21 23046 57 22 31085 31228 98 21 76 89 64 67 297 26 96 18 147 36 14 85 31204 304 304 38 69 28 645 
5400 1455 24 24109 55 22 32574 32714 111 23 77 98 72 79 298 31 97 18 157 35 11 84 32695 318 318 39 78 29 670 
5500 1641 31 26586 70 22 35713 35872 127 24 88 113 80 96 304 38 99 17 167 43 19 106 35843 349 349 43 91 35 732 
5600 1598 34 27162 73 27 36723 36831 128 24 90 116 79 99 255 35 108 20 166 48 20 111 36803 358 358 43 97 39 758 
5700 1692 34 27351 73 32 36839 37044 129 24 90 118 79 99 372 133 111 21 167 47 21 110 37012 361 361 45 96 38 763 
5800 1942 40 27988 74 32 37639 37947 132 30 91 124 85 112 260 137 105 25 172 43 23 117 37917 371 371 46 194 37 778 
5900 2126 43 30664 87 41 41415 41732 139 37 104 123 94 121 266 139 116 35 188 54 32 131 41697 407 407 53 199 46 851 
6000 2264 47 30980 89 45 42148 42459 149 37 104 120 94 119 266 144 126 35 186 58 34 134 42432 413 413 55 201 46 870 
6100 2211 48 31062 87 49 42296 42607 153 29 103 120 95 115 263 145 128 37 187 57 34 132 42576 415 415 58 202 46 876 
6200 2243 58 33031 90 55 45279 45594 164 37 102 131 97 140 274 152 135 38 201 52 36 142 45566 443 443 67 220 48 935 
6300 2473 61 35418 107 56 48711 49032 174 48 121 140 111 144 282 155 146 46 216 65 42 158 49012 475 475 80 226 60 1000 
6400 2586 65 35946 112 61 49618 49938 171 51 125 142 109 142 282 156 148 47 217 69 44 167 49921 483 483 78 229 61 1025 
6500 2492 69 36288 110 63 50289 50556 173 50 119 140 112 144 280 161 150 49 368 68 47 169 50532 489 489 78 226 62 1042 
6600 2630 81 38240 125 75 53407 53630 171 57 123 157 114 161 175 160 156 47 383 73 61 181 53605 518 518 93 187 75 1097 
6700 3183 83 40743 138 90 57327 57556 193 57 139 169 127 164 64 158 178 54 390 82 69 196 57532 553 553 99 200 85 1174 
6800 3177 89 41082 145 91 57817 58048 189 58 145 169 128 165 60 159 179 57 391 88 70 200 58028 558 558 98 203 88 1186 
6900 3152 91 41405 147 97 58284 58515 191 60 144 161 124 165 57 163 178 60 391 86 69 204 58493 563 563 95 203 87 1200 
7000 3402 105 43574 154 106 61178 61523 200 72 152 184 128 175 67 174 176 68 500 187 86 220 61498 594 594 110 222 97 1263 
7100 3600 101 45777 169 119 64731 65040 215 74 163 188 127 189 77 123 187 78 513 197 95 238 65012 626 626 121 235 114 1340 
7200 3756 106 46311 169 120 65745 66054 217 74 170 196 131 191 78 123 186 80 516 198 96 243 66028 634 634 121 240 116 1364 
7300 3975 113 46882 170 133 66648 67018 219 84 177 194 139 198 75 77 186 82 519 199 98 245 66985 643 643 123 240 118 1385 
7400 4078 121 48561 177 139 68856 69295 234 110 185 204 150 219 95 77 194 151 425 213 109 265 69252 667 667 132 251 128 1436 
7500 4527 132 51526 199 144 73212 73760 252 107 196 212 148 236 107 77 204 162 435 222 114 283 73720 708 708 142 273 247 1529 
7600 4554 140 51804 200 140 73988 74480 249 113 200 216 150 235 106 78 206 165 439 221 115 289 74442 714 714 145 280 244 1548 
7700 4736 144 52325 208 145 74779 75273 251 121 198 223 160 245 101 84 207 170 443 229 121 293 75236 723 723 153 285 242 1570 
7800 4996 153 54018 227 157 77765 78167 267 129 209 225 162 261 127 93 219 122 359 187 139 313 78137 749 749 166 291 253 1619 
7900 5235 152 56482 243 167 81883 82246 285 113 218 244 164 282 134 93 238 138 381 140 142 330 82221 784 784 183 305 265 1699 
8000 5174 160 57059 250 162 82882 83250 284 119 222 252 166 286 132 95 247 142 479 141 144 342 83225 794 794 186 306 270 1730 
8100 5226 154 57455 259 168 83710 84071 289 128 218 246 170 292 131 107 250 146 496 147 149 350 84053 802 802 186 316 277 1750 
8200 5099 170 59553 271 168 87255 87480 305 141 222 260 192 312 148 110 247 170 506 161 169 378 87468 833 833 198 332 198 1806 
8300 5846 174 61732 268 186 91475 91690 331 135 233 272 196 341 163 109 273 192 537 171 174 386 91677 866 866 219 347 217 1878 
8400 5946 186 62762 281 186 93065 93295 338 140 244 284 198 338 162 113 278 197 535 176 182 398 93284 883 883 221 352 224 1937 
8500 6013 288 63632 295 187 94194 94530 339 154 243 288 207 343 168 124 281 197 649 186 197 414 94517 896 896 229 364 234 1958 
8600 6396 253 66064 309 308 97474 97869 352 166 254 310 241 382 174 125 272 207 656 202 211 445 97866 930 930 244 401 251 2018 
8700 6822 271 68297 307 320 101045 101557 368 180 269 320 242 402 178 124 384 228 669 216 206 455 101530 962 962 261 412 259 2094 
8800 7104 284 69505 315 320 103464 103980 376 190 289 334 248 404 190 126 395 235 674 224 209 463 103954 982 982 267 422 273 2149 
8900 7435 288 70509 329 326 105003 105582 374 209 286 338 239 405 203 143 396 241 586 232 234 582 105554 999 999 269 384 302 2195 
9000 7730 296 72809 350 333 108457 109107 385 212 296 353 265 437 216 147 354 251 689 246 252 579 109077 1032 1032 292 405 313 2257 
9100 7925 296 74426 347 343 111630 112223 399 220 300 360 276 443 210 144 365 280 611 242 258 598 112204 1058 1058 300 428 319 2318 
9200 8089 306 75913 365 352 114353 114943 413 229 318 371 283 449 216 144 381 289 525 250 272 622 114940 1084 1084 305 440 327 2399 
9300 8999 315 77159 377 365 117089 117652 426 241 325 397 297 463 228 145 372 310 532 262 295 601 117639 1104 1104 322 452 347 2435 
9400 9574 345 79200 387 326 121311 121779 440 257 327 425 313 496 240 157 387 313 537 280 311 619 121766 1136 1136 342 485 355 2495 
9500 9955 351 80707 382 289 124687 125108 447 249 338 420 315 512 240 158 422 336 655 293 315 638 125088 1160 1160 356 494 367 2553 
9600 10441 373 82524 393 300 127818 128364 471 275 357 426 314 516 253 165 442 339 679 309 331 652 128345 1190 1190 368 511 381 2640 
9700 10198 388 83516 410 315 128771 129342 475 298 353 452 301 526 265 155 446 363 682 315 352 678 129309 1206 1206 389 515 395 2668 
9800 10748 406 85420 417 320 132540 133118 485 295 380 480 318 564 289 162 451 368 691 321 362 710 133090 1237 1237 409 546 598 2748 
9900 11564 414 87592 424 339 136575 137147 502 310 399 497 327 568 281 180 472 393 708 331 369 719 137118 1270 1270 430 574 1127 2829 
10000 11787 419 89059 441 349 139538 140102 509 316 414 505 324 575 284 189 502 393 717 344 382 734 140081 1296 1296 439 586 2027 2923 
10100 11953 443 91038 475 366 143105 143676 508 337 420 531 325 593 293 191 511 398 626 365 595 761 143654 1330 1330 460 599 2860 3015 
10200 11757 412 92957 494 352 146111 146640 505 347 432 554 324 624 293 204 517 410 634 382 605 784 146605 1360 1360 492 623 3458 3087 
10300 12075 422 95169 516 367 149826 150408 526 446 465 578 332 639 310 206 475 436 665 389 624 798 150372 1393 1393 510 657 3474 3157 
10400 12416 417 96013 531 377 151347 152017 531 446 479 565 330 637 314 216 496 451 709 403 633 825 151991 1410 1410 519 777 3381 3219 
10500 12796 454 98100 558 404 154729 155541 546 462 481 582 336 644 346 212 520 457 865 421 663 851 155536 1444 1444 541 784 3306 3302 
10600 13363 463 99388 579 385 158002 158720 554 479 490 605 348 673 354 224 528 474 832 443 578 868 158707 1467 1467 549 809 3619 3360 
10700 14588 492 103761 610 406 163247 164003 568 494 525 734 344 687 362 235 559 496 967 575 683 892 164003 1513 1513 572 932 5234 3594 
10800 14579 492 105358 612 431 165287 166107 584 447 557 728 348 697 376 248 577 519 900 591 699 913 166122 1539 1539 591 940 5862 3670 
10900 14633 515 107163 634 452 168760 169580 589 478 569 748 353 694 392 247 599 719 807 612 718 943 169588 1571 1571 604 951 6075 3758 
11000 14717 630 108695 648 432 170328 171353 571 599 580 769 357 740 404 267 605 711 812 639 734 963 171351 1596 1596 622 956 6786 3835 
11100 15242 642 111095 683 448 174096 175274 597 627 595 804 361 730 429 276 614 746 956 668 748 999 175276 1635 1635 626 1022 7588 3931 
11200 16550 649 113077 705 561 178932 180156 620 645 645 818 370 755 419 281 639 761 995 686 754 1022 180195 1669 1669 654 1029 8929 4044 
11300 16789 650 113425 829 578 181252 182523 626 611 640 838 370 763 434 299 669 764 946 659 819 1041 182553 1689 1689 675 993 9490 4050 
11400 17432 664 116652 874 642 186355 187666 650 633 649 849 376 786 455 319 682 866 946 691 750 1094 187720 1740 1740 697 1011 10511 4181 
11500 16672 637 118297 904 653 189230 190405 642 666 655 816 368 784 481 344 687 885 960 677 778 1121 190467 1771 1771 718 1026 12004 4270 
11600 16957 651 120333 916 627 192901 194020 673 688 663 846 368 814 492 357 704 827 1002 681 685 1124 194081 1806 1806 749 1056 13509 4378 
11700 18136 761 121142 883 598 195937 196978 701 710 687 856 377 827 499 370 737 824 1038 703 705 1149 197050 1826 1826 774 1074 14634 4455 
11800 18239 776 123193 925 615 200014 200926 700 741 701 874 381 844 499 375 762 725 971 749 731 1168 201003 1862 1862 809 1042 16045 4576 
11900 18510 821 125869 952 600 204186 205148 700 772 712 855 391 890 620 380 776 737 981 780 756 1210 205225 1905 1905 843 1056 16618 4679 
12000 18509 804 127995 967 546 208294 209151 708 797 718 880 407 905 632 383 789 757 999 796 776 1249 209252 1940 1940 854 1061 18251 4783 
12100 19826 770 129236 970 569 213387 214175 724 831 740 902 417 927 640 391 803 785 993 764 736 1277 214299 1975 1975 875 1061 19863 4835 
12200 20598 734 129861 985 581 216207 216938 724 852 753 919 428 949 664 399 820 787 1010 768 747 1281 217076 1991 1991 896 1075 20994 4881 
12300 20948 731 132313 971 613 221308 221905 738 871 760 941 440 969 674 421 857 791 1018 791 787 1312 222064 2037 2037 932 1099 23357 5034 
12400 20806 771 134982 1038 621 225299 225884 741 905 778 964 468 992 684 432 864 810 1017 834 819 1359 226047 2083 2083 987 1113 25281 5194 
12500 20411 805 137522 1092 639 229908 230480 755 941 789 983 471 1000 707 432 869 746 1025 857 825 1385 230669 2126 2126 1011 1116 28406 5322 
12600 21036 822 139827 1151 674 235283 235815 789 950 799 986 477 1036 728 449 1090 779 1036 877 849 1412 236156 2169 2169 1048 1129 30802 5474 
12700 22385 832 140524 1153 681 238160 238782 814 971 816 995 557 1058 749 465 1115 793 1068 894 854 1427 239135 2185 2185 1267 1141 32208 5544 
12800 22474 845 142936 1178 703 241154 241936 811 1004 827 1042 569 1083 779 468 1137 901 1097 934 896 1459 242248 2224 2224 1292 1183 32334 5631 
12900 23585 883 145405 1217 715 244942 246044 928 1019 814 1067 587 1104 873 443 1172 913 1110 975 926 1540 246392 2266 2266 1421 1225 35019 5760 
13000 24371 889 147005 1237 722 248833 249926 1068 1057 806 1089 603 1104 834 455 1184 940 1128 999 944 1572 250312 2301 2301 1436 1251 38424 5891 
13100 26165 896 149799 1256 849 254116 255514 1087 1095 802 1110 632 1137 991 461 1100 982 1145 1039 954 1622 255932 2349 2349 1358 1300 43594 6050 
13200 25284 898 152283 1280 902 257327 258741 1029 1123 829 1128 633 1150 1024 478 1130 997 1172 1060 975 1662 259225 2387 2387 1328 1346 43396 6156 
13300 24977 920 152784 1292 910 258486 259714 979 1088 823 1154 581 1165 1045 506 1139 1022 1124 1091 991 1803 260197 2402 2402 1297 1364 44214 6202 
13400 25126 935 154486 1333 934 260669 262090 1116 1313 841 1188 593 1185 1143 497 1246 1034 1133 1146 1016 1838 262563 2430 2430 1319 1342 44836 6280 
13500 25117 976 156163 1384 953 263711 265097 1030 1313 852 1201 599 1217 1150 512 1240 1048 1138 1165 1035 1854 265694 2462 2462 1361 1369 47926 6412 
13600 24775 1030 158834 1465 954 268104 269524 1036 1294 868 1224 621 1221 1467 525 1249 1084 1142 1199 1059 1873 270158 2508 2508 1509 1377 51091 6569 
13700 23545 1035 160692 1479 956 271444 272720 984 1215 862 1239 639 1264 1375 536 1251 1125 1146 1222 1101 1893 273273 2540 2540 1506 1390 50518 6651 
13800 23911 1035 162757 1488 985 276301 277502 1025 1262 899 1271 658 1302 1303 563 1272 1166 1169 1253 1109 1934 278199 2579 2579 1414 1417 52138 6772 
13900 24568 1052 165103 1528 994 281828 282986 1042 1378 918 1302 672 1319 1322 568 1300 1174 1207 1293 1130 1970 283790 2626 2626 1449 1464 56411 6940 
14000 24474 1054 167036 1562 1052 286457 287546 1032 1486 929 1333 690 1339 1327 675 1327 1187 1217 1319 1145 2003 288317 2667 2667 1378 1496 60257 7075 
14100 24667 1087 170104 1617 1050 292429 293432 1044 1553 961 1363 718 1375 1176 865 1445 1230 1284 1346 1155 2073 294257 2726 2726 1412 1543 64922 7287 
14200 24737 1141 173057 1662 1084 296941 298062 963 1488 972 1453 740 1423 1191 890 1572 1254 1403 1391 1192 2142 298908 2779 2779 1454 1579 67869 7442 
14300 24923 1176 175773 1688 1124 302157 303298 977 1503 998 1487 757 1471 1420 1127 1604 1313 1373 1407 1302 2183 304129 2824 2824 1462 1672 69334 7560 
14400 25680 1209 177730 1735 1240 305088 306367 1000 1507 1021 1489 748 1504 1479 1159 1632 1370 1380 1410 1320 2208 307160 2853 2853 1506 1705 69734 7647 
14500 25476 1245 177859 1764 1198 306568 307634 1000 1498 1021 1489 760 1715 1389 1163 1636 1389 1367 1434 1293 2220 308456 2862 2862 1512 1712 71566 7674 
14600 26466 1260 178724 1812 1221 308786 309820 1135 1496 1026 1499 772 1732 1421 1095 1646 1381 1391 1439 1276 2260 310678 2878 2878 1531 1723 73664 7749 
14700 26592 1273 180140 1834 1271 312560 313469 1163 1507 1011 1621 775 1771 1359 998 1693 1422 1391 1446 1297 2304 314289 2909 2909 1571 1748 75114 7831 
14800 26627 1306 181790 1866 1286 315617 316641 1164 1544 1013 1554 790 1798 1253 1004 1810 1423 1488 1490 1315 2345 317482 2938 2938 1598 1784 75677 7917 
14900 26617 1316 183807 1892 1258 319686 320793 1256 1539 1059 1583 785 1809 1264 1212 1949 1459 1494 1545 1303 2383 321614 2978 2978 1621 1833 79348 8055 
15000 27987 1320 185522 1903 1312 324429 325353 1417 1592 1108 1608 800 1708 1287 1078 1972 1474 1545 1586 1299 2365 326210 3010 3010 1614 1863 83032 8156 
15100 28514 1349 187087 1935 1371 328598 329593 1221 1782 1147 1632 837 1726 1287 1067 2009 1495 1568 1622 1287 2409 330504 3047 3047 1653 1898 88251 8315 
15200 28742 1345 188069 1976 1411 331237 332206 1331 1821 1198 1650 845 1734 1448 1103 2033 1472 1540 1650 1301 2407 333211 3072 3072 1688 1920 91389 8447 
15300 28799 1370 188491 2002 1432 331778 332782 1368 1816 1218 1661 863 1738 1334 1215 2051 1482 1547 1672 1319 2438 333792 3081 3081 1713 1924 90695 8441 
15400 29172 1416 190803 2036 1468 334804 335960 1280 2034 1214 1715 878 1857 1334 1212 1952 1516 1666 1705 1329 2469 336961 3116 3116 1825 1965 91750 8512 
15500 29663 1441 191606 2083 1503 337474 338479 1194 2042 1207 1739 896 1856 1200 1128 1872 1561 1666 1740 1363 2504 339426 3139 3139 1838 1980 93921 8597 
15600 29612 1500 193305 2105 1531 340896 341952 1242 1996 1222 1785 907 1867 1280 1238 1799 1616 1888 1722 1349 2493 342966 3170 3170 1874 2030 97001 8730 
15700 32182 1496 194292 2117 1557 344174 346050 1274 2030 1223 1808 925 1897 1290 1148 2024 1634 2120 1766 1356 2511 347026 3192 3192 1887 2845 99374 8791 
15800 32643 1504 194088 2274 1577 345193 347160 1278 2029 1250 1815 937 1913 1447 1164 2041 1650 2144 1748 1356 2531 348137 3198 3198 1897 2798 99356 8817 
15900 33636 1518 195161 2283 1628 346853 349318 1218 2029 1284 1949 1002 1975 1359 1201 2303 1669 2056 1781 1357 2572 350420 3220 3220 2035 2802 102044 8908 
16000 35534 1544 196888 2319 1684 351183 353932 1228 2092 1302 1975 1043 1992 1567 1184 2428 1687 1810 1913 1373 2624 355061 3258 3258 2074 2798 106436 9047 
16100 35593 1553 197952 2351 1705 353183 356043 1246 2165 1328 2019 1089 1998 1770 1510 2400 1704 1810 1955 1383 2654 357202 3285 3285 2049 2815 110527 9178 
16200 33824 1585 199118 2385 1739 354003 356797 1209 2313 1340 2049 1106 2005 1554 1398 2322 1746 1823 1926 1407 2701 357976 3316 3316 2006 2836 110878 9290 
16300 32274 1589 199010 2315 1755 354119 356664 1223 2312 1351 2041 1107 2105 1490 1504 2268 1744 2005 1942 1432 2657 357820 3321 3321 2007 2865 108515 9275 
16400 33429 1616 199370 2322 1789 357013 359406 1253 2298 1364 2050 1136 2251 1488 1526 2276 1746 1986 1954 1459 2641 360584 3328 3328 2006 2878 108249 9252 
16500 34642 1622 200204 2354 1811 360687 362985 1296 2418 1365 2067 1139 2282 1509 1443 2237 1763 1970 1957 1483 2670 364196 3349 3349 2032 2896 112084 9346 
16600 36367 1629 200662 2382 1856 364857 366910 1347 2544 1360 2075 1153 2197 1534 1356 2318 1820 2026 1928 1506 2658 368200 3365 3365 2265 2909 117074 9419 
16700 36921 1662 201101 2380 1872 365389 367760 1396 2630 1396 2094 1174 2189 1434 1298 2455 1914 2068 1954 1542 2696 369055 3376 3376 2308 2902 118111 9461 
16800 36781 1676 201779 2397 1860 367441 369617 1382 2651 1355 2073 1210 2238 1401 1171 2417 1942 2057 2005 1541 2684 370985 3390 3390 2345 2933 118139 9500 
16900 36033 1672 202342 2431 1885 368777 370885 1380 2632 1388 2140 1227 2260 1414 1065 2413 1981 2031 2043 1532 2718 372264 3408 3408 2335 2967 119608 9558 
17000 36108 1681 203183 2459 1927 370353 372633 1362 2610 1435 2160 1227 2346 1473 1200 2409 2142 2050 2287 1551 2724 374066 3429 3429 2242 2978 122681 9675 
17100 34840 1693 203656 2482 1968 373075 374524 1363 2677 1463 2292 1249 2354 1456 1139 2423 2165 2098 2462 1553 2706 376114 3451 3451 2250 2582 126042 9790 
17200 35349 1792 204043 2503 2013 375762 376993 1367 2869 1487 2225 1272 2375 1366 1148 2438 2189 1929 2525 1549 2751 378545 3469 3469 2266 2588 129058 9886 
17300 34185 1748 202951 2540 2024 374840 375780 1566 2754 1516 2156 1288 2502 1360 1159 2437 2194 1931 2504 1540 2747 377336 3464 3464 2177 2573 128358 9899 
17400 34255 1798 203987 2574 2155 376630 377646 1602 2634 1504 2167 1514 2551 1373 1175 2660 2006 1928 2516 1544 2767 379201 3484 3484 2245 2583 129818 9947 
17500 35025 1871 204752 2584 2161 379515 380603 1427 2653 1509 2214 1550 2477 1382 1209 3011 2047 2320 2537 1684 2794 382147 3504 3504 2313 2624 133098 10029 
17600 35701 1887 205535 2635 2174 381091 382237 1461 2689 1538 2253 1589 2516 1609 1209 3025 2088 2232 2452 1687 2827 383862 3523 3523 2361 2616 136961 10119 
17700 36204 1912 206344 2707 2188 383795 384960 1478 2593 1563 2272 1654 2485 1668 1310 3016 2092 2305 2399 1703 2830 386618 3544 3544 2435 2656 139088 10238 
17800 36949 1901 206351 2730 2227 384339 385569 1500 2572 1575 2294 1788 2504 1706 1308 2787 2110 2526 2395 1738 2807 387215 3544 3544 2426 2656 137587 10232 
17900 36876 1906 205779 2733 2185 384224 385385 1496 2595 1600 2284 1617 2551 1706 1232 2809 2291 2568 2353 1727 2786 387029 3542 3542 2414 2663 137561 10245 
18000 36843 1937 208654 2841 2159 385172 386258 1502 2605 1639 2346 1615 2549 1731 1236 2732 2323 2398 2366 1708 2886 387918 3552 3552 2412 2767 140063 10296 
18100 37647 1891 208407 2771 2196 386248 387414 1518 2535 1669 2346 1768 2562 1728 1264 2765 2662 2416 2377 1709 2926 389095 3562 3562 2423 2788 143224 10373 
18200 37431 1892 207334 2835 2232 387857 388990 1520 2545 1671 2351 1756 2554 1614 1172 2764 2577 2275 2412 1721 2923 390659 3574 3574 2451 2757 146494 10416 
18300 38753 1871 205302 2792 2214 387138 388343 1517 2608 1646 2385 1875 2838 1605 1145 2779 2453 2123 2416 1927 2916 390097 3565 3565 2487 2770 145851 10380 
18400 43059 1856 205059 2909 2198 390509 391909 1529 2810 1687 2432 1876 2948 1620 1368 2996 2412 2154 2417 1956 2833 393621 3561 3561 2498 2728 148287 10329 
18500 45360 1854 205557 2936 2196 394184 395609 1539 2729 1729 2461 1875 2954 1644 1390 3108 2417 2095 2416 2011 2950 397327 3571 3571 2516 3044 151617 10340 
18600 49399 2058 205792 3002 2222 397708 399392 1570 2715 1782 2504 1749 2885 1659 1397 3000 2409 2336 2459 2061 3034 401145 3577 3577 2461 2908 156585 10367 
18700 48077 1968 205597 2994 2215 396429 397997 1585 2593 1820 2467 1783 2909 1577 1509 2996 2337 2356 2475 1998 2968 399785 3582 3582 2463 2908 157053 10412 
18800 46919 1965 207543 3155 2324 396680 398120 1569 2634 1910 2482 1797 2924 1714 1460 2998 2331 2527 2496 1989 2889 399999 3589 3589 2468 2944 157350 10460 
18900 46429 1988 208652 3185 2374 394877 396345 1596 2666 1923 2457 1834 2916 1773 1411 2955 2348 2446 2497 2019 2889 398256 3582 3582 2596 2940 155098 10469 
19000 45806 2119 209611 3265 2391 394703 396174 1610 2742 1958 2457 1852 3051 1691 1528 2958 2255 2439 2522 2012 2898 398168 3590 3590 2822 2947 157708 10534 
19100 45709 2070 207907 3185 2360 395140 396778 1617 2734 1881 2515 1702 3029 1668 1758 2639 2242 2282 2538 2088 2927 398703 3594 3594 2791 2944 161493 10599 
19200 44687 2079 207354 3200 2364 394129 395843 1600 2966 1889 2538 1705 2843 1664 1661 2522 2462 2154 2540 2165 3070 397748 3596 3596 2688 2964 163122 10637 
19300 44902 2059 206808 3188 2402 393487 395244 1598 2994 1897 2534 1692 2803 1689 1686 2477 2557 2276 2711 2095 3153 397171 3588 3588 2705 2956 162758 10608 
19400 48532 2050 206506 3194 2424 397780 399528 1620 2988 1912 2583 1707 2785 1932 1646 2578 2583 2310 2682 2101 3149 401436 3582 3582 2720 2817 166309 10588 
19500 55665 2048 206138 3217 2472 404146 406090 1654 2994 1935 2641 1696 2741 2059 1657 2788 2622 2358 2673 2178 3245 408020 3578 3578 2727 2807 172786 10584 
19600 59053 2143 205142 3284 2449 408315 410014 1663 3020 1970 2662 1765 2741 2081 1666 2803 2664 2284 2671 2209 3143 411952 3575 3575 2730 2797 177633 10585 
19700 56002 2227 204877 3264 2480 406823 407951 1634 3039 1989 2658 1778 2931 2066 1683 2920 2675 2281 2648 2199 3172 409918 3576 3576 2660 2408 176444 10604 
19800 56717 2042 204643 3196 2475 409205 410172 1659 3046 1958 2650 1917 2753 2299 1563 2838 2682 2296 2648 2215 3267 412144 3587 3587 2681 2385 179244 10664 
19900 55275 2056 204794 3159 2470 407436 408424 1643 2941 1950 2631 1936 2785 2287 1411 2839 2558 2299 2650 2304 3280 410366 3589 3589 2708 2376 176811 10654 
20000 51187 2045 203765 3028 2495 404478 405311 1627 2912 1885 2567 1878 2724 2273 1409 2815 2539 2303 2695 2287 3082 407210 3590 3590 2656 2321 175145 10703 
20100 50512 2066 203639 3319 2607 403022 403962 1664 2945 1908 2599 1878 2915 2179 1440 2802 2568 2293 2675 2235 3162 405927 3593 3593 2618 2326 175765 10764 
20200 50117 2051 203120 2987 2562 402916 403946 1642 2968 1896 2675 1872 2948 2108 1359 2845 2568 2479 2704 2193 3267 405917 3597 3597 2615 2495 178654 10841 
20300 49257 2052 202097 2949 2544 400713 401684 1713 2972 1900 2650 1788 2901 2030 1324 2715 2503 2461 2731 2122 3157 403676 3583 3583 2705 2487 178161 10812 
20400 51591 2224 201112 2961 2669 402231 403051 1746 2992 1908 2642 1788 2671 2041 1322 2746 2524 2393 2738 2143 3140 405030 3577 3577 2680 2489 180876 10832 
20500 55974 2214 201051 2992 2683 408356 409178 1789 3015 1961 2672 1822 2682 2076 1341 2685 2484 2571 2756 2209 3190 411225 3584 3584 2721 2600 187769 10881 
20600 57535 2212 200629 3019 2648 412595 413171 1824 3160 1962 2709 1850 2679 2109 1364 2719 2419 2586 2826 2240 3143 415219 3589 3589 2762 2574 193836 10960 
20700 58229 2121 199952 2962 2669 414637 414946 1830 3194 1960 2737 1863 2670 2122 1370 2746 2385 2522 2829 2284 3032 416981 3593 3593 2778 2513 198628 10971 
20800 58907 2148 200870 3045 2713 414765 415038 1823 3244 1978 2784 1838 2661 2242 1406 2970 2483 2768 2965 2257 2950 417291 3591 3591 2800 2507 200468 11015 
20900 59457 2160 200800 3061 2688 416467 416653 1829 3222 1985 2779 1854 2875 2247 1410 2869 2468 2883 2963 2270 2970 418943 3594 3594 2902 2644 202823 11065 
21000 61669 2171 200176 3045 2803 418046 418317 1831 3189 1987 2804 1856 2860 2221 1432 2955 2492 2857 2840 2273 2975 420643 3583 3583 2904 2658 205463 11032 
21100 64845 2276 199785 3087 2819 420720 420894 1934 3099 1984 2786 1856 2833 2216 1613 2845 2501 2566 2801 2271 2975 423243 3582 3582 2894 2673 210685 11041 
21200 62260 2292 200502 3035 2825 418495 418046 1904 3341 1999 2789 1911 2720 2192 1590 2728 2507 2567 2818 2248 3155 420384 3581 3581 2888 2824 210682 11049 
21300 61874 2299 200421 3048 2858 418723 418243 1844 3266 2001 2808 1990 2723 2176 1784 2623 2518 2467 2804 2097 3166 420581 3580 3580 2832 2807 211972 11053 
21400 63307 2193 199879 3012 2839 420186 420225 1861 3304 2027 2807 2008 2725 2103 1770 2638 2518 2475 2827 2115 3200 422589 3584 3584 2838 2822 214205 11089 
21500 67961 2092 199513 3038 2887 427977 427518 1879 3353 2018 2868 2023 2759 2121 1828 2653 2558 2469 2825 2143 3247 429958 3585 3585 2857 2839 222134 11111 
21600 70997 2099 199407 3028 2896 432063 431549 1857 3394 2025 2896 2033 2657 2139 1838 2665 2582 2571 2818 2164 3250 434028 3585 3585 2774 2856 226962 11124 
21700 68847 2088 198430 3035 2884 428073 427631 1910 3403 2037 2899 2021 2660 2578 1721 2624 2585 2459 2819 2143 3238 430111 3580 3580 2789 2869 224527 11141 
21800 68987 2082 197263 3038 2863 427330 427401 1913 3916 2066 2943 2012 2728 2348 1669 2679 2628 2513 2815 2181 3750 429940 3578 3578 2759 3415 223714 11116 
21900 70714 2081 196842 3034 2917 430982 430695 1937 3648 2134 2999 1911 2750 2403 1692 2641 2682 2572 2823 2284 3500 433252 3578 3578 2779 3032 228929 11144 
22000 74788 2083 196868 3017 2937 436099 435791 1954 3659 2207 3065 1933 2803 2453 1632 2695 2728 2635 2811 2364 3550 438386 3580 3580 2861 2640 234723 11134 
22100 76593 2086 195755 2984 2940 440222 439826 1968 3683 2238 3047 1947 2837 2512 1631 2732 2722 2668 2797 2426 3586 442414 3579 3579 2833 2638 239041 11156 
22200 75650 2097 195285 2997 2936 440155 439524 1937 3734 2245 3038 1943 2687 2406 1639 2725 2726 2752 2833 2323 3532 442134 3582 3582 2815 2648 241167 11201 
22300 73530 2108 195091 2986 2920 438000 437220 1918 3710 2223 3033 1952 2669 2419 1598 2730 2719 2949 3051 2261 3550 439825 3584 3584 2824 2653 239430 11237 
22400 72954 2135 194656 2996 2913 438294 437445 1921 3710 2288 3018 2325 2658 2623 1618 2847 2754 2959 2944 2287 3524 440077 3583 3583 2858 2650 239629 11258 
22500 74548 2149 194328 2979 3054 439815 439073 1940 3705 2329 3087 2236 2616 2556 1648 2898 2783 2902 2943 2368 3567 441725 3582 3582 2880 2659 241591 11278 
22600 78281 2556 194452 2952 3025 440042 439498 1953 3805 2402 3165 2298 2665 2596 1676 3062 2819 2727 3009 2625 3618 442119 3584 3584 2887 2861 243187 11354 
22700 78475 2323 193512 2989 2964 440921 440379 1956 3868 2408 3187 2310 2694 2664 1713 3006 2818 2458 3127 2770 3539 443068 3590 3590 2985 2696 246901 11437 
22800 76987 2229 194101 3016 2993 438348 437861 1946 4160 2429 3272 2355 2661 2672 1695 3095 2818 2434 3295 2659 3865 440684 3591 3591 2980 2720 246309 11474 
22900 75957 2132 193373 3039 3078 436190 435746 1822 4044 2450 3262 2344 2632 2251 1702 2941 2796 2423 3281 2633 3848 438540 3588 3588 2967 2739 247117 11499 
23000 79767 2121 193302 3074 3005 442513 441960 1835 4064 2470 3287 2371 2645 2275 1734 3062 2834 2437 3301 2578 3865 444804 3591 3591 2966 2770 255438 11502 
23100 79522 2117 192798 3103 3014 443148 442506 1838 4016 2482 3281 2359 2629 2274 1723 2999 2826 2434 3316 2587 3848 445327 3590 3590 2929 2775 256913 11502 
23200 78793 2056 192275 3216 2988 441239 440486 1845 3667 2459 3292 2409 2639 2269 1709 2978 2945 2820 3309 2555 3515 443428 3589 3589 3005 2762 256398 11544 
23300 77085 2053 191276 3173 3035 439487 438743 2023 3686 2478 3322 2425 2618 2247 1722 2977 3046 2813 3349 2537 3526 441708 3585 3585 3012 2694 256571 11565 
23400 80679 2063 191432 3182 3042 442761 442155 2046 3714 2519 3363 2454 2655 2278 1742 3009 3031 3044 3350 2556 3566 445194 3586 3586 3068 2685 261029 11605 
23500 81643 2055 191437 3194 3074 444895 443976 2064 3725 2549 3388 2462 2642 2302 1759 3016 3056 2768 3589 2570 3569 447078 3584 3584 3071 2682 263546 11640 
23600 81842 2052 190982 3200 3095 444955 444051 2073 3742 2575 3600 2454 2644 2306 1752 3134 3073 2719 3600 2471 3578 447152 3581 3581 3077 2608 264592 11633 
23700 79424 2087 193293 3271 3172 439904 440622 2352 3769 2587 3616 2239 2534 2316 1803 3125 3076 2940 3426 2418 3612 443793 3585 3585 3145 2597 263418 11656 
23800 95863 2082 193123 3271 3371 437628 438290 2582 3801 2589 3823 2408 2522 2336 1962 3222 3251 3170 3543 2550 3984 441882 3591 3591 3345 3398 263676 11695 
23900 83683 2123 192023 3365 3378 435680 437045 2421 3805 2618 3675 2299 2512 2333 1834 3102 3146 3209 3439 2443 3650 440345 3590 3590 3226 3159 263075 11693 
24000 90529 2124 191718 3355 3371 442431 444163 2431 3806 2646 3717 2344 2500 2335 1888 3060 3178 3004 3458 2590 3665 447476 3586 3586 3241 3581 270392 11709 
24100 91548 2117 191957 3359 4008 446512 448640 2424 3864 2674 3688 2241 2516 2354 1869 3042 3133 2977 3474 2786 3568 451958 3588 3588 3204 3187 273933 11745 
24200 90206 2334 191202 3356 4000 445861 448558 2444 3878 2683 3691 2234 2563 2388 1879 2989 3110 3817 3520 2823 3529 451834 3594 3594 3265 3588 275679 11770 
24300 88902 2351 190322 3315 4023 447812 450284 2426 3886 2686 3645 2237 2661 2394 1882 2963 3088 4256 3505 2732 3559 453602 3592 3592 3264 3158 279674 11786 
24400 91018 2361 189031 3318 3656 450741 452986 2435 3917 2678 3652 2298 2667 2395 1883 2946 3123 4288 3502 2770 3554 456336 3589 3589 3265 3170 283168 11793 
24500 94199 2376 188466 3337 3325 456207 458362 2453 3952 2680 3699 2335 2711 2436 1984 3011 3180 4702 3514 2826 3599 461736 3588 3588 3293 3124 290201 11819 
24600 97439 2368 187779 3374 3429 460989 463101 2487 3978 2695 3746 2356 2754 2467 2042 3043 3213 4729 3415 3084 3636 466521 3581 3581 3315 3124 295952 11814 
24700 95992 2368 187500 3366 3450 456886 459505 2511 4030 2672 3693 2310 2707 2445 2207 3128 3173 4882 3412 3056 3627 462884 3577 3577 3310 3108 292281 11788 
24800 94873 2381 186085 3343 3384 457044 459537 2485 3932 2662 3609 2443 2725 2435 2280 3040 3178 5052 3360 2881 3613 462846 3589 3589 3489 3135 295280 11835 
24900 93824 2399 185653 3334 3386 453067 456396 2159 3869 2645 3594 2422 2709 2477 2243 3042 3159 5849 3339 2976 3627 459699 3583 3583 3667 3135 294035 11810 
25000 93582 2393 185027 3330 3388 452959 455716 2203 3849 2661 3573 2438 2680 2454 2243 3020 3133 5289 3334 2960 3581 459026 3576 3576 3646 3169 293908 11776 
25100 96138 2396 185234 3334 3430 454940 457721 2210 3869 2678 3602 2463 2671 2462 2241 3045 3138 5265 3331 2980 3489 461066 3585 3585 3649 3194 296300 11824 
25200 96125 2417 185010 3327 3407 454517 457731 2199 3973 2717 3573 2472 2653 2486 2239 3240 3370 5714 3343 3183 3569 461124 3587 3587 3846 3214 296279 11833 
25300 98262 2439 184259 3313 3426 457351 461099 2158 3970 2729 3607 2418 2881 2595 2266 3351 3430 6009 3414 3190 3612 464572 3589 3589 3761 3236 301753 11853 
25400 101233 2482 185522 3345 3473 460178 463674 2311 4088 2755 3646 3350 2901 2882 2295 3373 3465 5015 3440 3313 3636 467234 3593 3593 3757 3300 305202 11907 
25500 103654 2509 185366 3360 3495 468126 470084 2273 4101 2758 3679 2927 2868 2906 2340 3379 3493 4118 3458 3342 3648 473703 3592 3592 3764 3339 312110 11924 
25600 101730 2517 184893 3368 3473 466467 468502 2305 4100 2757 3648 2937 2866 2910 2266 4163 3362 4313 3446 3326 3636 472087 3585 3585 3655 3335 310477 11900 
25700 100533 2505 184588 3376 3449 463105 465374 2201 4224 2758 3648 2929 2872 2902 2241 4252 3354 4319 3794 3290 3604 468918 3579 3579 3656 3319 307832 11850 
25800 110026 2534 184535 3504 3470 465196 467574 2043 4278 2891 3992 3063 2807 2905 2254 4669 3425 4615 3820 3499 3780 471196 3585 3585 3862 3340 311867 11881 
25900 108103 2537 183870 3528 3654 465004 466860 2013 4241 2913 3957 2626 2833 2794 2295 4511 3451 4523 3684 3471 3859 470562 3588 3588 3643 3320 312292 11867 
26000 107281 2524 183643 3642 3705 465376 467087 1938 4277 2891 3959 2645 2839 2680 2278 4493 3477 4564 3633 3368 4059 470816 3588 3588 3636 3310 313619 11884 
26100 107168 2557 183587 3644 3744 464677 466473 1934 4285 2904 3984 2565 2847 2704 2279 4501 3508 4486 3620 3366 4034 470314 3589 3589 3559 3407 314197 11885 
26200 103648 2534 183157 3617 3702 459069 460922 1900 4301 2895 3945 2540 2840 2629 2263 4492 3471 4464 3598 3337 4020 464737 3582 3582 3591 3384 308848 11840 
26300 103041 2578 183244 3595 3716 457101 459085 1911 4206 2884 3931 2733 2816 2929 2220 4488 3499 4439 3461 3311 3952 462920 3581 3581 3492 3424 306933 11861 
26400 95503 2593 182444 3566 3720 456803 457839 1884 4212 2824 3770 2724 2762 2766 2226 4453 3491 4342 3466 3146 3768 461700 3583 3583 3511 2968 307783 11898 
26500 95133 2611 182478 3532 3818 464301 464783 1876 4229 2802 3761 2763 2804 2833 2283 4424 3534 3928 3503 3054 3793 468759 3590 3590 3417 2984 316121 11952 
26600 98198 2627 182198 3556 3829 467568 467980 1908 4226 2818 3991 2804 2824 2868 2249 4476 3569 3944 3516 3208 3833 472021 3588 3588 3421 2992 320342 11955 
26700 99438 2417 181904 3590 3801 466429 466822 1972 4148 2832 3976 2795 2861 2855 2246 4496 3558 4034 3522 3248 3850 470882 3585 3585 3444 2951 320137 11935 
26800 98621 2402 182028 3603 3774 465027 465652 1940 4102 2823 3970 2932 2864 3058 2245 4508 3555 4009 3554 3144 3860 469712 3587 3587 3557 3135 319884 11956 
26900 96827 2394 181576 3631 3756 462876 464023 1941 4167 2840 4079 2946 2889 3411 2248 4634 3595 3988 3769 3141 3891 468066 3589 3589 3587 3098 321155 12007 
27000 95059 2384 180944 3543 3755 461951 462960 1935 4180 2781 4060 3107 2804 3402 2229 4610 3591 3976 3781 2999 3877 466986 3586 3586 3588 2964 321339 12039 
27100 97128 2398 180759 3545 3773 465353 466425 1959 4198 2792 3989 3223 2851 3285 2250 4603 3618 3994 3767 3131 3901 470491 3587 3587 3615 2970 325648 12063 
27200 95032 2406 180530 3676 3864 461660 462490 1973 4207 2798 3953 3214 2849 3197 2257 4227 3629 3582 3799 3132 3940 466549 3587 3587 3643 2952 322499 12054 
27300 111480 2780 181317 3776 3952 465278 466061 2488 4210 2854 3942 3233 2868 3223 2445 4210 3867 3681 3856 3273 4180 470365 3589 3589 3665 3103 327130 12158 
27400 108187 2738 180878 3752 3987 468945 469672 2370 4229 2872 3943 3226 2852 3245 2440 4110 3690 3849 3858 3463 4079 473944 3591 3591 3669 3010 332308 12162 
27500 101891 2625 180002 3719 3964 470422 470879 2304 4233 2841 3903 3067 2819 2954 2341 4092 3610 3796 3842 3504 3973 475045 3594 3594 3590 2986 334350 12206 
27600 101547 2623 179684 3710 3984 467478 467948 2300 4230 2822 3889 3313 2821 2940 2340 4101 3650 3797 3826 3428 3961 472082 3591 3591 3459 3006 331556 12187 
27700 98578 2583 179021 3714 3930 462244 462673 2293 4210 2820 3842 3255 2787 2857 2171 4106 3615 3754 3829 3458 3924 466747 3580 3580 3429 2960 327130 12136 
27800 98928 2578 178666 3630 3808 462427 462887 2317 4209 2795 3819 3120 2798 3045 2079 4091 3615 3734 3748 3468 3941 466992 3573 3573 3419 2954 327673 12123 
27900 99815 2615 179188 3662 3866 463368 463709 2416 4284 2834 3883 3189 2832 2905 2091 4122 3758 3787 3685 3594 3966 467886 3581 3581 3499 2980 331698 12171 
28000 101043 2817 179338 3706 4029 468337 468285 2432 4280 2923 3910 3233 2878 2814 2116 4352 3754 3665 3734 3589 4180 472566 3590 3590 3525 3033 338124 12257 
28100 103370 2828 178722 3738 4027 472037 472095 2453 4301 2959 3923 3065 2900 3013 2150 4385 3795 3686 3779 3542 4206 476366 3590 3590 3518 3059 343885 12281 
28200 103002 2766 178576 3758 4051 470976 471109 2357 4322 2931 3922 3011 2915 3025 2158 4405 3782 3589 3798 3722 4186 475457 3592 3592 3590 3071 344016 12298 
28300 102055 2789 177928 3733 4028 468642 468882 2192 4546 2942 3905 3016 2903 3165 2167 4303 3777 3563 3800 3730 4204 473244 3586 3586 3602 3078 342736 12300 
28400 100572 2798 177943 3769 4053 468045 468444 2231 4559 2948 3928 2956 3111 3391 2248 4230 3763 3568 3916 3748 4274 472768 3589 3589 3518 3035 343256 12289 
28500 100389 2701 176604 3771 4099 468247 469353 2220 4456 2991 4037 2939 3107 3972 2315 4259 3784 3589 3865 3668 4287 473710 3587 3587 3476 3126 347130 12307 
28600 102295 2875 176516 3760 4112 471340 472484 2114 4465 3013 4010 2972 3108 4006 2339 4270 3755 3613 3778 3912 4494 476866 3590 3590 3464 3152 351225 12349 
28700 99989 2882 175721 3753 4067 467566 468715 2092 4450 2975 3964 2944 3082 3969 2307 4255 3716 3580 3681 3879 4471 473019 3581 3581 3465 3133 348307 12302 
28800 101102 2891 175715 3761 3975 469364 470383 2096 4471 2957 3959 2952 3084 3970 2316 4169 3761 3573 3692 3824 4467 474708 3580 3580 3471 3157 350822 12292 
28900 97950 2872 176608 3803 4200 463440 464567 2071 4561 3029 3901 2973 3187 3470 2302 4187 3751 3651 3708 3868 4459 468902 3578 3578 3549 3141 347129 12309 
29000 97907 2672 176446 3922 4254 465253 466160 2187 4804 3059 3942 3006 3034 3690 2270 4469 3737 3618 3714 3793 4478 470505 3589 3589 3575 3375 351049 12449 
29100 99555 2687 176305 4030 4277 465939 467003 2307 4791 3086 3965 3009 3065 3710 2280 4482 3744 3614 3697 3708 4496 471392 3588 3588 3664 3359 352359 12460 
29200 99717 2607 176231 4058 4256 467044 467781 2320 4839 3102 3962 3016 3073 3680 2207 4385 3747 3676 3739 3647 4484 472193 3588 3588 3649 3381 353621 12512 
29300 100599 2605 176048 4137 4442 467625 468516 2344 4736 3102 3948 3004 3053 3520 2209 4280 3798 3644 3784 3747 4384 472919 3587 3587 3650 3389 354786 12509 
29400 100716 2620 175017 4052 4304 468645 469134 2286 4725 3067 3951 2984 3051 3394 2329 4275 3821 3609 3770 3934 4476 473589 3590 3590 3649 3315 357978 12548 
29500 99397 2540 174093 4033 4296 469326 469104 2072 4646 3079 3971 3091 3055 3243 2346 3744 3818 3189 3764 3920 4488 473634 3589 3589 3597 3341 361320 12578 
29600 96881 2563 172942 3937 4215 468732 468103 2053 4607 3028 3933 3081 3047 3224 2332 3310 3827 2757 3723 3765 4465 472573 3584 3584 3547 3321 360970 12549 
29700 94602 2556 172660 3947 4198 464279 463790 2063 4612 3034 3920 3088 3045 3201 2286 3317 3796 2749 3830 3749 4462 468282 3580 3580 3621 3279 356652 12546 
29800 97277 2574 172444 3919 4175 468701 468126 2201 4664 3035 4236 3119 3055 3226 2312 3337 3833 2767 3840 3789 4479 472689 3580 3580 3631 3303 360842 12553 
29900 97200 2573 172002 3850 4262 467263 466782 2250 4751 3004 4252 3115 3076 3231 2315 3311 3830 2763 3838 3789 4402 471303 3577 3577 3612 3329 360055 12585 
30000 97354 2494 172065 3854 4197 470236 469477 2232 4785 3022 4105 3023 3064 3204 2330 3182 3866 2806 3789 3618 4398 473940 3590 3590 3609 3341 364561 12649 
30100 95310 2493 172922 3861 4217 471401 470055 2241 4650 3009 3997 2998 3059 2793 2279 3353 3861 2732 3801 3625 4411 474560 3592 3592 3605 3575 367562 12711 
30200 96474 2490 172454 3818 4231 473333 471836 2269 4672 2998 4006 3025 3042 2788 2282 3365 3853 2695 3821 3570 4412 476297 3590 3590 3595 3570 370652 12758 
30300 96446 2504 172115 3816 4200 471766 470256 2269 4612 2983 3984 3000 3042 2796 2277 3345 3847 2721 3823 3652 4311 474785 3586 3586 3580 3570 370110 12744 
30400 96526 2498 171879 3816 4190 468443 467443 2281 4714 2967 3988 3005 3030 2898 2274 3353 3858 2712 3918 3638 4310 471996 3583 3583 3575 3571 368624 12717 
30500 93502 2530 171721 3826 4264 465750 464661 2211 4775 3044 3970 3026 2968 2790 2252 3132 3899 2729 3881 3681 4208 469256 3590 3590 3760 3555 368263 12769 
30600 92792 2547 172731 3857 4333 467319 466223 2354 4971 3069 4022 3107 3037 2922 2261 3176 3978 2786 4061 3575 4104 470976 3596 3596 3868 3576 370770 12877 
30700 92849 2556 171579 3844 4367 467581 466559 2325 4985 3089 3984 3319 3025 2927 2263 3186 3954 2771 4066 3256 4116 471327 3592 3592 3818 3778 371844 12891 
30800 93089 2579 171348 3887 4373 468278 466969 2342 4983 3095 3979 3317 3023 2768 2251 3381 3967 2760 4020 3252 4109 471766 3590 3590 3822 3787 373356 12906 
30900 93097 2601 171306 3938 4395 468958 467928 2255 5011 3124 3989 3338 3162 2738 2282 3317 4115 2782 4052 3187 4127 472769 3593 3593 3851 3790 376097 12942 
31000 91585 2778 174091 4249 4456 467935 466842 2139 5003 3207 4129 3373 3186 2759 2303 3334 4294 3111 4039 3197 3992 471756 3595 3595 3891 3660 376430 12973 
31100 87662 2781 175695 4286 4511 463567 462257 2115 5109 3248 4063 3445 3191 2776 2282 3370 4376 3378 4074 3119 4089 467151 3593 3593 3900 3616 373632 13095 
31200 88260 2793 175010 4293 4511 465740 464262 2156 5102 3267 4040 3356 3082 2757 2209 3399 4288 3376 4099 3153 4210 469150 3592 3592 3858 3585 377452 13152 
31300 87223 2800 173793 4285 4492 462611 461112 2256 5063 3284 4026 3228 3083 2722 2174 3404 4261 3384 4200 3032 4166 465996 3579 3579 3870 3576 374790 13110 
31400 88999 2829 173722 4416 4524 464296 462745 2249 5078 3348 4301 3220 3115 2705 2198 3424 4287 3358 4156 3051 4168 467698 3583 3583 3884 3485 376969 13079 
31500 87791 3038 173883 4444 4563 465200 463494 2225 5014 3407 4176 3247 2963 2731 2227 3452 4281 3201 4118 3100 4109 468484 3590 3590 3879 3497 379011 13146 
31600 88804 2931 173800 4462 4577 466418 464772 2309 5033 3451 4176 3140 2964 2734 2257 3494 4322 3247 4117 3010 4154 469785 3593 3593 3911 3501 381688 13160 
31700 89662 2922 172210 4470 4534 467315 465480 2300 5052 3392 4195 3147 2979 2904 2267 3545 4336 3204 4141 3036 4109 470449 3588 3588 3927 3518 383140 13183 
31800 89214 2934 171495 4489 4537 467277 465402 2221 5034 3419 4113 3120 2984 2892 2252 3566 4346 3234 4128 3030 4064 470426 3586 3586 3951 3528 383588 13157 
31900 88993 2966 171881 4532 4571 465445 463872 2341 5062 3431 4114 3346 2986 2917 2317 3589 4366 3221 4128 3142 4036 468930 3589 3589 3986 3511 383006 13173 
32000 86200 2959 171588 4572 4570 464654 462753 2271 4998 3441 4143 3358 3007 2842 2362 3615 4404 3213 4092 3101 4097 467849 3588 3588 3969 3566 383344 13181 
32100 85995 2976 171458 4649 4587 465476 463531 2276 4987 3438 4086 3394 3039 2853 2388 3461 4438 3170 4115 3117 4126 468599 3587 3587 3872 3602 385724 13198 
32200 87224 2980 172822 4761 4641 467156 465117 2224 5083 3537 4090 3404 3028 2864 2393 3451 4432 3158 4133 3102 4149 470146 3586 3586 3943 3618 388009 13205 
32300 88675 2966 172274 4758 4645 467934 465898 2261 5128 3566 4102 3409 2995 3003 2426 3278 4414 3139 4155 3051 4504 470940 3580 3580 4009 3653 389490 13169 
32400 90567 2976 171556 4777 4788 468522 466811 2473 5156 3608 4201 3539 3127 2981 2563 3307 4429 3152 4183 3044 4406 471857 3586 3586 4097 3645 391616 13190 
32500 87476 2912 171361 4829 4700 467939 466095 2470 5181 3638 4214 3582 3050 3006 2594 3279 4554 2998 4143 3039 4471 471235 3590 3590 4126 3620 393480 13180 
32600 88227 2910 170919 4751 4639 468578 467166 2441 5218 3671 4267 3631 3089 3044 3307 3307 4534 3222 4174 3083 4484 472358 3592 3592 4173 3624 395976 13240 
32700 88693 2864 170041 4742 4608 469144 467708 2430 5199 3638 4224 3614 3063 3115 3304 3311 4499 3218 4149 3079 4478 472856 3586 3586 4169 3628 396461 13184 
32800 88447 2804 168716 4657 4606 468242 466454 2419 5215 3656 4146 3608 3059 3106 2926 3340 4441 3117 4195 3029 4569 471572 3584 3584 4192 3520 395219 13188 
32900 87090 2824 168552 4613 4574 466421 464523 2392 5245 3662 4129 3602 3045 3105 2915 3366 4438 3133 4168 3013 4527 469650 3582 3582 4078 3519 394049 13192 
33000 86573 2865 168347 4716 4571 465811 463923 2284 5347 3689 4144 3614 3086 3023 2853 3517 4441 3157 4125 3055 4521 469111 3589 3589 4088 3534 394817 13255 
33100 85359 3119 167763 4714 4599 466729 464641 2286 5434 3755 4200 3538 3068 3018 2923 3407 4515 3097 4169 3115 4532 469850 3594 3594 4041 3531 398065 13329 
33200 83392 3081 166924 4746 4587 463715 461397 2261 5426 3740 4211 3514 3215 3031 2845 3493 4476 3078 4091 3027 4766 466617 3590 3590 4026 3542 396412 13354 
33300 81898 3076 166256 4731 4571 462408 459983 2194 5401 3717 4209 3491 3189 2926 2826 3484 4460 3175 4097 3014 4805 465235 3587 3587 4005 3534 395187 13307 
33400 82572 3056 166552 4759 4700 461458 459124 2197 5340 3673 4221 3499 3173 2935 2808 3454 4491 3174 4089 3013 4758 464517 3586 3586 3946 3559 394782 13299 
33500 81268 3078 165561 4674 4612 460422 458118 2129 5288 3652 4237 3527 3191 2965 2970 3485 4626 3276 4079 3033 4780 463574 3592 3592 3894 3548 395667 13369 
33600 79475 2978 165210 4668 4652 459925 457608 2149 5296 3641 4207 3639 3107 2881 2991 3354 4617 3188 4075 3086 4783 463044 3590 3590 3917 3562 396296 13335 
33700 79570 2996 164156 4775 4640 459920 457804 2123 5324 3678 4177 3636 3062 2851 2984 3363 4637 3194 4104 3073 4812 463156 3589 3589 3837 3751 398075 13369 
33800 79909 3009 163898 4787 4575 460457 458185 2113 5499 3675 4209 3640 3054 2873 2969 3377 4821 3209 4119 3081 4852 463532 3590 3590 3844 3752 398595 13365 
33900 80286 3003 163472 4713 4586 460173 457397 2104 5519 3677 4211 3608 3034 2823 2563 3371 4805 3181 4139 3067 4804 462791 3590 3590 3843 3757 399279 13395 
34000 80818 3019 163034 4723 4586 461777 458979 2103 5568 3657 4225 3663 3066 2839 2592 3399 4808 3201 4143 3075 4846 464443 3588 3588 3828 3777 402187 13434 
34100 79345 3048 163191 4714 4646 461302 458357 2086 5554 3700 4180 3576 3074 2821 2557 3406 4803 3403 4168 3073 4830 463827 3594 3594 3861 3836 403197 13524 
34200 79791 2961 162917 4781 4667 461399 458439 2145 5537 3745 4210 3592 3053 2855 2569 3425 4747 3318 4231 3064 4806 463936 3594 3594 3892 3874 405495 13576 
34300 79687 3040 161831 4727 4608 461872 458860 2137 5378 3718 4238 3576 3052 2857 2582 3447 4656 3287 4259 3080 4796 464337 3592 3592 3832 3899 406284 13568 
34400 77997 3024 161312 4698 4552 457309 454512 2114 5373 3685 4195 3557 3048 2934 2533 3438 4645 3265 4277 3043 4789 459922 3579 3579 3822 3862 403010 13509 
34500 79428 3237 161208 4723 4545 456630 454125 2148 5376 3667 4160 3667 3033 2944 2499 3458 4699 3280 4274 3029 4746 459493 3581 3581 3921 3885 403523 13530 
34600 79282 3251 161575 4728 4587 456441 453917 2143 5441 3663 4182 3652 2925 2901 2489 3465 4900 3313 4314 3042 4751 459420 3589 3589 3906 3743 404200 13597 
34700 77809 3152 161102 4695 4608 453995 451520 2140 5429 3688 4230 3664 2898 2893 2489 3371 4919 3309 4305 3032 4745 457012 3586 3586 3872 3724 402445 13615 
34800 78317 3145 161515 4798 4722 453847 451517 2133 5544 3755 4226 3677 2901 3006 2687 3403 4909 3312 4291 3040 4639 457107 3588 3588 3917 3744 403668 13632 
34900 78216 3241 161271 4773 4728 452803 450541 2094 5557 3747 4239 3715 2915 3036 2669 3536 4936 3315 4424 3042 4543 456119 3590 3590 3950 3765 403721 13629 
35000 77701 3038 160769 4793 4731 451873 449625 2098 5747 3726 4257 3697 2936 3054 2652 3546 4935 3327 4425 3056 4501 455219 3586 3586 3939 3778 403336 13653 
35100 76906 3044 160608 4802 4736 451315 448935 2024 5777 3752 4259 3778 2929 3033 2585 3454 4931 3299 4429 3061 4549 454542 3585 3585 3933 3705 403716 13652 
35200 74545 3070 161203 4899 4813 449598 447171 2007 5757 3780 4300 3787 2928 3020 2589 3480 4946 3201 4429 3068 4456 452808 3583 3583 3931 3695 402280 13645 
35300 76779 3065 161330 4941 4858 452868 450506 2048 5787 3810 4305 3816 2952 3070 2592 3525 5150 3252 4683 3053 4495 456299 3592 3592 3946 3632 405897 13739 
35400 75651 3040 160506 4945 4841 451544 449175 2063 5800 3777 4303 3819 2940 3076 2603 3555 5138 3131 4721 3060 4496 454976 3585 3585 3928 3624 405362 13733 
35500 73297 3167 160196 4890 4777 450569 447795 2032 5827 3801 4305 4092 2919 2985 2520 3544 5064 3105 4710 3167 4525 453529 3587 3587 3954 3822 405052 13854 
35600 76075 3208 160889 4964 4815 449258 446754 2072 5841 3835 4369 4163 2958 3007 2599 3578 5097 3207 4705 3250 4551 452598 3590 3590 3938 3881 405257 13945 
35700 75726 3199 160116 4944 4788 446563 444081 2094 5824 3845 4330 4141 2930 2983 2544 3561 5059 3205 4708 3183 4392 449827 3582 3582 3919 3872 403131 13906 
35800 80335 3386 159781 4966 4786 449534 447238 2129 5867 3892 4379 4160 2952 3003 2908 3611 5071 3411 4769 3218 4424 453044 3580 3580 3946 3893 406617 13913 
35900 80484 3402 159778 5080 4780 450120 448001 2150 5822 3888 4387 4156 2962 3033 2928 3634 4911 3615 4826 3210 4544 453782 3585 3585 3947 3898 407547 13954 
36000 79737 3382 160643 5056 4902 449693 447479 2151 5862 3948 4458 4274 2964 3047 2982 3763 4987 3562 4825 3105 4573 453411 3590 3590 3991 4178 407660 13924 
36100 75577 3348 158861 4890 4876 447927 445793 2325 5692 3911 4358 4153 2935 3012 3036 3496 5261 3492 4755 3097 4561 451623 3588 3588 3991 4040 406700 13888 
36200 76943 3472 157448 4799 4909 449625 447360 2342 5707 3914 4325 4172 2905 3027 3021 3514 5205 3378 4707 3099 4458 453172 3586 3586 4023 4045 409583 13939 
36300 78124 3476 157525 4823 4906 449851 447736 2460 5704 3913 4331 4373 2833 3053 3311 3527 5214 3389 4759 3116 4458 453570 3588 3588 4030 4055 410223 13970 
36400 77298 3422 157418 4856 4944 446538 444594 2541 5801 3980 4241 4355 2879 3624 3431 3540 5382 3336 4803 3123 4447 450466 3589 3589 4081 4029 406518 13970 
36500 77814 3246 157020 4838 5007 450270 447811 2489 5830 3994 4240 4306 2883 3652 3290 3547 5499 3245 4739 3183 4464 453754 3594 3594 4044 4104 411230 13977 
36600 78528 3215 156827 4822 5018 454155 451539 2444 5990 3977 4289 4359 2882 3670 3542 3481 5497 3368 4709 3217 4503 457538 3597 3597 4145 4000 415547 13908 
36700 79414 3218 157101 4839 5052 454911 452230 2418 6018 4005 4307 4413 2895 3685 3439 3511 5476 3476 4724 3271 4510 458282 3594 3594 4156 4004 417274 13956 
36800 79778 3219 156820 4831 5078 455570 452831 2424 5925 3957 4319 4596 2879 3697 3267 3509 5444 3471 4755 3257 4461 458814 3593 3593 4125 4005 418042 13989 
36900 79201 3405 155464 4788 5038 452427 449882 2414 5995 3936 4272 4440 2850 3665 3171 3479 5219 3464 4734 3219 4490 455787 3583 3583 4121 3866 415351 13928 
37000 79864 3285 154196 4764 5026 454181 451812 2639 5986 3959 4281 4444 2873 3635 3166 3514 5447 3357 4751 3233 4505 457650 3580 3580 4102 3855 416855 13951 
37100 79062 3190 154246 4731 5045 454395 452130 2722 5907 4002 4348 4332 2814 3639 3234 3510 5691 3368 4747 3281 4499 458008 3588 3588 4085 3956 418486 13959 
37200 79230 3204 155291 4754 5079 455499 453339 2719 6002 4052 4396 4262 2828 3716 3575 3552 5717 3410 4789 3292 4475 459247 3597 3597 4138 3982 419788 14015 
37300 79643 3239 155389 4730 5121 455809 453598 2729 6058 4071 4425 4192 2823 3700 3609 3618 5793 3413 4799 3402 4428 459561 3595 3595 4137 3983 421295 14050 
37400 78997 3226 154333 4756 5131 454384 452157 2739 6054 4020 4407 4177 2816 3718 3586 3678 5570 3418 4786 3313 4398 457985 3592 3592 4122 3968 420257 14052 
37500 77059 3215 153212 4700 5292 451041 448701 2743 5947 4010 4369 4174 2857 3652 3578 3678 5292 3465 4727 3270 4350 454518 3594 3594 4005 3936 417040 14059 
37600 75406 3314 153058 4721 5265 448548 446131 2666 5885 4051 4382 4149 2853 3663 3624 3695 5490 3378 4685 3240 4316 452017 3590 3590 4125 3898 415682 14052 
37700 75504 3306 153294 4712 5429 450220 447825 2611 5887 4152 4399 4109 2900 3634 3576 3716 5810 3365 4681 3238 4585 453742 3589 3589 4186 3854 418417 14004 
37800 74604 3306 152319 4725 5349 450933 447909 2599 5946 4194 4346 4107 2902 3643 3301 3712 5831 3352 4674 3241 4549 453804 3590 3590 4211 3729 419187 14000 
37900 73877 3303 151576 4733 5332 450800 447739 2390 5907 4185 4335 4162 2883 3640 3257 3655 5470 3366 4696 3248 4543 453614 3592 3592 4181 3696 419782 14012 
38000 73284 3311 151134 4732 5289 450886 447923 2390 5932 4189 4331 4168 2908 3890 3122 3884 5471 3586 4713 3300 4543 453803 3592 3592 4267 3682 420318 14029 
38100 72130 3206 150848 4702 5293 448018 445232 2365 5950 4190 4353 4143 2937 3886 3077 4103 5474 3568 4710 3324 4549 451125 3589 3589 4298 3691 418281 14077 
38200 71862 3315 150820 4696 5279 448151 445196 2390 5959 4245 4623 4085 2921 3568 3089 4036 5786 3687 4703 3284 4414 451094 3589 3589 4281 3708 418751 14088 
38300 70468 3313 150621 4708 5324 446222 443233 2364 5895 4272 4613 4133 2920 3554 3096 4032 5801 3585 4722 3249 4827 449110 3592 3592 4291 3818 417214 14091 
38400 69691 3295 150557 4703 5409 443847 441240 2338 5970 4291 4620 4137 2925 3569 3141 4049 5852 3563 4731 3231 4831 447082 3592 3592 4254 3708 416007 14076 
38500 68736 3285 150761 4756 5344 442288 439249 2310 6118 4341 4619 4056 2923 3517 3116 3927 5772 3711 4728 3205 4634 445229 3587 3587 4271 3705 415146 14063 
38600 67189 3291 150680 4761 5360 440589 437385 2287 6101 4309 4589 4020 3367 3263 3102 3950 5973 3722 4718 3213 4364 443383 3589 3589 4271 3691 413361 14060 
38700 67346 3198 150335 4828 5392 440380 437106 2315 6137 4336 4780 3950 3373 3346 3120 3855 5960 3745 4737 3225 4438 443115 3590 3590 4284 3712 413550 14078 
38800 66964 3086 150024 5017 5370 438553 435179 2328 6156 4384 4800 3934 3371 3543 3116 3858 5964 3768 4813 3169 4296 441126 3590 3590 4268 3755 411662 14072 
38900 66628 3124 150371 5104 5341 438420 435301 2227 6364 4404 4999 3785 3373 3550 2975 3893 5970 3847 4799 3198 4242 441220 3594 3594 4373 4137 412296 14110 
39000 64838 2962 150194 5061 5388 436963 433861 2194 6346 4394 4844 3798 3329 3500 3031 3867 5853 3981 4723 3203 4225 439733 3596 3596 4368 3973 412052 14120 
39100 64883 2967 149144 4887 5401 437889 434743 2074 6262 4359 4852 3736 3298 3477 2921 3843 5723 3923 4698 3229 4223 440554 3593 3593 4543 4177 414315 14158 
39200 64612 2960 148824 4843 5430 438001 434995 2091 6209 4359 4836 3762 3291 3414 2909 4030 5722 3818 4709 3233 4145 440764 3595 3595 4543 4169 414711 14197 
39300 65761 2940 148348 4801 5442 438423 435488 2112 6228 4368 4855 3747 3274 3446 3053 4044 5697 3824 4751 3262 4142 441223 3592 3592 4535 4023 415737 14189 
39400 65986 2940 148123 4817 5419 434657 432455 2225 6180 4395 4858 3712 3269 3476 3027 3778 5996 3813 4790 3348 4160 438190 3590 3590 4465 4391 413585 14216 
39500 63379 3025 147400 4701 5425 433210 430644 2126 6195 4448 4884 3522 3258 3384 3049 3767 5852 3854 4812 3298 4217 436658 3592 3592 4378 4243 412997 14220 
39600 61338 3251 147373 4713 5432 432094 429326 2100 6163 4426 4820 3522 3017 3387 2974 3751 5680 3831 4766 3336 4205 435222 3593 3593 4336 4100 411990 14240 
39700 62252 3243 147195 4704 5443 434874 431948 2137 6132 4441 4768 3547 3015 3420 2983 3794 5674 3871 4771 3367 4217 437860 3596 3596 4250 4107 414732 14289 
39800 63765 3284 148815 4816 5533 435231 432402 2208 6128 4596 4768 3532 3068 3530 3017 3855 5763 3780 4863 3372 4204 438369 3588 3588 4296 4295 415406 14308 
39900 66086 3270 148534 4815 5510 434824 432718 2232 6125 4606 4785 3526 3197 3440 3031 3861 5835 3770 4904 3363 4245 438727 3583 3583 4304 4493 416320 14312 
40000 67552 3260 148117 4817 5605 437746 435398 2156 6416 4639 4755 3555 3226 3508 2999 3851 5784 4059 5040 3386 4224 441457 3592 3592 4291 4161 419282 14255 
40100 67213 3147 147811 4840 5625 439195 436717 2108 6378 4717 4831 3563 4593 3422 3063 3863 5671 3910 4953 3420 4331 442871 3596 3596 4297 4120 419997 14249 
40200 68384 3257 147092 4832 5600 440672 438116 2127 6376 4644 4877 3582 4599 3408 3096 3942 5797 3922 4947 3632 4268 444325 3596 3596 4311 4296 421615 14311 
40300 70003 3233 146834 4832 5596 440669 438124 2137 6363 4622 4875 3597 3655 3342 3121 3931 5790 4011 4965 3637 4265 444196 3592 3592 4257 4309 423005 14296 
40400 72059 3244 148076 4921 5739 440383 438277 2153 6451 4748 5032 3691 2960 3917 3219 4009 6054 4129 4995 3501 4284 444355 3592 3592 4213 4396 423000 14391 
40500 72500 3265 147854 4909 5765 441044 438901 2140 6433 4769 4907 3711 3007 3913 3228 3910 6128 4121 5111 3524 4285 445069 3591 3591 4196 4442 423847 14393 
40600 73884 3138 146164 4910 5789 444228 442105 2120 6403 4735 4842 3780 3016 3889 3274 3827 6415 4240 5050 3559 4158 448393 3594 3594 4363 4660 427890 14373 
40700 72108 3147 145942 4900 5756 444457 442014 2302 6443 4753 4863 3783 2986 3846 3268 3880 6541 4033 5033 3534 4200 448293 3595 3595 4306 4457 427847 14391 
40800 72316 3156 145250 4895 5792 444814 442367 2293 6453 4770 4892 3793 3263 3873 3275 3873 6437 4065 5032 3526 4223 448659 3593 3593 4157 4439 429346 14454 
40900 73241 3341 144907 5015 5629 446538 443845 2324 6419 4739 4953 3733 3253 3943 2987 3839 6424 3945 4982 3615 4361 450132 3589 3589 4154 4511 431178 14444 
41000 74722 3322 145473 5072 5652 447585 444970 2318 6449 4810 4790 3731 3241 3955 3169 3803 6302 3919 5009 3613 4365 451280 3588 3588 4242 4525 431878 14460 
41100 75364 3344 146063 5165 5662 446917 444363 2332 6438 4932 4778 3748 3266 3896 3188 3826 6430 3917 5428 3601 4590 450659 3586 3586 4435 4532 431240 14444 
41200 74648 3342 149782 5378 5694 447108 444549 2351 6470 4933 4809 3753 3273 3905 3193 3770 6857 4036 5337 3659 4640 451099 3585 3585 4473 4647 431553 14661 
41300 75080 3259 149238 5702 5586 447381 445040 2354 6426 4914 4749 3701 3212 4024 3053 3731 6910 3921 5268 3672 4531 451567 3594 3594 4523 4581 432841 14673 
41400 73969 3270 144774 5426 5511 446283 443837 2525 6342 4846 4780 3622 3234 4060 3068 3742 6310 3938 5273 3689 4548 450090 3595 3595 4574 4581 432232 14513 
41500 72938 3382 144519 5418 5523 444231 441786 2515 6336 4831 4731 3640 3206 3714 3032 3730 6018 3829 5275 3683 4844 448032 3595 3595 4606 4467 430450 14545 
41600 72468 3468 144072 5440 5520 442899 440392 2497 6312 4838 4709 3647 3208 3724 3036 3723 6041 3845 5283 3699 4834 446639 3591 3591 4510 4461 429767 14520 
41700 73689 3457 143950 5452 5535 443178 440809 2618 6188 4830 4694 3660 3421 3742 3044 3740 6201 3844 5281 3708 4804 447039 3589 3589 4523 4594 430367 14509 
41800 75312 3464 144427 5456 5511 444535 442154 2632 6183 4866 4708 3870 3435 3779 3067 3743 6048 3776 5254 3692 4848 448388 3594 3594 4546 4576 431190 14536 
41900 74763 3267 144370 5467 5483 444710 442118 2515 6194 4891 4692 3910 3427 3721 3077 3782 6398 3803 5262 3719 4865 448368 3596 3596 4523 4565 431415 14500 
42000 75683 3299 142611 5357 5458 447251 444209 2433 6276 4800 4633 3896 3455 3937 3084 3834 6432 3908 5307 3752 4634 450451 3597 3597 4422 4416 434302 14543 
42100 76868 3274 142536 5379 5441 447119 444415 2449 6265 4774 4617 3906 3430 3882 3069 3829 6581 3788 5475 3757 4864 450617 3593 3593 4625 4412 434550 14572 
42200 76909 3261 142986 5417 5539 446948 444378 2449 6366 4827 4579 3902 3494 3903 3073 3922 6899 3839 5587 3758 4812 450567 3594 3594 4657 4446 434906 14554 
42300 76702 3455 142776 5436 5502 444582 442116 2546 6359 4845 4562 3846 3508 3916 3043 3954 6893 3813 5617 3766 4652 448306 3589 3589 4684 4460 432965 14576 
42400 75606 3428 143104 5685 5817 440540 438228 2532 6320 5101 4546 3832 3493 3817 3034 3976 6766 3932 5640 3753 4609 444421 3585 3585 4585 4567 428671 14518 
42500 73532 3481 142403 5571 5872 437408 435047 2809 6253 5081 4409 3823 3532 3797 2995 4032 6239 3864 5957 3657 4595 441242 3588 3588 4603 4407 424800 14582 
42600 72385 3416 142511 5353 5965 435971 433517 2683 6245 5052 4568 3844 3656 3679 2994 4050 6253 3847 6016 3631 4562 439709 3592 3592 4591 4214 423802 14583 
42700 71669 3410 142466 5344 5930 436346 433944 2682 6240 5049 4517 3839 3800 3678 2994 4042 6772 3866 6178 3505 4572 440098 3595 3595 4588 4238 424715 14630 
42800 70925 3436 141851 5059 5768 435211 432826 3216 6188 4722 4508 3851 3734 3753 3113 4055 6593 3779 6147 3516 4535 439159 3594 3594 4429 4028 423561 14648 
42900 69855 3411 141747 5059 5741 433248 430813 3412 6172 4711 4500 4017 3740 3718 3014 4011 6954 3750 6175 3488 4526 437106 3593 3593 4422 3913 421655 14657 
43000 70852 3234 141748 5067 5676 435438 432961 3204 6252 4710 4517 4085 3528 3874 3036 4078 7193 3855 6471 3576 4796 439308 3596 3596 4424 3941 424151 14602 
43100 70734 3137 141246 5114 5667 435786 433264 2873 6218 4657 4567 3979 3544 3878 3041 4090 7424 3864 6851 3579 4728 439578 3597 3597 4408 3928 424153 14606 
43200 70951 3156 140718 5081 5624 437440 434543 3487 6218 4647 4584 3981 3552 3900 2927 4076 7708 3861 6551 3592 4645 440821 3596 3596 4408 3939 425256 14623 
43300 69627 3147 141632 5076 5641 433002 430857 3465 6400 4618 4583 4007 3448 3885 3024 4087 7962 3754 6653 3733 4588 437153 3593 3593 4506 3943 422675 14622 
43400 70169 3241 142288 5020 5598 432379 430264 3209 6410 4651 4562 4032 3645 3881 3014 4029 7844 3788 6721 3834 4717 436561 3591 3591 4557 4048 422434 14671 
43500 68710 3216 141310 5025 5511 431669 429608 2796 6373 4685 4526 4038 3651 4061 3011 4032 7835 3787 6707 3805 4710 435845 3591 3591 4486 4001 422324 14666 
43600 68733 3131 141088 5065 5545 431910 429619 3022 6428 4727 4498 3934 3696 4062 3028 4078 7912 3984 6624 3784 4444 435868 3592 3592 4693 3927 422630 14677 
43700 70944 3162 141078 5068 5540 436146 433681 2701 6553 4729 4543 3951 3717 4065 3012 4102 8026 4096 6513 3811 4476 439965 3594 3594 4710 3953 427476 14728 
43800 71624 3175 140981 5098 5555 437408 434837 2601 6638 4755 4568 3974 3658 4049 3095 4129 8594 4055 6491 3818 4394 441125 3597 3597 4624 3950 428411 14752 
43900 70971 3155 140696 5125 5558 436614 434087 2615 6593 4773 4566 3954 3664 4067 3055 4233 8371 4059 6483 3812 4426 440385 3595 3595 4625 3943 427968 14796 
44000 70525 3158 140056 5118 5522 436633 434416 2856 6430 4745 4779 3938 3567 4101 3059 4220 7988 4081 6451 3807 4470 440691 3596 3596 4587 4142 428483 14816 
44100 67085 3136 139472 5069 5461 432797 430398 2764 6438 4647 4768 3929 3534 4126 3024 4168 7972 4071 6333 3763 4391 436666 3591 3591 4491 4191 424956 14754 
44200 65787 3539 139022 5070 5518 431953 429565 2738 6566 4745 4784 4102 3510 4134 3212 4178 8388 4008 6098 3773 4411 435856 3592 3592 4450 4203 423912 14801 
44300 65119 3557 139862 5148 5540 429866 427437 2718 6514 4771 4805 3999 3503 3838 3255 4289 8353 3974 6079 3752 4381 433685 3592 3592 4452 4177 422193 14772 
44400 64382 3560 139881 5144 5523 428762 426384 2701 6579 4799 4825 3893 3497 3850 3236 4303 8174 3790 6143 3743 4385 432594 3598 3598 4471 4178 421201 14820 
44500 63621 3597 139351 5157 5503 427491 425279 2794 6552 4751 4793 3922 3525 3725 3201 4257 7705 3813 6128 3703 4360 431430 3597 3597 4382 4337 420549 14818 
44600 66412 3621 140015 5199 5546 426206 423868 2866 6571 4860 4802 3815 3566 3759 3197 4281 7886 3738 5964 3700 4401 430037 3592 3592 4463 4315 419710 14988 
44700 67086 3386 139374 5239 5538 427953 425486 2867 6584 4890 4761 4019 3522 3763 3275 4254 7865 3722 5941 3687 4348 431587 3592 3592 4446 4286 421317 15010 
44800 66648 3475 141832 5377 5658 426940 424346 2873 6640 4955 4766 4169 3440 3755 3181 4305 8214 3853 5908 3693 4395 430596 3594 3594 4470 4284 420405 15042 
44900 64389 3444 139609 5302 5648 425515 423051 2856 6573 4913 4708 4158 3315 3753 3142 4283 7887 3789 5921 3694 4346 429307 3592 3592 4470 4389 419130 14919 
45000 61878 3467 138825 5520 5634 422153 419832 2511 6549 4847 4697 4397 3342 3674 3138 4210 7666 3799 5964 3656 4286 425976 3591 3591 4590 4259 415723 14895 
45100 59322 3446 137556 5412 5584 422765 420195 2166 6580 4876 4648 4292 3296 3670 3139 4179 7628 3788 5649 3636 4228 426315 3589 3589 4600 4238 416962 14801 
45200 60266 3434 137695 5402 5605 422630 420414 2255 6683 4912 4630 4295 3299 3649 3178 4211 7623 3811 5644 3633 4205 426497 3590 3590 4491 4206 417483 14811 
45300 60965 3402 137692 5451 5581 421246 418999 2248 7160 4935 4679 4292 3194 3689 3141 4196 7257 3585 5625 3689 4222 425049 3581 3581 4525 4205 415602 14821 
45400 62694 3407 138318 5455 5583 424764 422404 2284 7243 5164 4824 4322 3272 3703 3161 4243 7192 3579 5754 3695 4392 428451 3589 3589 4631 4280 419227 14852 
45500 61941 3437 138148 5376 5562 424143 421711 2271 7273 5126 4823 4206 3295 3645 3075 4225 7130 3619 5766 3724 4373 427767 3591 3591 4659 4277 419030 14844 
45600 60904 3336 137957 5419 5552 423100 420519 2196 7163 4962 4974 4200 3323 3659 3079 4215 7144 3635 5834 3735 4344 426531 3594 3594 4657 4262 418468 14812 
45700 62306 3859 137268 5384 5560 425369 422721 2201 7174 5039 4968 4109 3326 3649 3111 4219 7245 3709 5799 3757 4316 428711 3595 3595 4635 4258 420362 14842 
45800 61556 3853 137086 5400 5565 424760 422017 2251 7502 5040 4956 3990 3319 3678 3108 4224 6929 3723 5827 3845 4283 427992 3593 3593 4651 4246 419342 14860 
45900 62572 4069 136559 5426 5574 424326 421487 2609 7334 4854 4957 3980 3353 3674 3117 4243 6538 3702 5719 3831 4239 427429 3589 3589 4570 4251 419073 14870 
46000 64145 4166 136275 5433 5615 426493 423956 2780 7143 4848 4914 4001 3331 3604 3120 4449 6517 3748 5755 4062 4261 429868 3594 3594 4596 4345 421417 14898 
46100 65853 3617 135530 5391 5597 429305 426349 2761 7104 4843 4756 4010 3324 3717 3083 4477 6277 3731 5785 4031 4254 432225 3592 3592 4618 4368 424929 14860 
46200 66839 3634 135416 5394 5604 430472 427476 2681 6923 4854 4754 4002 3289 3739 3022 4484 6256 3686 5833 3945 4266 433378 3592 3592 4615 4355 426189 14831 
46300 67512 3655 135218 5330 5708 428910 426472 2671 6910 4867 4736 4007 3280 3741 3035 4774 6247 3695 5742 3942 4262 432380 3590 3590 4629 4449 425413 14821 
46400 66329 3666 134535 5392 5837 427528 425071 2669 6856 4804 4716 4017 3294 3739 3061 4788 6427 3726 5715 3925 4195 430979 3589 3589 4569 4375 424123 14826 
46500 64680 3660 134624 5423 5906 426376 423743 2652 6745 4884 4712 4034 3375 3918 3027 4810 5947 3740 5786 3937 4159 429663 3590 3590 4618 4425 423109 14792 
46600 64041 3607 134717 5459 5959 426005 423451 2534 6892 4831 4723 3997 3689 3770 3069 4892 5691 3676 5834 4227 4184 429329 3596 3596 4589 4443 422682 14824 
46700 65038 3595 134730 5451 5978 425324 423103 2870 6923 4801 4704 4008 3704 3904 3067 5049 5650 3666 5829 4111 4199 428978 3596 3596 4623 4533 422721 14819 
46800 66637 3398 134673 5455 5982 424129 421889 2873 6949 4850 4736 3980 3714 3978 3093 5135 5484 3597 5816 4185 4186 427773 3595 3595 4810 4604 421454 14836 
46900 65291 3385 134350 5424 5936 423256 420880 2825 6804 4855 4753 4001 3691 3983 3071 5170 5514 3537 5800 4213 4330 426758 3592 3592 4837 4641 420074 14803 
47000 66244 3301 133676 5398 5977 424192 421920 2615 6760 4847 4732 4005 3704 3900 3069 5074 5676 3548 5782 4195 4283 427830 3592 3592 4747 4743 421453 14805 
47100 68269 3299 133651 5394 5944 426073 423831 2620 6865 4881 4728 4049 3718 3835 3048 5126 5639 3682 5786 4180 4492 429717 3594 3594 4785 4633 423460 14865 
47200 68056 3194 134154 5382 5972 426131 424026 2522 7177 5081 4755 4052 3853 4083 3131 5141 5732 3603 5776 4166 4506 429942 3595 3595 4662 4614 424009 14904 
47300 67136 3189 134427 5372 5996 424658 422565 2868 7081 5065 4765 4147 3886 4073 3148 5133 5781 3603 5774 4170 4523 428435 3593 3593 4647 4527 422846 14884 
47400 65160 3238 134552 5347 5978 423279 420973 2778 7057 5061 4786 4215 3682 4071 3126 5146 5776 3633 5719 4118 4477 427005 3595 3595 4672 4491 421876 14918 
47500 64106 3387 134633 5428 5888 422961 420745 2590 7166 5208 4885 4232 3706 4060 3089 5130 5755 3827 5789 4168 4466 426721 3595 3595 4661 4497 421582 14889 
47600 63153 3387 133229 5424 5805 423665 421107 2454 7074 5098 4920 4215 3557 4027 3018 5147 5745 3971 5795 4700 4340 426989 3597 3597 4594 4489 421553 14921 
47700 62531 3381 133205 5423 5792 423750 421234 2365 7058 5067 4943 4228 3535 4027 3021 5179 5694 3950 5676 4407 4343 427215 3597 3597 4623 4466 422014 14921 
47800 62104 3369 132862 5431 5804 424527 422112 2388 7048 5064 4912 4258 3653 4031 3037 5223 5697 3800 5711 4409 4376 428169 3595 3595 4634 4331 422880 14933 
47900 61738 3184 132675 5400 5830 423688 421310 2395 7047 5030 4843 4193 3692 4068 3026 5089 5538 3849 5697 4431 4445 427368 3596 3596 4650 4482 422411 14964 
48000 59009 3180 131992 5373 5809 422409 419680 2216 7231 5150 4832 4380 3641 4031 3045 4990 5759 3907 5745 4392 4333 425685 3594 3594 4569 4348 420985 14945 
48100 59235 3214 131772 5374 5844 421867 419365 2211 7252 5139 4832 4395 3680 4030 3007 5022 5759 3948 5698 4304 4329 425370 3593 3593 4540 4308 421414 14955 
48200 61016 3202 131025 5359 5862 423990 421339 2193 7254 5147 4838 4395 3664 4043 3019 5042 5959 3936 5622 4296 4301 427224 3592 3592 4545 4334 423528 15002 
48300 61123 3223 131109 5366 5918 423905 421263 2191 7278 5165 4991 4376 3658 4055 3007 5012 6220 4024 5630 4250 4332 427208 3592 3592 4546 4302 423492 15005 
48400 63385 3208 130805 5353 5922 426600 423885 2232 7205 5177 4971 4662 3609 4003 3014 4981 6177 3961 5631 4263 4307 429849 3593 3593 4549 4305 426392 15018 
48500 62855 3226 130624 5411 5941 425544 422802 2296 7122 5185 4932 4633 3577 3986 3038 4814 6040 4096 5640 4310 4195 428760 3594 3594 4557 4377 425297 14970 
48600 61193 3261 130755 5420 5884 424095 421506 2275 7128 5100 4994 4554 3588 3992 3078 4859 5994 4094 5721 4328 4180 427469 3594 3594 4564 4262 424093 15030 
48700 62885 3241 130729 5694 6173 426501 423867 2294 7072 5004 4944 4570 3579 4003 3079 4884 5963 4105 5732 4160 4187 429821 3594 3594 4548 4266 426592 15094 
48800 63578 3229 130393 5706 6161 427092 424468 2311 7085 5012 4923 4477 3598 4013 3156 4953 5946 4175 5691 4340 4236 430449 3591 3591 4552 4260 427196 15129 
48900 65917 3238 131908 5743 6001 428132 425602 2398 7174 5043 4956 4487 3666 4122 3200 5080 5885 4219 5784 4489 4303 431694 3594 3594 4849 4280 428399 15173 
49000 63419 3302 132880 5845 6136 426063 423423 2507 7275 5170 5054 4373 4062 4096 3197 5163 6127 4247 6036 4385 4292 429541 3591 3591 4808 4297 426351 15216 
49100 64337 3318 132085 5763 6145 427414 425071 2503 7250 5195 5298 4367 4049 4066 3175 5160 6264 4275 6027 4419 4280 431122 3596 3596 4760 4325 428094 15255 
49200 64803 3317 131752 5751 6087 425639 423451 2583 7234 5191 5165 4382 4035 4084 3152 5203 6142 4286 5992 4389 4266 429539 3599 3599 4886 4561 426444 15270 
49300 67058 3290 131710 5755 6120 427124 424865 2680 7244 5199 5224 4381 4041 4046 3125 5201 6145 4268 5969 4398 4157 430973 3594 3594 4853 4630 427780 15274 
49400 67769 3312 131348 5947 6274 428066 425995 2606 7505 5182 5241 4320 3894 4097 3240 5353 6095 4254 5895 4624 4346 432077 3594 3594 4859 4641 428938 15267 
49500 68132 3349 131400 5952 6307 429440 427271 2630 7270 5167 5228 4332 3942 3960 3220 5413 6129 4132 5923 4634 4370 433342 3597 3597 5092 4624 430147 15355 
49600 65423 3371 131112 5934 6273 426194 423854 2611 7242 5162 5093 4376 3967 3929 3206 5630 6095 4149 5870 4650 4577 429949 3592 3592 4899 4482 426535 15270 
49700 63216 3358 130296 5869 6261 424552 422118 2606 7144 5192 4945 4839 3921 3876 3242 5609 5971 4032 5968 4497 4574 428158 3592 3592 4829 4508 424260 15215 
49800 64574 3372 129560 5913 6308 427383 424504 2575 7142 5124 4893 4757 3927 3916 3186 5482 5919 4032 5901 4496 4568 430533 3593 3593 4787 4503 426640 15210 
49900 64683 3611 129773 6191 6398 426702 424011 2571 7140 5156 5061 4868 3948 3937 3110 5368 6020 4234 5965 4483 4608 430014 3594 3594 4966 4499 425270 15186 
50000 64794 3614 129473 6162 6440 426999 424171 2558 7266 5164 5030 4837 3870 3944 3090 5391 6001 4214 5998 4358 4572 430181 3595 3595 4978 4569 425977 15233 
