# Avida Dominant Data
# Mon Jan 16 14:17:48 2017
#  1: Update
#  2: Average Merit of the Dominant Genotype
#  3: Average Gestation Time of the Dominant Genotype
#  4: Average Fitness of the Dominant Genotype
#  5: Repro Rate?
#  6: Size of Dominant Genotype
#  7: Copied Size of Dominant Genotype
#  8: Executed Size of Dominant Genotype
#  9: Abundance of Dominant Genotype
# 10: Number of Births
# 11: Number of Dominant Breed True?
# 12: Dominant Gene Depth
# 13: Dominant Breed In
# 14: Max Fitness?
# 15: Genotype ID of Dominant Genotype
# 16: Name of the Dominant Genotype

0 0 0 0 0 100 0 0 1 0 0 0 0 2.22507e-308 1 100-aaaaa 
100 0 0 0 0 100 0 0 1 0 0 0 0 2.22507e-308 1 100-aaaaa 
200 0 0 0 0 100 0 0 1 0 0 0 0 2.22507e-308 1 100-aaaaa 
300 0 0 0 0 100 0 0 1 0 0 0 0 2.22507e-308 1 100-aaaaa 
400 97 389 0.249357 0.00257069 100 100 0 2 0 0 0 0 0.249357 1 100-aaaaa 
500 97 389 0.249357 0.00257069 100 100 0 2 0 0 0 0 0.249357 1 100-aaaaa 
600 97 389 0.249357 0.00257069 100 100 0 2 0 0 0 0 0.249357 1 100-aaaaa 
700 97 389 0.249357 0.00257069 100 100 0 2 0 0 0 0 0.249357 1 100-aaaaa 
800 97 389 0.249357 0.00257069 100 100 0 3 0 0 0 0 0.249357 1 100-aaaaa 
900 97 389 0.249357 0.00257069 100 100 0 3 0 0 0 0 0.249357 1 100-aaaaa 
1000 97 389 0.249357 0.00257069 100 100 0 3 0 0 0 0 0.249357 1 100-aaaaa 
1100 97 389 0.249357 0.00257069 100 100 0 3 0 0 0 0 0.249357 1 100-aaaaa 
1200 97 389 0.249357 0.00257069 100 100 0 5 0 0 0 0 0.249357 1 100-aaaaa 
1300 97 389 0.249357 0.00257069 100 100 0 5 0 0 0 0 0.249357 1 100-aaaaa 
1400 97 389 0.249357 0.00257069 100 100 0 5 0 0 0 0 0.249357 1 100-aaaaa 
1500 97 389 0.249357 0.00257069 100 100 0 5 0 0 0 0 0.249357 1 100-aaaaa 
1600 97 389 0.249357 0.00257069 100 100 0 6 0 0 0 0 0.249357 1 100-aaaaa 
1700 97 389 0.249357 0.00257069 100 100 0 7 0 0 0 0 0.249357 1 100-aaaaa 
1800 97 389 0.249357 0.00257069 100 100 0 7 0 0 0 0 0.249357 1 100-aaaaa 
1900 97 389 0.249357 0.00257069 100 100 0 7 0 0 0 0 0.249357 1 100-aaaaa 
2000 97 389 0.249357 0.00257069 100 100 0 6 0 0 0 0 0.249357 1 100-aaaaa 
2100 97 389 0.249357 0.00257069 100 100 0 6 0 0 0 0 0.249357 1 100-aaaaa 
2200 97 389 0.249357 0.00257069 100 100 0 6 0 0 0 0 0.249357 1 100-aaaaa 
2300 97 389 0.249357 0.00257069 100 100 0 6 0 0 0 0 0.249357 1 100-aaaaa 
2400 97 389 0.249357 0.00257069 100 100 0 7 0 0 0 0 0.249357 1 100-aaaaa 
2500 97 389 0.249357 0.00257069 100 100 0 7 0 0 0 0 0.249357 1 100-aaaaa 
2600 97 389 0.249357 0.00257069 100 100 0 7 0 0 0 0 0.249357 1 100-aaaaa 
2700 97 389 0.249357 0.00257069 100 100 0 8 0 0 0 0 0.249357 1 100-aaaaa 
2800 97 389 0.249357 0.00257069 100 100 0 7 0 0 0 0 0.249357 1 100-aaaaa 
2900 97 389 0.249357 0.00257069 100 100 0 7 0 0 0 0 0.249357 1 100-aaaaa 
3000 97 389 0.249357 0.00257069 100 100 0 7 0 0 0 0 0.249357 1 100-aaaaa 
3100 97 389 0.249357 0.00257069 100 100 0 6 0 0 0 0 0.249357 1 100-aaaaa 
3200 97 389 0.249357 0.00257069 100 100 0 8 0 0 0 0 0.249357 1 100-aaaaa 
3300 97 389 0.249357 0.00257069 100 100 0 8 0 0 0 0 0.249357 1 100-aaaaa 
3400 97 389 0.249357 0.00257069 100 100 0 8 0 0 0 0 0.249357 1 100-aaaaa 
3500 97 389 0.249357 0.00257069 100 100 0 8 0 0 0 0 0.249357 1 100-aaaaa 
3600 97 389 0.249357 0.00257069 100 100 0 8 0 0 0 0 0.249357 1 100-aaaaa 
3700 97 389 0.249357 0.00257069 100 100 0 7 0 0 0 0 0.249357 1 100-aaaaa 
3800 97 389 0.249357 0.00257069 100 100 0 7 0 0 0 0 0.249357 1 100-aaaaa 
3900 97 389 0.249357 0.00257069 100 100 0 6 0 0 0 0 0.249357 1 100-aaaaa 
4000 97 389 0.249357 0.00257069 100 100 0 7 0 0 0 0 0.249357 1 100-aaaaa 
4100 97 389 0.249357 0.00257069 100 100 0 7 0 0 0 0 0.249357 1 100-aaaaa 
4200 97 389 0.249357 0.00257069 100 100 0 7 0 0 0 0 0.249357 1 100-aaaaa 
4300 97 386 0.251295 0.00259067 100 100 0 8 0 0 3 0 0.251295 27 100-aaaag 
4400 97 386 0.251295 0.00259067 100 100 0 8 0 0 3 0 0.251295 27 100-aaaag 
4500 97 386 0.251295 0.00259067 100 100 0 8 0 0 3 0 0.251295 27 100-aaaag 
4600 97 386 0.251295 0.00259067 100 100 0 5 0 0 3 0 0.251295 27 100-aaaag 
4700 97 384 0.252604 0.00260417 100 100 0 5 0 0 2 0 0.252604 40 100-aaaae 
4800 98 390 0.251282 0.0025641 101 101 0 5 0 0 2 0 0.251282 83 101-aaaac 
4900 98 390 0.251282 0.0025641 101 101 0 5 0 0 2 0 0.251282 83 101-aaaac 
5000 97 384 0.252604 0.00260417 100 100 0 5 0 0 2 0 0.252604 40 100-aaaae 
5100 97 387 0.250646 0.00258398 100 100 0 5 0 0 1 0 0.250646 38 100-aaaaf 
5200 97 384 0.252604 0.00260417 100 100 0 6 0 0 2 0 0.252604 40 100-aaaae 
5300 97 384 0.252604 0.00260417 100 100 0 6 0 0 2 0 0.252604 40 100-aaaae 
5400 97 384 0.252604 0.00260417 100 100 0 7 0 0 2 0 0.252604 40 100-aaaae 
5500 97 384 0.252604 0.00260417 100 100 0 7 1 0 2 0 0.252604 40 100-aaaae 
5600 97 384 0.252604 0.00260417 100 100 0 7 0 0 2 0 0.252604 40 100-aaaae 
5700 97 384 0.252604 0.00260417 100 100 0 7 0 0 2 0 0.252604 40 100-aaaae 
5800 97 384 0.252604 0.00260417 100 100 0 7 0 0 2 0 0.252604 40 100-aaaae 
5900 97 384 0.252604 0.00260417 100 100 0 6 0 0 2 0 0.252604 40 100-aaaae 
6000 97 384 0.252604 0.00260417 100 100 0 6 0 0 2 0 0.252604 40 100-aaaae 
6100 97 384 0.252604 0.00260417 100 100 0 6 0 0 2 0 0.252604 40 100-aaaae 
6200 97 387 0.250646 0.00258398 100 100 0 6 0 0 1 0 0.250646 38 100-aaaaf 
6300 97 387 0.250646 0.00258398 100 100 0 6 0 0 1 0 0.250646 38 100-aaaaf 
6400 97 387 0.250646 0.00258398 100 100 0 6 0 0 1 0 0.250646 38 100-aaaaf 
6500 97 387 0.250646 0.00258398 100 100 0 6 0 0 1 0 0.250646 38 100-aaaaf 
6600 97 384 0.252604 0.00260417 100 100 0 7 0 0 8 0 0.252604 433 100-aaaay 
6700 97 384 0.252604 0.00260417 100 100 0 8 0 0 8 0 0.252604 433 100-aaaay 
6800 97 384 0.252604 0.00260417 100 100 0 8 0 0 8 0 0.252604 433 100-aaaay 
6900 97 384 0.252604 0.00260417 100 100 0 8 0 0 8 0 0.252604 433 100-aaaay 
7000 97 384 0.252604 0.00260417 100 100 0 6 0 0 8 0 0.252604 433 100-aaaay 
7100 97 384 0.252604 0.00260417 100 100 0 6 0 0 8 0 0.252604 433 100-aaaay 
7200 97 384 0.252604 0.00260417 100 100 0 6 0 0 8 0 0.252604 433 100-aaaay 
7300 97 384 0.252604 0.00260417 100 100 0 6 0 0 8 0 0.252604 433 100-aaaay 
7400 97 384 0.252604 0.00260417 100 100 0 7 0 0 8 0 0.252604 433 100-aaaay 
7500 97 389 0.249357 0.00257069 100 100 0 8 0 0 1 0 0.249357 255 100-aaaau 
7600 97 389 0.249357 0.00257069 100 100 0 8 0 0 1 0 0.249357 255 100-aaaau 
7700 97 389 0.249357 0.00257069 100 100 0 8 0 0 1 0 0.249357 255 100-aaaau 
7800 97 389 0.249357 0.00257069 100 100 0 8 0 0 1 0 0.249357 255 100-aaaau 
7900 97 389 0.249357 0.00257069 100 100 0 8 0 0 1 0 0.249357 255 100-aaaau 
8000 21016.9 376 55.8959 0.00265957 100 100 0 9 0 0 3 0 58.7447 1405 100-aaacj 
8100 113 448 0.252232 0.00223214 116 116 0 8 0 0 10 0 0.252232 898 116-aaaaa 
8200 113 448 0.252232 0.00223214 116 116 0 10 0 0 10 0 0.252232 898 116-aaaaa 
8300 113 448 0.252232 0.00223214 116 116 0 10 0 0 10 0 0.252232 898 116-aaaaa 
8400 113 448 0.252232 0.00223214 116 116 0 10 0 0 10 0 0.252232 898 116-aaaaa 
8500 113 448 0.252232 0.00223214 116 116 0 10 0 0 10 0 0.252232 898 116-aaaaa 
8600 113 448 0.252232 0.00223214 116 116 0 10 0 0 10 0 0.252232 898 116-aaaaa 
8700 113 448 0.252232 0.00223214 116 116 0 10 0 0 10 0 0.252232 898 116-aaaaa 
8800 113 448 0.252232 0.00223214 116 116 0 10 0 0 10 0 0.252232 898 116-aaaaa 
8900 113 448 0.252232 0.00223214 116 116 0 12 0 0 10 0 0.252232 898 116-aaaaa 
9000 113 448 0.252232 0.00223214 116 116 0 11 0 0 10 0 0.252232 898 116-aaaaa 
9100 113 448 0.252232 0.00223214 116 116 0 11 0 0 10 0 0.252232 898 116-aaaaa 
9200 113 448 0.252232 0.00223214 116 116 0 11 0 0 10 0 0.252232 898 116-aaaaa 
9300 113 448 0.252232 0.00223214 116 116 0 11 0 0 10 0 0.252232 898 116-aaaaa 
9400 113 448 0.252232 0.00223214 116 116 0 11 0 0 10 0 0.252232 898 116-aaaaa 
9500 113 448 0.252232 0.00223214 116 116 0 11 0 0 10 0 0.252232 898 116-aaaaa 
9600 113 448 0.252232 0.00223214 116 116 0 11 0 0 10 0 0.252232 898 116-aaaaa 
9700 113 448 0.252232 0.00223214 116 116 0 11 0 0 10 0 0.252232 898 116-aaaaa 
9800 113 448 0.252232 0.00223214 116 116 0 11 0 0 10 0 0.252232 898 116-aaaaa 
9900 113 448 0.252232 0.00223214 116 116 0 11 0 0 10 0 0.252232 898 116-aaaaa 
10000 113 448 0.252232 0.00223214 116 116 0 11 0 0 10 0 0.252232 898 116-aaaaa 
10100 113 448 0.252232 0.00223214 116 116 0 11 0 0 10 0 0.252232 898 116-aaaaa 
10200 113 448 0.252232 0.00223214 116 116 0 11 0 0 10 0 0.252232 898 116-aaaaa 
10300 113 448 0.252232 0.00223214 116 116 0 9 0 0 10 0 0.252232 898 116-aaaaa 
10400 93 374 0.248663 0.0026738 99 99 0 7 0 0 7 0 0.248663 930 099-aaaar 
10500 93 374 0.248663 0.0026738 99 99 0 7 0 0 7 0 0.248663 930 099-aaaar 
10600 28386.8 394 72.0476 0.00253807 107 107.059 0 8 0 0 20 0 96.066 3690 107-aaaag 
10700 93 374 0.248663 0.0026738 99 99 0 7 0 0 7 0 0.248663 930 099-aaaar 
10800 33381.2 394 84.724 0.00253807 107 107.028 0 9 0 0 20 0 96.066 3690 107-aaaag 
10900 93 374 0.248663 0.0026738 99 99 0 7 0 0 7 0 0.248663 930 099-aaaar 
11000 30353.8 401 75.6953 0.00249377 109 108.885 0 9 0 0 23 0 96.2768 3759 109-aaaaj 
11100 29901.8 401 74.5681 0.00249377 109 108.897 0 9 0 0 23 0 96.2768 3759 109-aaaaj 
11200 30312.2 401 75.5916 0.00249377 109 108.914 0 11 0 0 23 0 96.2768 3759 109-aaaaj 
11300 31855.4 401 79.44 0.00249377 109 108.93 0 8 0 0 23 0 96.2768 3759 109-aaaaj 
11400 93 374 0.248663 0.0026738 99 99 0 7 0 0 7 0 0.248663 930 099-aaaar 
11500 93 374 0.248663 0.0026738 99 99 0 7 0 0 7 0 0.248663 930 099-aaaar 
11600 93 374 0.248663 0.0026738 99 99 0 7 0 0 7 0 0.248663 930 099-aaaar 
11700 93 374 0.248663 0.0026738 99 99 0 7 0 0 7 0 0.248663 930 099-aaaar 
11800 31979.1 395 80.9598 0.00253165 108 108 0 7 0 0 23 0 96.781 3895 108-aaabn 
11900 93 374 0.248663 0.0026738 99 99 0 7 0 0 7 0 0.248663 930 099-aaaar 
12000 93 374 0.248663 0.0026738 99 99 0 7 0 0 7 0 0.248663 930 099-aaaar 
12100 93 374 0.248663 0.0026738 99 99 0 7 0 0 7 0 0.248663 930 099-aaaar 
12200 30302.5 395 76.7151 0.00253165 108 108 0 8 0 0 23 0 96.781 3895 108-aaabn 
12300 30302.5 395 76.7151 0.00253165 108 108 0 8 0 0 23 0 96.781 3895 108-aaabn 
12400 31458.3 395 79.6414 0.00253165 108 108 0 9 0 0 23 0 96.781 3895 108-aaabn 
12500 31229.2 395 79.0613 0.00253165 108 108 0 7 0 0 23 0 96.781 3895 108-aaabn 
12600 30957 400 77.3925 0.0025 109 109 0 10 0 0 24 0 96.5175 4330 109-aaaau 
12700 30957 400 77.3925 0.0025 109 109 0 9 0 0 24 0 96.5175 4330 109-aaaau 
12800 31562.5 395 79.9051 0.00253165 108 108 0 10 0 0 23 0 96.781 3895 108-aaabn 
12900 31562.5 395 79.9051 0.00253165 108 108 0 10 0 0 23 0 96.781 3895 108-aaabn 
13000 31345.9 397 78.9569 0.00251889 108 107.857 0 8 0 0 30 0 94.3866 4779 108-aaacu 
13100 29984.6 397 75.528 0.00251889 108 107.889 0 10 0 0 30 0 94.3866 4779 108-aaacu 
13200 29984.6 397 75.528 0.00251889 108 107.889 0 10 0 0 30 0 94.3866 4779 108-aaacu 
13300 29984.6 397 75.528 0.00251889 108 107.889 0 10 0 0 30 0 94.3866 4779 108-aaacu 
13400 31612.2 397 79.6277 0.00251889 108 107.913 0 10 0 0 30 0 94.3866 4779 108-aaacu 
13500 31612.2 397 79.6277 0.00251889 108 107.913 0 10 0 0 30 0 94.3866 4779 108-aaacu 
13600 30566.2 397 76.9931 0.00251889 108 107.927 0 11 0 0 30 0 94.3866 4779 108-aaacu 
13700 30470.8 397 76.7526 0.00251889 108 107.929 0 10 0 0 30 0 94.3866 4779 108-aaacu 
13800 30470.8 397 76.7526 0.00251889 108 107.929 0 9 0 0 30 0 94.3866 4779 108-aaacu 
13900 31044.6 397 78.198 0.00251889 108 107.934 0 8 0 0 30 0 94.3866 4779 108-aaacu 
14000 31345.9 397 78.9569 0.00251889 108 107.938 0 8 0 0 30 0 94.3866 4779 108-aaacu 
14100 38228.5 395 96.781 0.00253165 108 108 0 7 0 0 24 0 96.781 6509 108-aaaep 
14200 93 374 0.248663 0.0026738 99 99 0 7 0 0 7 0 0.248663 930 099-aaaar 
14300 93 374 0.248663 0.0026738 99 99 0 7 0 0 7 0 0.248663 930 099-aaaar 
14400 42543.1 395 107.704 0.00253165 107 107 0 7 0 0 26 0 129.063 5277 107-aaacc 
14500 33147.5 389 85.2122 0.00257069 106 106 0 7 0 0 31 0 96.3278 5841 106-aaaap 
14600 34478.9 395 87.2883 0.00253165 108 108 0 9 0 0 24 0 96.781 6509 108-aaaep 
14700 34478.9 395 87.2883 0.00253165 108 108 0 9 0 0 24 0 96.781 6509 108-aaaep 
14800 31707.4 395 80.2719 0.00253165 108 108 0 11 1 1 24 0 96.781 6509 108-aaaep 
14900 32673.5 395 82.7177 0.00253165 108 108 0 12 0 0 24 0 96.781 6509 108-aaaep 
15000 32673.5 395 82.7177 0.00253165 108 108 0 12 0 0 24 0 96.781 6509 108-aaaep 
15100 31411 395 79.5215 0.00253165 108 108 0 11 0 0 24 0 96.781 6509 108-aaaep 
15200 31411 395 79.5215 0.00253165 108 108 0 11 0 0 24 0 96.781 6509 108-aaaep 
15300 31411 395 79.5215 0.00253165 108 108 0 11 0 0 24 0 96.781 6509 108-aaaep 
15400 31411 395 79.5215 0.00253165 108 108 0 10 0 0 24 0 96.781 6509 108-aaaep 
15500 32148 395 81.3874 0.00253165 108 108 0 11 0 0 24 0 96.781 6509 108-aaaep 
15600 32741.2 395 82.8892 0.00253165 108 108 0 12 0 0 24 0 96.781 6509 108-aaaep 
15700 32741.2 395 82.8892 0.00253165 108 108 0 11 0 0 24 0 96.781 6509 108-aaaep 
15800 32250.8 395 81.6477 0.00253165 108 108 0 13 0 0 24 0 96.781 6509 108-aaaep 
15900 32616.8 395 82.5742 0.00253165 108 108 0 13 0 0 24 0 96.781 6509 108-aaaep 
16000 32616.8 395 82.5742 0.00253165 108 108 0 13 0 0 24 0 96.781 6509 108-aaaep 
16100 32479.1 395 82.2255 0.00253165 108 108 0 12 0 0 24 0 96.781 6509 108-aaaep 
16200 31979.1 395 80.9598 0.00253165 108 108 0 10 0 0 24 0 96.781 6509 108-aaaep 
16300 31650.2 395 80.1271 0.00253165 108 108 0 8 0 0 24 0 96.781 6509 108-aaaep 
16400 31650.2 395 80.1271 0.00253165 108 108 0 8 0 0 24 0 96.781 6509 108-aaaep 
16500 34539.8 388 89.0202 0.00257732 107 107 0 9 0 0 34 0 95.6005 7577 107-aaafu 
16600 31771.8 388 81.886 0.00257732 108 108 0 9 0 0 27 0 94.625 8122 108-aaagr 
16700 32513.2 388 83.7969 0.00257732 108 108 0 10 0 0 27 0 94.625 8122 108-aaagr 
16800 32513.2 388 83.7969 0.00257732 108 108 0 10 0 0 27 0 94.625 8122 108-aaagr 
16900 32513.2 388 83.7969 0.00257732 108 108 0 8 0 0 27 0 94.625 8122 108-aaagr 
17000 33482.7 388 86.2957 0.00257732 108 108 0 10 0 0 27 0 94.625 8122 108-aaagr 
17100 33602.4 388 86.6042 0.00257732 108 108 0 10 0 0 27 0 94.625 8122 108-aaagr 
17200 33602.4 388 86.6042 0.00257732 108 108 0 10 0 0 27 0 94.625 8122 108-aaagr 
17300 48547.1 385 126.096 0.0025974 106 106 0 10 0 0 41 0 194.079 9737 106-aaacb 
17400 48547.1 385 126.096 0.0025974 106 106 0 9 0 0 41 0 194.079 9737 106-aaacb 
17500 46919.3 385 121.868 0.0025974 106 106 0 8 1 0 41 0 194.079 9737 106-aaacb 
17600 48905.1 385 127.026 0.0025974 106 106 0 9 0 0 41 0 289.543 9737 106-aaacb 
17700 55060.9 385 143.015 0.0025974 106 106 0 11 0 0 32 0 286.618 9842 106-aaaby 
17800 57153.8 393 145.429 0.00254453 107 107 0 9 0 0 26 0 257.254 6604 107-aaaem 
17900 45667.3 385 118.616 0.0025974 106 106 0 9 0 0 41 0 289.543 9737 106-aaacb 
18000 45667.3 385 118.616 0.0025974 106 106 0 9 0 0 41 0 289.543 9737 106-aaacb 
18100 46906.6 385 121.835 0.0025974 106 106 0 10 1 1 41 0 289.543 9737 106-aaacb 
18200 48992.6 385 127.254 0.0025974 106 106 0 11 0 0 41 0 289.543 9737 106-aaacb 
18300 49078.1 385 127.476 0.0025974 106 106 0 10 0 0 41 0 289.543 9737 106-aaacb 
18400 34756.2 395 87.9905 0.00253165 108 108 0 10 0 0 25 0 158.481 9010 108-aaahh 
18500 34756.2 395 87.9905 0.00253165 108 108 0 9 0 0 25 0 158.481 9010 108-aaahh 
18600 34756.2 395 87.9905 0.00253165 108 108 0 9 0 0 25 0 158.481 9010 108-aaahh 
18700 74918.4 388 193.089 0.00257732 107 107 0 9 0 0 31 0 322.423 13621 107-aaalp 
18800 34257.3 395 86.7272 0.00253165 108 108 0 11 1 0 25 0 158.481 9010 108-aaahh 
18900 32833.1 395 83.1218 0.00253165 108 108 0 13 0 0 25 0 158.481 9010 108-aaahh 
19000 32833.1 395 83.1218 0.00253165 108 108 0 12 0 0 25 0 158.481 9010 108-aaahh 
19100 33616.4 395 85.1049 0.00253165 108 108 0 12 0 0 25 0 158.481 9010 108-aaahh 
19200 33616.4 395 85.1049 0.00253165 108 108 0 11 0 0 25 0 158.481 9010 108-aaahh 
19300 33616.4 395 85.1049 0.00253165 108 108 0 11 0 0 25 0 158.481 9010 108-aaahh 
19400 33209.4 395 84.0744 0.00253165 108 108 0 10 0 0 25 0 158.481 9010 108-aaahh 
19500 33020.7 395 83.5968 0.00253165 108 108 0 9 0 0 25 0 158.481 9010 108-aaahh 
19600 139296 436.952 317.206 0.002291 107 107 0 8 0 0 29 0 486.321 12101 107-aaajs 
19700 48802.7 395 123.551 0.00253165 109 109 0 8 0 0 33 0 228.425 13434 109-aaaek 
19800 47480.1 394 120.508 0.00253807 108 108 0 8 0 0 26 0 129.39 13166 108-aaakd 
19900 42043 392 107.252 0.00255102 107 107 0 8 0 0 35 0 127.475 10941 107-aaajb 
20000 42269.5 392 107.83 0.00255102 107 107 0 8 0 0 35 0 127.475 10941 107-aaajb 
20100 41361.3 392 105.513 0.00255102 107 107 0 9 0 0 35 0 127.475 10941 107-aaajb 
20200 40113.8 379 105.841 0.00263852 106 106 0 9 0 0 39 0 126.52 15341 106-aaafj 
20300 47571 394 120.739 0.00253807 108 108 0 9 0 0 26 0 161.113 13166 108-aaakd 
20400 44388.9 384 115.596 0.00260417 106 106 0 8 0 0 40 0 128.816 11206 106-aaads 
20500 44388.9 384 115.596 0.00260417 106 106 0 8 0 0 40 0 128.816 11206 106-aaads 
20600 32754.4 395 82.9226 0.00253165 108 108 0 9 0 0 25 0 158.481 9010 108-aaahh 
20700 40781.8 392 104.035 0.00255102 107 107 0 8 0 0 35 0 127.475 10941 107-aaajb 
20800 40586.3 392 103.537 0.00255102 107 107 0 9 0 0 35 0 127.475 10941 107-aaajb 
20900 40586.3 392 103.537 0.00255102 107 107 0 9 0 0 35 0 127.475 10941 107-aaajb 
21000 40586.3 392 103.537 0.00255102 107 107 0 9 0 0 35 0 127.475 10941 107-aaajb 
21100 40586.3 392 103.537 0.00255102 107 107 0 9 0 0 35 0 127.475 10941 107-aaajb 
21200 32205.3 395 81.5323 0.00253165 108 108 0 9 0 0 25 0 158.481 9010 108-aaahh 
21300 32487.5 395 82.2468 0.00253165 108 108 0 10 0 0 25 0 158.481 9010 108-aaahh 
21400 48054.5 394 121.966 0.00253807 108 108 0 10 0 0 26 0 161.113 13166 108-aaakd 
21500 48054.5 394 121.966 0.00253807 108 108 0 10 0 0 26 0 161.113 13166 108-aaakd 
21600 48054.5 394 121.966 0.00253807 108 108 0 10 0 0 26 0 161.113 13166 108-aaakd 
21700 48054.5 394 121.966 0.00253807 108 108 0 10 0 0 26 0 161.113 13166 108-aaakd 
21800 48433.7 394 122.928 0.00253807 108 108 0 11 0 0 26 0 161.113 13166 108-aaakd 
21900 48524.6 394 123.159 0.00253807 108 108 0 10 0 0 26 0 161.113 13166 108-aaakd 
22000 48524.6 394 123.159 0.00253807 108 108 0 10 0 0 26 0 161.113 13166 108-aaakd 
22100 48524.6 394 123.159 0.00253807 108 108 0 10 0 0 26 0 161.113 13166 108-aaakd 
22200 48129.2 394 122.155 0.00253807 108 108 0 10 0 0 26 0 161.113 13166 108-aaakd 
22300 48129.2 394 122.155 0.00253807 108 108 0 10 0 0 26 0 161.113 13166 108-aaakd 
22400 48129.2 394 122.155 0.00253807 108 108 0 10 0 0 26 0 161.113 13166 108-aaakd 
22500 48225.8 394 122.4 0.00253807 108 108 0 10 0 0 26 0 161.113 13166 108-aaakd 
22600 1.99812e+06 488 4094.5 0.00204918 106 106 0 11 0 0 53 0 5380.07 24865 106-aaaot 
22700 48480 394 123.046 0.00253807 108 108 0 11 0 0 26 0 161.113 13166 108-aaakd 
22800 48480 394 123.046 0.00253807 108 108 0 9 0 0 26 0 161.113 13166 108-aaakd 
22900 32863.1 395 83.1976 0.00253165 108 108 0 9 0 0 25 0 158.481 9010 108-aaahh 
23000 32863.1 395 83.1976 0.00253165 108 108 0 9 0 0 25 0 158.481 9010 108-aaahh 
23100 32936.4 395 83.3833 0.00253165 108 108 0 9 0 0 25 0 158.481 9010 108-aaahh 
23200 47900.3 394 121.574 0.00253807 108 108 0 9 1 0 26 0 161.113 13166 108-aaakd 
23300 33037.5 395 83.6392 0.00253165 108 108 0 8 0 0 25 0 158.481 9010 108-aaahh 
23400 47384.2 394 120.265 0.00253807 108 108 0 8 0 0 26 0 161.113 13166 108-aaakd 
23500 47384.2 394 120.265 0.00253807 108 108 0 8 0 0 26 0 161.113 13166 108-aaakd 
23600 44416.8 384 115.669 0.00260417 107 107 0 10 1 0 31 0 219 14195 107-aaamj 
23700 44416.8 384 115.669 0.00260417 107 107 0 10 0 0 31 0 219 14195 107-aaamj 
23800 44416.8 384 115.669 0.00260417 107 107 0 10 0 0 31 0 219 14195 107-aaamj 
23900 44416.8 384 115.669 0.00260417 107 107 0 9 0 0 31 0 219 14195 107-aaamj 
24000 44416.8 384 115.669 0.00260417 107 107 0 9 0 0 31 0 219 14195 107-aaamj 
24100 47263.9 394 119.959 0.00253807 108 108 0 9 0 0 26 0 161.113 13166 108-aaakd 
24200 47032.8 394 119.373 0.00253807 108 108 0 9 0 0 26 0 161.113 13166 108-aaakd 
24300 47084 394 119.503 0.00253807 108 108 0 8 0 0 26 0 161.113 13166 108-aaakd 
24400 1.25709e+06 498 2524.28 0.00200803 107 107 0 8 0 0 54 0 5476.87 31030 107-aabbd 
24500 1.25709e+06 498 2524.28 0.00200803 107 107 0 8 0 0 54 0 5476.87 31030 107-aabbd 
24600 1.25709e+06 498 2524.28 0.00200803 107 107 0 8 0 0 54 0 5476.87 31030 107-aabbd 
24700 43364.6 384 112.929 0.00260417 107 107 0 7 0 0 31 0 219 14195 107-aaamj 
24800 35244 391 90.1381 0.00255754 107 107.182 0 7 0 0 26 0 158.501 16778 107-aaaqr 
24900 57921.4 395 146.637 0.00253165 108 108 0 8 0 0 38 0 191.392 19099 108-aaaqv 
25000 57306.5 395 145.08 0.00253165 108 108 0 9 0 0 38 0 191.392 19099 108-aaaqv 
25100 57306.5 395 145.08 0.00253165 108 108 0 9 0 0 38 0 191.392 19099 108-aaaqv 
25200 57306.5 395 145.08 0.00253165 108 108 0 8 0 0 38 0 191.392 19099 108-aaaqv 
25300 57306.5 395 145.08 0.00253165 108 108 0 8 0 0 38 0 191.392 19099 108-aaaqv 
25400 57306.5 395 145.08 0.00253165 108 108 0 8 0 0 38 0 191.392 19099 108-aaaqv 
25500 57306.5 395 145.08 0.00253165 108 108 0 8 0 0 38 0 191.392 19099 108-aaaqv 
25600 57306.5 395 145.08 0.00253165 108 108 0 8 0 0 38 0 191.392 19099 108-aaaqv 
25700 57306.5 395 145.08 0.00253165 108 108 0 7 0 0 38 0 191.392 19099 108-aaaqv 
25800 1.2974e+06 497 2610.47 0.00201207 107 107 0 7 0 0 48 0 5278.87 28813 107-aabdp 
25900 1.2974e+06 497 2610.47 0.00201207 107 107 0 7 0 0 48 0 5278.87 28813 107-aabdp 
26000 1.2974e+06 497 2610.47 0.00201207 107 107 0 7 0 0 48 0 5278.87 28813 107-aabdp 
26100 2.08605e+06 486 4292.28 0.00205761 106 106 0 7 0 0 58 0 5402.47 36489 106-aabae 
26200 1.69708e+06 486 3491.93 0.00205761 106 106 0 8 0 0 58 0 5402.47 36489 106-aabae 
26300 1.69708e+06 486 3491.93 0.00205761 106 106 0 8 0 0 58 0 5402.47 36489 106-aabae 
26400 2.02442e+06 500 4048.84 0.002 107 107 0 7 0 0 54 0 5457.97 32457 107-aabcm 
26500 46669.8 394 118.451 0.00253807 108 108 0 7 0 0 26 0 161.113 13166 108-aaakd 
26600 46434.8 394 117.855 0.00253807 108 108 0 7 0 0 26 0 161.113 13166 108-aaakd 
26700 112905 425 264.238 0.00235506 106 106 0 9 0 0 35 0 495.945 27596 106-aaasn 
26800 112905 425 264.238 0.00235506 106 106 0 9 0 0 35 0 495.945 27596 106-aaasn 
26900 113474 425.37 265.371 0.00235298 106 106 0 8 0 0 35 0 495.945 27596 106-aaasn 
27000 117470 425.138 274.887 0.00235428 106 106 0 8 0 0 35 0 495.945 27596 106-aaasn 
27100 117470 425.138 274.887 0.00235428 106 106 0 8 0 0 35 0 495.945 27596 106-aaasn 
27200 945397 480 1969.58 0.00208333 105 105 0 9 0 0 55 0 5255.13 36643 105-aaahd 
27300 117356 424.167 275.138 0.00235974 106 106 0 8 0 0 35 0 495.945 27596 106-aaasn 
27400 1.24757e+06 498 2505.16 0.00200803 108 108 0 7 0 0 56 0 5426.16 34493 108-aaave 
27500 1.37669e+06 503 2736.96 0.00198807 108 108 0 6 0 0 52 0 5526.81 34469 108-aaavd 
27600 2.03465e+06 488 4169.36 0.00204918 106 106 0 7 0 0 56 0 5105.42 37691 106-aabdr 
27700 1.45222e+06 490 2963.72 0.00204082 106 106 0 7 0 0 56 0 5357.35 39443 106-aabdu 
27800 1.45222e+06 490 2963.72 0.00204082 106 106 0 7 0 0 56 0 5357.35 39443 106-aabdu 
27900 2.56682e+06 508 5052.8 0.0019685 109 109 0 7 1 0 50 0 5471.66 35457 109-aaaji 
28000 2.22012e+06 481 4615.64 0.002079 105 105.2 0 8 0 0 60 0 5352.59 39738 105-aaakd 
28100 1.86402e+06 481 3875.3 0.002079 105 105.136 0 7 0 0 60 0 5352.59 39738 105-aaakd 
28200 1.45222e+06 490 2963.72 0.00204082 106 106 0 6 0 0 56 0 5357.35 39443 106-aabdu 
28300 1.43227e+06 481 2977.69 0.002079 105 105.103 0 8 0 0 60 0 5352.59 39738 105-aaakd 
28400 1.43227e+06 481 2977.69 0.002079 105 105.103 0 8 0 0 60 0 5352.59 39738 105-aaakd 
28500 2.20276e+06 493 4468.07 0.0020284 107 107 0 9 0 0 59 0 5537.5 38483 107-aabjd 
28600 1.94992e+06 493 3955.21 0.0020284 107 107 0 9 0 0 59 0 5537.5 38483 107-aabjd 
28700 1.59351e+06 493 3232.26 0.0020284 107 107 0 7 0 0 59 0 5537.5 38483 107-aabjd 
28800 1.59351e+06 493 3232.26 0.0020284 107 107 0 7 0 0 59 0 5537.5 38483 107-aabjd 
28900 1.59351e+06 493 3232.26 0.0020284 107 107 0 7 0 0 59 0 5537.5 38483 107-aabjd 
29000 1.59351e+06 493 3232.26 0.0020284 107 107 0 7 0 0 59 0 5537.5 38483 107-aabjd 
29100 1.25471e+06 494 2539.89 0.00202429 107 107.077 0 8 1 1 52 0 5314.73 32606 107-aabcu 
29200 1.25471e+06 494 2539.89 0.00202429 107 107.077 0 8 0 0 52 0 5314.73 32606 107-aabcu 
29300 1.25471e+06 494 2539.89 0.00202429 107 107.077 0 7 0 0 52 0 5314.73 32606 107-aabcu 
29400 1.25471e+06 494 2539.89 0.00202429 107 107.077 0 7 0 0 52 0 5314.73 32606 107-aabcu 
29500 1.47962e+06 498 2971.13 0.00200803 108 108 0 6 0 0 56 0 5426.16 34493 108-aaave 
29600 2.12515e+06 482 4409.02 0.00207469 104 104 0 9 1 1 65 0 5385.26 44031 104-aaack 
29700 1.7223e+06 482 3573.24 0.00207469 104 104 0 7 0 0 65 0 5385.26 44031 104-aaack 
29800 1.7223e+06 482 3573.24 0.00207469 104 104 0 7 0 0 65 0 5385.26 44031 104-aaack 
29900 119595 423.857 280.619 0.00236148 106 106 0 7 0 0 35 0 495.945 27596 106-aaasn 
30000 127984 389 329.009 0.00257069 108 108 0 7 0 0 38 0 329.009 41942 108-aaazg 
30100 127984 389 329.009 0.00257069 108 108 0 7 0 0 38 0 329.009 41942 108-aaazg 
30200 127984 389 329.009 0.00257069 108 108 0 7 0 0 38 0 329.009 41942 108-aaazg 
30300 1.35199e+06 488 2770.46 0.00204918 106 106 0 7 0 0 62 0 5434.13 45790 106-aabix 
30400 1.83641e+06 488 3763.14 0.00204918 105 105 0 9 1 1 66 0 5431.05 43994 105-aaamo 
30500 2.02093e+06 488 4141.25 0.00204918 105 105 0 8 0 0 66 0 5431.05 43994 105-aaamo 
30600 1.82982e+06 488 3749.63 0.00204918 105 105 0 9 0 0 66 0 5431.05 43994 105-aaamo 
30700 1.73818e+06 493 3525.71 0.0020284 106 106 0 7 0 0 63 0 5405.9 44379 106-aabhn 
30800 1.69684e+06 488 3477.13 0.00204918 105 105 0 7 0 0 66 0 5431.05 43994 105-aaamo 
30900 1.9583e+06 489 4004.71 0.00204499 106 106 0 7 0 0 63 0 5372.16 47181 106-aabkc 
31000 2.24488e+06 489 4590.76 0.00204499 106 106 0 9 0 0 63 0 5372.16 47181 106-aabkc 
31100 125460 389 322.519 0.00257069 108 108 0 7 0 0 38 0 329.009 41942 108-aaazg 
31200 1.25162e+06 505 2478.45 0.0019802 109 108.75 0 7 0 0 62 0 5454.42 46470 109-aaakh 
31300 1.25162e+06 505 2478.45 0.0019802 109 108.75 0 7 0 0 62 0 5454.42 46470 109-aaakh 
31400 1.24127e+06 505 2457.96 0.0019802 109 108.765 0 8 0 0 62 0 5454.42 46470 109-aaakh 
31500 2.13168e+06 500 4263.36 0.002 108 108 0 10 0 0 60 0 5508.97 44597 108-aaazj 
31600 2.08478e+06 500 4169.56 0.002 108 108 0 12 0 0 60 0 5508.97 44597 108-aaazj 
31700 1.81085e+06 500 3621.7 0.002 108 108 0 9 0 0 60 0 5508.97 44597 108-aaazj 
31800 1.81085e+06 500 3621.7 0.002 108 108 0 8 0 0 60 0 5508.97 44597 108-aaazj 
31900 104610 389 268.919 0.00257069 108 108 0 8 1 1 38 0 329.009 41942 108-aaazg 
32000 1.8787e+06 483 3889.64 0.00207039 105 105 0 8 0 0 71 0 5228.71 50087 105-aaapl 
32100 104610 389 268.919 0.00257069 108 108 0 8 0 0 38 0 329.009 41942 108-aaazg 
32200 102289 389 262.953 0.00257069 108 108 0 8 0 0 38 0 329.009 41942 108-aaazg 
32300 102289 389 262.953 0.00257069 108 108 0 8 0 0 38 0 329.009 41942 108-aaazg 
32400 102289 389 262.953 0.00257069 108 108 0 8 0 0 38 0 329.009 41942 108-aaazg 
32500 102289 389 262.953 0.00257069 108 108 0 8 0 0 38 0 329.009 41942 108-aaazg 
32600 102289 389 262.953 0.00257069 108 108 0 8 0 0 38 0 329.009 41942 108-aaazg 
32700 798890 496 1610.66 0.00201613 107 107 0 9 0 0 69 0 5043.4 52652 107-aabsp 
32800 883550 496 1781.35 0.00201613 107 107 0 9 0 0 69 0 5043.4 52652 107-aabsp 
32900 102289 389 262.953 0.00257069 108 108 0 8 0 0 38 0 329.009 41942 108-aaazg 
33000 102289 389 262.953 0.00257069 108 108 0 8 0 0 38 0 329.009 41942 108-aaazg 
33100 102289 389 262.953 0.00257069 108 108 0 8 0 0 38 0 329.009 41942 108-aaazg 
33200 1.46827e+06 474 3097.61 0.0021097 104 104 0 7 0 0 66 0 5273.39 51452 104-aaagg 
33300 1.46827e+06 474 3097.61 0.0021097 104 104 0 7 0 0 66 0 5273.39 51452 104-aaagg 
33400 1.46827e+06 474 3097.61 0.0021097 104 104 0 7 0 0 66 0 5273.39 51452 104-aaagg 
33500 1.46827e+06 474 3097.61 0.0021097 104 104 0 7 0 0 66 0 5273.39 51452 104-aaagg 
33600 1.46827e+06 474 3097.61 0.0021097 104 104 0 7 0 0 66 0 5273.39 51452 104-aaagg 
33700 1.26031e+06 502 2510.58 0.00199203 108 108 0 7 0 0 63 0 5457.62 52797 108-aabcu 
33800 1.46827e+06 474 3097.61 0.0021097 104 104 0 7 0 0 66 0 5273.39 51452 104-aaagg 
33900 2.28572e+06 482 4742.16 0.00207469 105 105 0 8 0 0 61 0 5341.48 54419 105-aaatn 
34000 1.46827e+06 474 3097.61 0.0021097 104 104 0 7 0 0 66 0 5273.39 51452 104-aaagg 
34100 1.47944e+06 481 3075.76 0.002079 105 105 0 7 0 0 69 0 5352.59 55429 105-aaasq 
34200 835669 481 1737.36 0.002079 103 103 0 8 0 0 71 0 5245.21 52680 103-aaacz 
34300 835669 481 1737.36 0.002079 103 103 0 6 0 0 71 0 5245.21 52680 103-aaacz 
34400 2.05977e+06 480 4291.19 0.00208333 104 104 0 6 0 0 68 0 5307.42 56925 104-aaahm 
34500 2.07792e+06 475 4374.58 0.00210526 104 104 0 6 0 0 65 0 5315.99 56070 104-aaaih 
34600 835669 481 1737.36 0.002079 103 103 0 6 0 0 71 0 5245.21 52680 103-aaacz 
34700 1.64514e+06 496 3316.81 0.00201613 107 107 0 7 0 0 70 0 5450.57 59267 107-aabvv 
34800 1.64514e+06 496 3316.81 0.00201613 107 107 0 7 0 0 70 0 5450.57 59267 107-aabvv 
34900 1.9077e+06 504 3785.13 0.00198413 108 108 0 8 1 0 62 0 5573.18 46088 108-aabax 
35000 2.05517e+06 504 4077.72 0.00198413 108 108 0 8 0 0 62 0 5573.18 46088 108-aabax 
35100 1.65905e+06 483 3434.9 0.00207039 104 104 0 8 0 0 69 0 5278.92 54575 104-aaait 
35200 1.65905e+06 483 3434.9 0.00207039 104 104 0 8 0 0 69 0 5278.92 54575 104-aaait 
35300 1.65905e+06 483 3434.9 0.00207039 104 104 0 7 0 0 69 0 5278.92 54575 104-aaait 
35400 1.45499e+06 483 3012.4 0.00207039 104 104 0 7 0 0 72 0 5115.79 57606 104-aaais 
35500 1.45499e+06 483 3012.4 0.00207039 104 104 0 7 0 0 72 0 5115.79 57606 104-aaais 
35600 1.45499e+06 483 3012.4 0.00207039 104 104 0 7 0 0 72 0 5115.79 57606 104-aaais 
35700 1.50627e+06 500 3012.54 0.002 108 108 0 8 0 0 63 0 5355.97 56848 108-aaben 
35800 1.50627e+06 500 3012.54 0.002 108 108 0 7 0 0 63 0 5355.97 56848 108-aaben 
35900 2.22723e+06 494 4508.56 0.00202429 107 107 0 6 0 0 67 0 5260.83 61197 107-aabyc 
36000 2.46892e+06 566 4362.05 0.00176678 107 107 0 7 0 0 66 0 4868.61 60993 107-aabyd 
36100 2.04958e+06 494 4148.96 0.00202429 107 107 0 8 0 0 67 0 5260.83 61197 107-aabyc 
36200 1.73575e+06 475 3654.21 0.00210526 104 104 0 8 0 0 65 0 5158.31 59188 104-aaajm 
36300 1.32469e+06 483 2742.63 0.00207039 104 104 0 7 0 0 72 0 5115.79 57606 104-aaais 
36400 1.50627e+06 500 3012.54 0.002 108 108 0 6 0 0 63 0 5355.97 56848 108-aaben 
36500 1.92155e+06 473 4062.46 0.00211416 104 104 0 7 0 0 67 0 5179.09 58593 104-aaakw 
36600 1.16954e+06 477 2451.86 0.00209644 104 104 0 7 0 0 65 0 5345.58 56853 104-aaahc 
36700 1.02512e+06 477 2149.1 0.00209644 104 104 0 9 0 0 65 0 5345.58 56853 104-aaahc 
36800 878962 477 1842.69 0.00209644 104 104 0 8 0 0 65 0 5345.58 56853 104-aaahc 
36900 1.29931e+06 501 2593.43 0.00199601 110 109.87 0 8 0 0 72 0 5606.81 60940 110-aaadh 
37000 1.4735e+06 501 2941.13 0.00199601 110 109.885 0 7 0 0 72 0 5606.81 60940 110-aaadh 
37100 804188 472 1703.79 0.00211864 103 103 0 7 0 0 69 0 5192.44 64515 103-aaaeo 
37200 804188 472 1703.79 0.00211864 103 103 0 7 0 0 69 0 5192.44 64515 103-aaaeo 
37300 1.40078e+06 477 2936.64 0.00209644 104 104 0 7 0 0 68 0 5291.59 61153 104-aaaln 
37400 1.40078e+06 477 2936.64 0.00209644 104 104 0 7 0 0 68 0 5291.59 61153 104-aaaln 
37500 2.09404e+06 470 4455.4 0.00212766 103 103 0 8 0 0 67 0 5317.23 63021 103-aaaex 
37600 1.61704e+06 475 3404.29 0.00210526 104 104 0 7 0 0 65 0 5158.31 59188 104-aaajm 
37700 1.59017e+06 470 3383.35 0.00212766 103 103 0 7 0 0 67 0 5317.23 63021 103-aaaex 
37800 1.44112e+06 470 3066.21 0.00212766 103 103 0 9 0 0 67 0 5317.23 63021 103-aaaex 
37900 1.44112e+06 470 3066.21 0.00212766 103 103 0 9 0 0 67 0 5317.23 63021 103-aaaex 
38000 1.44112e+06 470 3066.21 0.00212766 103 103 0 9 0 0 67 0 5317.23 63021 103-aaaex 
38100 1.44112e+06 470 3066.21 0.00212766 103 103 0 9 0 0 67 0 5317.23 63021 103-aaaex 
38200 1.44112e+06 470 3066.21 0.00212766 103 103 0 9 0 0 67 0 5317.23 63021 103-aaaex 
38300 1.44112e+06 470 3066.21 0.00212766 103 103 0 9 0 0 67 0 5317.23 63021 103-aaaex 
38400 1.44112e+06 470 3066.21 0.00212766 103 103 0 9 0 0 67 0 5317.23 63021 103-aaaex 
38500 1.44112e+06 470 3066.21 0.00212766 103 103 0 9 0 0 67 0 5317.23 63021 103-aaaex 
38600 1.44112e+06 470 3066.21 0.00212766 103 103 0 9 0 0 67 0 5317.23 63021 103-aaaex 
38700 1.44112e+06 470 3066.21 0.00212766 103 103 0 9 0 0 67 0 5317.23 63021 103-aaaex 
38800 1.44112e+06 470 3066.21 0.00212766 103 103 0 8 0 0 67 0 5317.23 63021 103-aaaex 
38900 1.44112e+06 470 3066.21 0.00212766 103 103 0 8 0 0 67 0 5317.23 63021 103-aaaex 
39000 1.44112e+06 470 3066.21 0.00212766 103 103 0 8 0 0 67 0 5317.23 63021 103-aaaex 
39100 1.44112e+06 470 3066.21 0.00212766 103 103 0 7 0 0 67 0 5317.23 63021 103-aaaex 
39200 1.44961e+06 501 2893.43 0.00199601 108 108 0 8 0 0 65 0 5449.08 63777 108-aabhl 
39300 1.1146e+06 473 2356.45 0.00211416 104 103.591 0 8 0 0 68 0 5335.3 67920 104-aaaoe 
39400 1.1146e+06 473 2356.45 0.00211416 104 103.591 0 8 0 0 68 0 5335.3 67920 104-aaaoe 
39500 1.1146e+06 473 2356.45 0.00211416 104 103.591 0 8 0 0 68 0 5335.3 67920 104-aaaoe 
39600 1.1146e+06 473 2356.45 0.00211416 104 103.591 0 8 0 0 68 0 5335.3 67920 104-aaaoe 
39700 1.1146e+06 473 2356.45 0.00211416 104 103.591 0 8 0 0 68 0 5335.3 67920 104-aaaoe 
39800 1.1146e+06 473 2356.45 0.00211416 104 103.591 0 8 0 0 68 0 5335.3 67920 104-aaaoe 
39900 1.1146e+06 473 2356.45 0.00211416 104 103.591 0 8 0 0 68 0 5335.3 67920 104-aaaoe 
40000 1.1146e+06 473 2356.45 0.00211416 104 103.591 0 8 0 0 68 0 5335.3 67920 104-aaaoe 
40100 1.44722e+06 480 3015.04 0.00208333 104 104 0 8 0 0 72 0 5252.45 69108 104-aaapm 
40200 1.44722e+06 480 3015.04 0.00208333 104 104 0 7 0 0 72 0 5252.45 69108 104-aaapm 
40300 1.13621e+06 473 2402.14 0.00211416 104 103.64 0 9 0 0 68 0 5335.3 67920 104-aaaoe 
40400 1.28486e+06 473 2716.41 0.00211416 104 103.679 0 9 0 0 68 0 5335.3 67920 104-aaaoe 
40500 1.4397e+06 473 3043.77 0.00211416 104 103.719 0 7 0 0 68 0 5335.3 67920 104-aaaoe 
40600 1.44112e+06 470 3066.21 0.00212766 103 103 0 7 0 0 67 0 5317.23 63021 103-aaaex 
40700 1.44112e+06 470 3066.21 0.00212766 103 103 0 7 0 0 67 0 5317.23 63021 103-aaaex 
40800 1.58586e+06 494 3210.25 0.00202429 107 107 0 7 0 0 70 0 5150.72 67338 107-aacak 
40900 1.5726e+06 494 3183.39 0.00202429 107 107 0 8 0 0 70 0 5150.72 67338 107-aacak 
41000 1.6315e+06 494 3302.62 0.00202429 107 107 0 8 0 0 70 0 5150.72 67338 107-aacak 
41100 1.59473e+06 494 3228.21 0.00202429 107 107 0 8 0 0 70 0 5150.72 67338 107-aacak 
41200 1.47338e+06 494 2982.55 0.00202429 107 107 0 9 0 0 70 0 5150.72 67338 107-aacak 
41300 1.47338e+06 494 2982.55 0.00202429 107 107 0 9 0 0 70 0 5150.72 67338 107-aacak 
41400 1.47099e+06 494 2977.72 0.00202429 107 107 0 7 0 0 70 0 5150.72 67338 107-aacak 
41500 1.44112e+06 470 3066.21 0.00212766 103 103 0 7 0 0 67 0 5317.23 63021 103-aaaex 
41600 1.96651e+06 492 3996.97 0.00203252 106 106 0 7 0 0 76 0 5390.72 72587 106-aacdq 
41700 1.50989e+06 480 3145.61 0.00208333 104 104.029 0 7 0 0 71 0 5417.4 69634 104-aaaqe 
41800 1.3771e+06 501 2748.71 0.00199601 108 108 0 7 0 0 65 0 5449.08 63777 108-aabhl 
41900 1.59481e+06 480 3322.52 0.00208333 104 104.023 0 8 0 0 71 0 5417.4 69634 104-aaaqe 
42000 1.71188e+06 480 3566.41 0.00208333 104 104.02 0 7 0 0 71 0 5417.4 69634 104-aaaqe 
42100 1.58202e+06 474 3337.6 0.0021097 104 104 0 7 0 0 68 0 5053.39 76194 104-aaarw 
42200 1.33983e+06 609 2200.05 0.00164204 108 107.808 0 8 0 0 64 0 4611.65 65901 108-aabim 
42300 1.33983e+06 609 2200.05 0.00164204 108 107.808 0 8 0 0 64 0 4611.65 65901 108-aabim 
42400 1.33983e+06 609 2200.05 0.00164204 108 107.808 0 8 0 0 64 0 4611.65 65901 108-aabim 
42500 1.58356e+06 474 3340.84 0.0021097 104 104 0 8 0 0 68 0 5053.39 76194 104-aaarw 
42600 1.54663e+06 474 3262.93 0.0021097 104 104 0 8 0 0 68 0 5053.39 76194 104-aaarw 
42700 1.36437e+06 477 2860.31 0.00209644 105 104.5 0 7 0 0 68 0 5347.17 78414 105-aabgo 
42800 895114 482 1857.08 0.00207469 104 104.111 0 7 0 0 79 0 5298.86 72241 104-aaarx 
42900 1.38153e+06 477 2896.28 0.00209644 105 104.588 0 9 0 0 68 0 5347.17 78414 105-aabgo 
43000 1.4603e+06 477 3061.42 0.00209644 105 104.632 0 10 0 0 68 0 5347.17 78414 105-aabgo 
43100 1.57782e+06 477 3307.79 0.00209644 105 104.696 0 10 0 0 68 0 5347.17 78414 105-aabgo 
43200 1.32505e+06 477 2777.88 0.00209644 105 104.759 0 10 0 0 68 0 5347.17 78414 105-aabgo 
43300 1.25162e+06 477 2623.95 0.00209644 105 104.774 0 10 0 0 68 0 5347.17 78414 105-aabgo 
43400 1.25162e+06 477 2623.95 0.00209644 105 104.774 0 10 0 0 68 0 5347.17 78414 105-aabgo 
43500 1.25162e+06 477 2623.95 0.00209644 105 104.774 0 10 0 0 68 0 5347.17 78414 105-aabgo 
43600 1.25162e+06 477 2623.95 0.00209644 105 104.774 0 9 0 0 68 0 5347.17 78414 105-aabgo 
43700 1.25162e+06 477 2623.95 0.00209644 105 104.774 0 9 0 0 68 0 5347.17 78414 105-aabgo 
43800 1.25162e+06 477 2623.95 0.00209644 105 104.774 0 9 0 0 68 0 5347.17 78414 105-aabgo 
43900 1.25162e+06 477 2623.95 0.00209644 105 104.774 0 9 0 0 68 0 5347.17 78414 105-aabgo 
44000 1.25162e+06 477 2623.95 0.00209644 105 104.774 0 9 0 0 68 0 5347.17 78414 105-aabgo 
44100 1.41933e+06 614 2311.62 0.00162866 108 108 0 9 0 0 74 0 4662.38 77381 108-aabmy 
44200 1.38355e+06 614 2253.34 0.00162866 108 108 0 9 0 0 74 0 4662.38 77381 108-aabmy 
44300 1.44704e+06 492 2941.14 0.00203252 106 106 0 9 0 0 73 0 5415.1 78963 106-aacij 
44400 1.44704e+06 492 2941.14 0.00203252 106 106 0 9 0 0 73 0 5415.1 78963 106-aacij 
44500 1.44704e+06 492 2941.14 0.00203252 106 106 0 9 0 0 73 0 5415.1 78963 106-aacij 
44600 1.44704e+06 492 2941.14 0.00203252 106 106 0 9 0 0 73 0 5415.1 78963 106-aacij 
44700 1.44704e+06 492 2941.14 0.00203252 106 106 0 9 0 0 73 0 5415.1 78963 106-aacij 
44800 1.44704e+06 492 2941.14 0.00203252 106 106 0 9 0 0 73 0 5415.1 78963 106-aacij 
44900 857604 474 1809.29 0.0021097 104 104 0 9 0 0 67 0 5273.13 62776 104-aaamz 
45000 857604 474 1809.29 0.0021097 104 104 0 8 0 0 67 0 5273.13 62776 104-aaamz 
45100 996016 474 2101.3 0.0021097 104 104 0 9 0 0 67 0 5273.13 62776 104-aaamz 
45200 1.46711e+06 614 2389.44 0.00162866 108 108 0 9 0 0 74 0 4662.38 77381 108-aabmy 
45300 940687 474 1984.57 0.0021097 104 104 0 9 0 0 67 0 5273.13 62776 104-aaamz 
45400 940687 474 1984.57 0.0021097 104 104 0 9 0 0 67 0 5273.13 62776 104-aaamz 
45500 1.46355e+06 614 2383.63 0.00162866 108 108 0 9 0 0 74 0 4662.38 77381 108-aabmy 
45600 1.49562e+06 614 2435.87 0.00162866 108 108 0 8 0 0 74 0 4662.38 77381 108-aabmy 
45700 1.42394e+06 508 2803.04 0.0019685 109 109 0 8 0 0 68 0 5579.71 77315 109-aaaog 
45800 1.40066e+06 508 2757.2 0.0019685 109 109 0 8 0 0 68 0 5579.71 77315 109-aaaog 
45900 996867 474 2103.09 0.0021097 104 104 0 9 0 0 67 0 5273.13 62776 104-aaamz 
46000 1.06676e+06 474 2250.54 0.0021097 104 104 0 9 0 0 67 0 5273.13 62776 104-aaamz 
46100 1.0938e+06 474 2307.6 0.0021097 104 104 0 9 0 0 67 0 5273.13 62776 104-aaamz 
46200 1.17644e+06 477 2466.32 0.00209644 105 104.848 0 9 0 0 68 0 5347.17 78414 105-aabgo 
46300 1.17644e+06 477 2466.32 0.00209644 105 104.848 0 8 0 0 68 0 5347.17 78414 105-aabgo 
46400 1.19672e+06 477 2508.85 0.00209644 105 104.851 0 8 0 0 68 0 5347.17 78414 105-aabgo 
46500 1.02894e+06 474 2170.76 0.0021097 104 104 0 7 0 0 67 0 5273.13 62776 104-aaamz 
46600 1.02894e+06 474 2170.76 0.0021097 104 104 0 7 0 0 67 0 5273.13 62776 104-aaamz 
46700 1.04956e+06 571 1838.11 0.00175131 104 104.348 0 7 0 0 71 0 3697.91 79062 104-aaawv 
46800 1.46752e+06 508 2888.81 0.0019685 109 109 0 7 0 0 68 0 5579.71 77315 109-aaaog 
46900 1.42494e+06 499 2855.6 0.00200401 108 107.962 0 7 0 0 71 0 5200.09 75256 108-aabma 
47000 1.50851e+06 499 3023.06 0.00200401 108 107.964 0 7 0 0 71 0 5200.09 75256 108-aabma 
47100 1.76802e+06 468 3777.81 0.00213675 101 101 0 7 0 0 79 0 5077.53 87956 101-aaadg 
47200 1.31833e+06 468 2816.94 0.00213675 101 101 0 7 0 0 79 0 5077.53 87956 101-aaadg 
47300 1.16473e+06 468 2488.74 0.00213675 101 101 0 8 0 0 79 0 5077.53 87956 101-aaadg 
47400 1.16896e+06 468 2497.77 0.00213675 101 101 0 7 0 0 79 0 5077.53 87956 101-aaadg 
47500 1.18286e+06 477 2479.79 0.00209644 105 104.789 0 8 1 1 74 0 5118.85 84289 105-aabjy 
47600 1.20747e+06 477 2531.37 0.00209644 105 104.795 0 7 0 0 74 0 5118.85 84289 105-aabjy 
47700 1.20526e+06 571 2110.79 0.00175131 106 106 0 10 1 0 74 0 4864.45 83286 106-aackg 
47800 1.20526e+06 571 2110.79 0.00175131 106 106 0 9 0 0 74 0 4864.45 83286 106-aackg 
47900 1.20526e+06 571 2110.79 0.00175131 106 106 0 9 0 0 74 0 4864.45 83286 106-aackg 
48000 1.20526e+06 571 2110.79 0.00175131 106 106 0 9 0 0 74 0 4864.45 83286 106-aackg 
48100 1.20526e+06 571 2110.79 0.00175131 106 106 0 9 0 0 74 0 4864.45 83286 106-aackg 
48200 1.20526e+06 571 2110.79 0.00175131 106 106 0 9 0 0 74 0 4864.45 83286 106-aackg 
48300 1.20526e+06 571 2110.79 0.00175131 106 106 0 8 0 0 74 0 4864.45 83286 106-aackg 
48400 1.20526e+06 571 2110.79 0.00175131 106 106 0 7 0 0 74 0 4864.45 83286 106-aackg 
48500 1.20526e+06 571 2110.79 0.00175131 106 106 0 7 0 0 74 0 4864.45 83286 106-aackg 
48600 1.20526e+06 571 2110.79 0.00175131 106 106 0 7 0 0 74 0 4864.45 83286 106-aackg 
48700 1.20526e+06 571 2110.79 0.00175131 106 106 0 7 0 0 74 0 4864.45 83286 106-aackg 
48800 1.20526e+06 571 2110.79 0.00175131 106 106 0 7 0 0 74 0 4864.45 83286 106-aackg 
48900 1.1949e+06 474 2520.89 0.0021097 104 104 0 8 0 0 78 0 5222.48 90499 104-aaazq 
49000 1.1949e+06 474 2520.89 0.0021097 104 104 0 8 0 0 78 0 5222.48 90499 104-aaazq 
49100 1.23289e+06 474 2601.04 0.0021097 104 104 0 7 0 0 78 0 5222.48 90499 104-aaazq 
49200 1.2467e+06 474 2630.16 0.0021097 104 104 0 7 0 0 78 0 5222.48 90499 104-aaazq 
49300 1.29178e+06 481 2685.62 0.002079 105 105 0 7 0 0 79 0 5248.35 83402 105-aabln 
49400 1.56884e+06 1164 1347.8 0.000859107 152 152 0 7 0 0 80 0 4088.16 91425 152-aaaab 
49500 1.56884e+06 1164 1347.8 0.000859107 152 152 0 7 0 0 80 0 4088.16 91425 152-aaaab 
49600 1.56884e+06 1164 1347.8 0.000859107 152 152 0 7 0 0 80 0 4088.16 91425 152-aaaab 
49700 1.04608e+06 572 1828.81 0.00174825 106 106 0 7 0 0 77 0 4728.82 93140 106-aacpo 
49800 1.1222e+06 476 2357.57 0.00210084 103 103 0 7 0 0 78 0 3914.71 94023 103-aaaln 
49900 1.16414e+06 476 2445.67 0.00210084 103 103 0 7 0 0 78 0 3914.71 94023 103-aaaln 
50000 1.29851e+06 475 2733.7 0.00210526 102 102 0 8 0 0 75 0 4754.2 89959 102-aaaei 
